id,trip_id,route_id,direction_id,latitude,longitude,current_stop_sequence,current_status,timestamp,stop_id,vehicle_id,license_plate,geometry
4648_750,6289_20250901_106_0_4,106_0,1,38.707298278808594,-9.225680351257324,4,IN_TRANSIT_TO,2025-09-14 06:48:38,18404,4648,98-JO-47,POINT (-9.225680351257324 38.707298278808594)
2253_768,7323_20250901_111_2_3,111_2,0,38.75191879272461,-9.179929733276367,11,IN_TRANSIT_TO,2025-09-14 06:48:19,10710,2253,80-52-ZE,POINT (-9.179929733276367 38.75191879272461)
4607_750,6351_20250901_106_0_3,106_0,0,38.758331298828125,-9.111379623413086,6,IN_TRANSIT_TO,2025-09-14 06:48:30,2302,4607,96-GL-84,POINT (-9.111379623413086 38.758331298828125)
2440_778,18987_20250901_179_0_3,179_0,0,38.752830505371094,-9.189299583435059,23,IN_TRANSIT_TO,2025-09-14 06:48:40,50403,2440,29-AX-08,POINT (-9.189299583435059 38.752830505371094)
2448_778,18984_20250901_179_0_4,179_0,1,38.76057052612305,-9.1670503616333,21,IN_TRANSIT_TO,2025-09-14 06:48:43,50006,2448,44-BC-34,POINT (-9.1670503616333 38.76057052612305)
2250_731,19403_20240727_190_0_8,190_0,1,38.78303146362305,-9.114009857177734,3,IN_TRANSIT_TO,2024-08-10 10:41:27,12610,2250,80-41-ZE,POINT (-9.114009857177734 38.78303146362305)
612_15E,11282_20250901_76_0_4,76_0,1,38.70109939575195,-9.181719779968262,12,IN_TRANSIT_TO,2025-09-14 06:48:24,9503,612,,POINT (-9.181719779968262 38.70109939575195)
2256_768,7325_20250901_111_2_4,111_2,1,38.761199951171875,-9.196649551391602,18,IN_TRANSIT_TO,2025-09-14 06:48:36,13907,2256,80-53-ZE,POINT (-9.196649551391602 38.761199951171875)
2494_720,4063_20250901_143_0_5,143_0,0,38.738319396972656,-9.124719619750977,2,IN_TRANSIT_TO,2025-09-14 06:48:15,8903,2494,88-BL-68,POINT (-9.124719619750977 38.738319396972656)
2346_731,4991_20250901_190_0_4,190_0,1,38.756019592285156,-9.14799976348877,24,IN_TRANSIT_TO,2025-09-14 06:48:36,11321,2346,62-93-ZG,POINT (-9.14799976348877 38.756019592285156)
6033_760,51293_20250901_171_0_9,171_0,0,38.714698791503906,-9.137619972229004,8,IN_TRANSIT_TO,2025-09-14 06:48:16,815,6033,BF-92-AZ,POINT (-9.137619972229004 38.714698791503906)
4616_750,6267_20250901_106_0_4,106_0,1,38.744850158691406,-9.19972038269043,13,IN_TRANSIT_TO,2025-09-14 06:48:18,2812,4616,22-GP-50,POINT (-9.19972038269043 38.744850158691406)
4641_750,6334_20250901_106_0_3,106_0,0,38.749549865722656,-9.189180374145508,21,IN_TRANSIT_TO,2025-09-14 06:48:30,10816,4641,90-JI-98,POINT (-9.189180374145508 38.749549865722656)
4626_736,5344_20250901_199_0_5,199_0,0,38.79018020629883,-9.175769805908203,28,IN_TRANSIT_TO,2025-09-14 06:47:49,50083,4626,90-JI-93,POINT (-9.175769805908203 38.79018020629883)
4629_736,5397_20250901_199_0_2,199_0,1,38.737571716308594,-9.14585018157959,22,IN_TRANSIT_TO,2025-09-14 06:48:33,1814,4629,11-JM-77,POINT (-9.14585018157959 38.737571716308594)
2973_52B,35056_20250901_244_0_2,244_0,0,38.738548278808594,-9.154720306396484,10,IN_TRANSIT_TO,2025-09-14 06:48:29,1513,2973,30-VM-13,POINT (-9.154720306396484 38.738548278808594)
4818_751,6474_20250901_109_0_4,109_0,0,38.6976318359375,-9.204319953918457,16,IN_TRANSIT_TO,2025-09-14 06:48:39,9604,4818,42-VT-57,POINT (-9.204319953918457 38.6976318359375)
4627_736,5364_20250901_199_0_5,199_0,0,38.74972152709961,-9.148329734802246,11,IN_TRANSIT_TO,2025-09-14 06:48:20,2011,4627,11-JM-76,POINT (-9.148329734802246 38.74972152709961)
2694_714,3655_20250901_102_0_2,102_0,1,38.709449768066406,-9.215470314025879,14,IN_TRANSIT_TO,2025-09-14 06:48:30,12407,2694,90-XF-49,POINT (-9.215470314025879 38.709449768066406)
2695_764,7137_20250901_168_2_5,168_2,0,38.746131896972656,-9.217300415039062,14,IN_TRANSIT_TO,2025-09-14 06:48:19,3014,2695,90-XF-50,POINT (-9.217300415039062 38.746131896972656)
2683_746,5963_20250901_108_0_4,108_0,1,38.73727035522461,-9.15647029876709,19,IN_TRANSIT_TO,2025-09-14 06:48:37,1506,2683,99-XE-55,POINT (-9.15647029876709 38.73727035522461)
2946_29B,17526_20250901_209_0_2,209_0,0,38.7690315246582,-9.118149757385254,25,IN_TRANSIT_TO,2025-09-14 06:48:20,7704,2946,75-GO-15,POINT (-9.118149757385254 38.7690315246582)
2678_727,4494_20250901_103_2_2,103_2,1,38.732669830322266,-9.145500183105469,39,IN_TRANSIT_TO,2025-09-14 06:48:16,1713,2678,93-XA-39,POINT (-9.145500183105469 38.732669830322266)
2676_723,4142_20250901_121_0_4,121_0,1,38.69873046875,-9.226719856262207,0,IN_TRANSIT_TO,2025-09-14 06:48:27,,2676,87-XB-40,POINT (-9.226719856262207 38.69873046875)
2957_40B,19270_20250901_212_0_2,212_0,1,38.77198028564453,-9.160679817199707,1,IN_TRANSIT_TO,2025-09-14 06:48:24,50155,2957,27-GU-72,POINT (-9.160679817199707 38.77198028564453)
6001_706,3204_20250901_147_0_2,147_0,1,38.727569580078125,-9.139730453491211,17,IN_TRANSIT_TO,2025-09-14 06:41:02,613,6001,99-XU-70,POINT (-9.139730453491211 38.727569580078125)
2675_711,3468_20250901_101_0_4,101_0,1,38.74348068237305,-9.217470169067383,0,IN_TRANSIT_TO,2025-09-14 06:48:36,,2675,87-XB-35,POINT (-9.217470169067383 38.74348068237305)
6031_732,5087_20250901_107_0_5,107_0,1,38.73912811279297,-9.146100044250488,39,IN_TRANSIT_TO,2025-09-04 14:22:08,1809,6031,BF-87-AX,POINT (-9.146100044250488 38.73912811279297)
604_15E,11204_20250901_76_0_5,76_0,0,38.702728271484375,-9.18008041381836,10,IN_TRANSIT_TO,2025-09-14 06:48:16,12116,604,,POINT (-9.18008041381836 38.702728271484375)
6049_732,5089_20250901_107_0_7,107_0,1,38.70642852783203,-9.154569625854492,26,IN_TRANSIT_TO,2025-09-12 17:10:25,3901,6049,BH-47-IR,POINT (-9.154569625854492 38.70642852783203)
6050_760,7070_20250901_171_0_7,171_0,0,38.70759963989258,-9.196220397949219,28,IN_TRANSIT_TO,2025-09-14 06:48:33,10304,6050,BH-62-IR,POINT (-9.196220397949219 38.70759963989258)
2347_747,6094_20250901_177_0_2,177_0,1,38.76688003540039,-9.1628999710083,18,IN_TRANSIT_TO,2025-09-14 06:48:23,5818,2347,53-61-ZJ,POINT (-9.1628999710083 38.76688003540039)
2479_747,6078_20250901_177_0_3,177_0,0,38.76845169067383,-9.196200370788574,19,IN_TRANSIT_TO,2025-09-14 06:48:39,14111,2479,91-BE-74,POINT (-9.196200370788574 38.76845169067383)
2414_767,7200_20250901_112_0_2,112_0,1,38.756500244140625,-9.146129608154297,30,IN_TRANSIT_TO,2025-09-14 06:48:42,5706,2414,92-AO-51,POINT (-9.146129608154297 38.756500244140625)
2844_751,6452_20250901_109_0_4,109_0,0,38.71590042114258,-9.235349655151367,32,IN_TRANSIT_TO,2025-09-14 06:48:37,50059,2844,BF-73-FZ,POINT (-9.235349655151367 38.71590042114258)
2288_724,4188_20250901_178_0_2,178_0,1,38.757301330566406,-9.205479621887207,3,IN_TRANSIT_TO,2025-09-14 06:48:41,13710,2288,92-59-ZM,POINT (-9.205479621887207 38.757301330566406)
2755_711,3471_20250901_101_0_2,101_0,0,38.72507858276367,-9.154529571533203,7,IN_TRANSIT_TO,2025-09-14 06:48:38,1209,2755,AG-95-TG,POINT (-9.154529571533203 38.72507858276367)
2979_72B,45261_20250901_279_0_3,279_0,0,38.754669189453125,-9.196100234985352,3,IN_TRANSIT_TO,2025-09-14 06:48:43,10916,2979,30-VM-17,POINT (-9.196100234985352 38.754669189453125)
2717_746,5955_20250901_108_0_5,108_0,0,38.7413215637207,-9.168219566345215,9,IN_TRANSIT_TO,2025-09-14 06:48:36,50472,2717,92-XQ-16,POINT (-9.168219566345215 38.7413215637207)
4811_751,6441_20250901_109_0_6,109_0,1,38.700801849365234,-9.206649780273438,16,IN_TRANSIT_TO,2025-09-14 06:48:28,9613,4811,34-VR-20,POINT (-9.206649780273438 38.700801849365234)
6034_732,5049_20250901_107_2_2,107_2,1,38.70362091064453,-9.163200378417969,24,IN_TRANSIT_TO,2025-09-14 06:48:16,10201,6034,BF-61-AX,POINT (-9.163200378417969 38.70362091064453)
2783_709,3386_20250901_148_0_3,148_0,1,38.71548080444336,-9.164170265197754,3,IN_TRANSIT_TO,2025-09-14 06:48:37,8001,2783,AI-10-BT,POINT (-9.164170265197754 38.71548080444336)
2978_71B,45252_20250901_278_0_2,278_0,0,38.748779296875,-9.200770378112793,4,IN_TRANSIT_TO,2025-09-14 06:48:40,10908,2978,29-VM-92,POINT (-9.200770378112793 38.748779296875)
2495_735,5184_20250901_172_0_3,172_0,0,38.73212814331055,-9.128419876098633,17,IN_TRANSIT_TO,2025-09-14 06:48:21,7011,2495,88-BL-69,POINT (-9.128419876098633 38.73212814331055)
2345_758,6772_20250901_150_0_5,150_0,0,38.70637893676758,-9.143269538879395,0,IN_TRANSIT_TO,2025-09-14 06:48:21,,2345,53-59-ZJ,POINT (-9.143269538879395 38.70637893676758)
4827_736,5301_20250801_199_0_6,199_0,1,38.726280212402344,-9.1496000289917,26,IN_TRANSIT_TO,2025-08-28 08:45:10,1206,4827,34-VR-15,POINT (-9.1496000289917 38.726280212402344)
2637_759,6913_20250901_144_0_3,144_0,1,38.773101806640625,-9.118470191955566,11,IN_TRANSIT_TO,2025-09-14 06:48:32,12206,2637,87-VS-51,POINT (-9.118470191955566 38.773101806640625)
2633_783,7827_20250901_203_2_3,203_2,0,38.74958038330078,-9.14822006225586,9,IN_TRANSIT_TO,2025-09-14 06:48:14,2011,2633,52-VP-79,POINT (-9.14822006225586 38.74958038330078)
2648_708,3285_20250901_100_0_3,100_0,0,38.758880615234375,-9.129850387573242,15,IN_TRANSIT_TO,2025-09-14 06:48:33,7507,2648,75-VS-46,POINT (-9.129850387573242 38.758880615234375)
2716_712,3537_20250901_189_2_5,189_2,0,38.72386932373047,-9.132200241088867,9,IN_TRANSIT_TO,2025-09-14 06:48:43,9125,2716,92-XQ-27,POINT (-9.132200241088867 38.72386932373047)
2991_770,19346_20250901_191_3_3,191_3,0,38.74208068847656,-9.168330192565918,0,IN_TRANSIT_TO,2025-09-14 06:48:18,,2991,29-VM-89,POINT (-9.168330192565918 38.74208068847656)
4820_728,4614_20250901_204_0_3,204_0,0,38.70050048828125,-9.206250190734863,8,IN_TRANSIT_TO,2025-09-14 06:47:59,9605,4820,20-VQ-62,POINT (-9.206250190734863 38.70050048828125)
283_734,5138_20250801_205_0_6,205_0,0,38.71443176269531,-9.123080253601074,16,IN_TRANSIT_TO,2025-08-07 08:52:19,2110,283,AI-49-OJ,POINT (-9.123080253601074 38.71443176269531)
2647_755,6636_20250901_118_0_4,118_0,0,38.756778717041016,-9.113080024719238,15,IN_TRANSIT_TO,2025-09-14 06:48:16,24370,2647,75-VS-45,POINT (-9.113080024719238 38.756778717041016)
2642_759,6935_20250901_144_0_3,144_0,0,38.768951416015625,-9.117879867553711,34,IN_TRANSIT_TO,2025-09-14 06:48:22,7703,2642,75-VS-51,POINT (-9.117879867553711 38.768951416015625)
573_28E,14974_20250901_75_0_2,75_0,0,38.71549987792969,-9.163680076599121,31,IN_TRANSIT_TO,2025-09-14 06:48:11,8108,573,,POINT (-9.163680076599121 38.71549987792969)
2632_759,6938_20250901_144_0_3,144_0,0,38.7087516784668,-9.134480476379395,4,IN_TRANSIT_TO,2025-09-14 06:48:22,5501,2632,52-VP-88,POINT (-9.134480476379395 38.7087516784668)
548_28E,15040_20250901_75_0_2,75_0,0,38.715450286865234,-9.136019706726074,0,IN_TRANSIT_TO,2025-09-14 06:48:34,,548,,POINT (-9.136019706726074 38.715450286865234)
2646_759,6902_20250901_144_0_3,144_0,1,38.720298767089844,-9.117130279541016,39,IN_TRANSIT_TO,2025-09-14 06:47:43,9814,2646,75-VS-48,POINT (-9.117130279541016 38.720298767089844)
2993_774,7452_20250901_192_1_3,192_1,1,38.7081298828125,-9.13700008392334,34,IN_TRANSIT_TO,2025-09-14 06:48:27,3824,2993,29-VM-93,POINT (-9.13700008392334 38.7081298828125)
2640_783,7807_20250901_203_2_3,203_2,0,38.77415084838867,-9.116920471191406,22,IN_TRANSIT_TO,2025-09-14 06:48:12,12208,2640,75-VS-43,POINT (-9.116920471191406 38.77415084838867)
2654_738,5527_20250901_117_0_3,117_0,0,38.737449645996094,-9.145950317382812,17,IN_TRANSIT_TO,2025-09-14 06:48:16,1810,2654,05-VZ-69,POINT (-9.145950317382812 38.737449645996094)
2707_709,3396_20250901_148_0_2,148_0,0,38.72467041015625,-9.1496000289917,4,IN_TRANSIT_TO,2025-09-14 06:48:36,1103,2707,92-XQ-39,POINT (-9.1496000289917 38.72467041015625)
574_28E,14910_20250901_75_0_3,75_0,1,38.708099365234375,-9.140069961547852,17,IN_TRANSIT_TO,2025-09-14 06:41:48,10521,574,,POINT (-9.140069961547852 38.708099365234375)
582_28E,15014_20250901_75_0_2,75_0,0,38.7110481262207,-9.130629539489746,14,IN_TRANSIT_TO,2025-09-14 06:47:52,13816,582,,POINT (-9.130629539489746 38.7110481262207)
2626_708,3326_20250901_100_0_2,100_0,1,38.79262924194336,-9.099080085754395,4,IN_TRANSIT_TO,2025-09-14 06:48:42,13573,2626,52-VP-86,POINT (-9.099080085754395 38.79262924194336)
2829_728,4674_20250901_204_0_2,204_0,1,38.7377815246582,-9.103179931640625,21,IN_TRANSIT_TO,2025-09-14 06:48:39,12510,2829,BF-58-FZ,POINT (-9.103179931640625 38.7377815246582)
2982_730,4941_20250901_198_0_3,198_0,1,38.72697830200195,-9.12833023071289,13,IN_TRANSIT_TO,2025-09-14 06:48:30,9102,2982,30-VM-23,POINT (-9.12833023071289 38.72697830200195)
2990_774,7432_20250901_192_1_3,192_1,0,38.72023010253906,-9.153969764709473,27,IN_TRANSIT_TO,2025-09-14 06:48:28,6811,2990,30-VM-06,POINT (-9.153969764709473 38.72023010253906)
2976_702,3032_20250901_146_0_5,146_0,0,38.727569580078125,-9.169879913330078,7,IN_TRANSIT_TO,2025-09-14 06:48:14,6111,2976,30-VM-00,POINT (-9.169879913330078 38.727569580078125)
2702_714,3677_20250901_102_0_3,102_0,0,38.71175003051758,-9.214329719543457,26,IN_TRANSIT_TO,2025-09-14 06:48:26,12404,2702,92-XQ-21,POINT (-9.214329719543457 38.71175003051758)
2663_714,3697_20240914_102_0_16,102_0,1,38.72127151489258,-9.221500396728516,4,IN_TRANSIT_TO,2024-10-22 20:26:58,18703,2663,05-VZ-62,POINT (-9.221500396728516 38.72127151489258)
2659_727,4491_20250901_103_2_3,103_2,0,38.709381103515625,-9.153200149536133,16,IN_TRANSIT_TO,2025-09-14 06:48:27,7104,2659,05-VZ-57,POINT (-9.153200149536133 38.709381103515625)
2685_746,5980_20250901_108_0_4,108_0,1,38.7493782043457,-9.21288013458252,1,IN_TRANSIT_TO,2025-09-14 06:48:32,3005,2685,93-XA-46,POINT (-9.21288013458252 38.7493782043457)
505_15E,11240_20250901_76_0_4,76_0,1,38.70623016357422,-9.155719757080078,17,IN_TRANSIT_TO,2025-09-14 06:48:23,3905,505,,POINT (-9.155719757080078 38.70623016357422)
2963_45B,45282_20250901_277_0_3,277_0,1,38.76110076904297,-9.166729927062988,12,IN_TRANSIT_TO,2025-09-14 06:48:31,50006,2963,29-VM-88,POINT (-9.166729927062988 38.76110076904297)
404_22B,35065_20250901_236_0_3,236_0,0,38.706050872802734,-9.143930435180664,16,IN_TRANSIT_TO,2025-09-14 06:48:43,3804,404,BF-14-TQ,POINT (-9.143930435180664 38.706050872802734)
265_776,7478_20250901_193_2_8,193_2,0,38.70199966430664,-9.251420021057129,7,IN_TRANSIT_TO,2025-09-14 06:42:24,4304,265,AG-40-OV,POINT (-9.251420021057129 38.70199966430664)
6003_706,3246_20250901_147_0_2,147_0,0,38.72687911987305,-9.123279571533203,25,IN_TRANSIT_TO,2025-09-14 06:48:13,11706,6003,82-ZC-02,POINT (-9.123279571533203 38.72687911987305)
277_76B,35091_20250901_219_0_3,219_0,0,38.709129333496094,-9.196479797363281,10,IN_TRANSIT_TO,2025-09-14 06:48:35,10303,277,AH-13-TB,POINT (-9.196479797363281 38.709129333496094)
2630_722,41542_20250901_196_0_2,196_0,1,38.75904846191406,-9.130049705505371,17,IN_TRANSIT_TO,2025-09-14 06:48:21,7514,2630,52-VP-89,POINT (-9.130049705505371 38.75904846191406)
2665_711,3450_20250901_101_0_2,101_0,1,38.723968505859375,-9.179630279541016,25,IN_TRANSIT_TO,2025-09-14 06:48:28,50324,2665,87-XB-33,POINT (-9.179630279541016 38.723968505859375)
2645_708,3282_20250901_100_0_3,100_0,0,38.79032897949219,-9.099550247192383,37,IN_TRANSIT_TO,2025-09-14 06:48:17,50340,2645,87-VS-49,POINT (-9.099550247192383 38.79032897949219)
262_67B,35062_20250901_253_0_2,253_0,0,38.7088508605957,-9.151029586791992,20,IN_TRANSIT_TO,2025-09-14 06:48:16,3922,262,AF-49-ZD,POINT (-9.151029586791992 38.7088508605957)
2627_755,17668_20250901_118_0_2,118_0,0,38.750118255615234,-9.164850234985352,38,IN_TRANSIT_TO,2025-09-14 06:48:37,13508,2627,52-VP-83,POINT (-9.164850234985352 38.750118255615234)
4635_796,8115_20250901_174_0_3,174_0,0,38.77067184448242,-9.159919738769531,4,IN_TRANSIT_TO,2025-09-14 06:48:43,5903,4635,90-JI-95,POINT (-9.159919738769531 38.77067184448242)
2966_730,4957_20250901_198_0_2,198_0,0,38.72637939453125,-9.134679794311523,18,IN_TRANSIT_TO,2025-09-14 06:48:27,603,2966,30-VM-20,POINT (-9.134679794311523 38.72637939453125)
2631_744,5822_20250901_200_0_3,200_0,0,38.725830078125,-9.14957046508789,2,IN_TRANSIT_TO,2025-09-14 06:48:16,1103,2631,52-VP-80,POINT (-9.14957046508789 38.725830078125)
2722_764,7144_20250901_168_2_4,168_2,1,38.7451286315918,-9.202719688415527,14,IN_TRANSIT_TO,2025-09-14 06:48:26,8813,2722,92-XQ-36,POINT (-9.202719688415527 38.7451286315918)
4632_736,18823_20250901_199_0_4,199_0,1,38.77088165283203,-9.160149574279785,10,IN_TRANSIT_TO,2025-09-14 06:48:31,5906,4632,98-JO-43,POINT (-9.160149574279785 38.77088165283203)
2972_79B,35098_20250901_221_0_2,221_0,0,38.69874954223633,-9.227219581604004,34,IN_TRANSIT_TO,2025-09-14 06:48:44,4208,2972,29-VM-96,POINT (-9.227219581604004 38.69874954223633)
6044_760,7025_20250901_171_0_3,171_0,1,38.70808029174805,-9.137450218200684,31,IN_TRANSIT_TO,2025-09-14 06:48:34,3824,6044,BG-87-LX,POINT (-9.137450218200684 38.70808029174805)
2994_774,7459_20250901_192_1_4,192_1,1,38.720970153808594,-9.161370277404785,10,IN_TRANSIT_TO,2025-09-14 06:48:38,8519,2994,29-VM-91,POINT (-9.161370277404785 38.720970153808594)
2760_714,3633_20250901_102_0_3,102_0,0,38.706321716308594,-9.14723014831543,2,IN_TRANSIT_TO,2025-09-14 06:48:19,3802,2760,AH-35-ND,POINT (-9.14723014831543 38.706321716308594)
2496_735,5208_20250901_172_0_4,172_0,1,38.7288818359375,-9.128100395202637,17,IN_TRANSIT_TO,2025-09-14 06:48:18,7004,2496,88-BL-70,POINT (-9.128100395202637 38.7288818359375)
2814_725,4243_20250901_197_2_3,197_2,0,38.78355026245117,-9.124480247497559,11,IN_TRANSIT_TO,2025-09-14 06:48:24,12601,2814,90-II-54,POINT (-9.124480247497559 38.78355026245117)
2819_755,6680_20250901_118_0_3,118_0,1,38.751380920410156,-9.158769607543945,5,IN_TRANSIT_TO,2025-09-14 06:48:18,13509,2819,90-II-59,POINT (-9.158769607543945 38.751380920410156)
2813_793,7977_20250901_145_0_3,145_0,1,38.74774932861328,-9.110969543457031,13,IN_TRANSIT_TO,2025-09-14 06:48:39,3714,2813,90-II-53,POINT (-9.110969543457031 38.74774932861328)
2971_45B,45283_20250901_277_0_3,277_0,0,38.766578674316406,-9.158080101013184,9,IN_TRANSIT_TO,2025-09-14 06:48:34,5916,2971,29-VM-98,POINT (-9.158080101013184 38.766578674316406)
4636_796,8129_20250901_174_0_4,174_0,1,38.79051971435547,-9.150830268859863,2,IN_TRANSIT_TO,2025-09-14 06:48:31,11601,4636,90-JI-97,POINT (-9.150830268859863 38.79051971435547)
2807_793,7987_20250901_145_0_3,145_0,0,38.74802017211914,-9.118570327758789,21,IN_TRANSIT_TO,2025-09-14 06:48:20,3605,2807,01-IH-96,POINT (-9.118570327758789 38.74802017211914)
2960_40B,17560_20250901_212_0_3,212_0,0,38.792930603027344,-9.152050018310547,5,IN_TRANSIT_TO,2025-09-14 06:48:23,11616,2960,27-GU-75,POINT (-9.152050018310547 38.792930603027344)
2453_703,3102_20250901_165_0_3,165_0,0,38.78178024291992,-9.156929969787598,11,IN_TRANSIT_TO,2025-09-14 06:48:28,6017,2453,16-AZ-13,POINT (-9.156929969787598 38.78178024291992)
401_10B,35060_20250901_242_0_2,242_0,0,38.70975112915039,-9.129329681396484,16,IN_TRANSIT_TO,2025-09-14 06:48:18,8203,401,BF-60-TR,POINT (-9.129329681396484 38.70975112915039)
2700_723,4145_20250901_121_0_3,121_0,0,38.72542953491211,-9.148719787597656,6,IN_TRANSIT_TO,2025-09-14 06:48:35,1202,2700,92-XQ-26,POINT (-9.148719787597656 38.72542953491211)
2777_738,5511_20250901_117_0_2,117_0,1,38.704078674316406,-9.18554973602295,1,IN_TRANSIT_TO,2025-09-14 06:47:02,12001,2777,AI-01-BT,POINT (-9.18554973602295 38.704078674316406)
2710_738,5538_20250901_117_0_2,117_0,1,38.75019836425781,-9.161399841308594,29,IN_TRANSIT_TO,2025-09-14 06:48:24,13507,2710,92-XQ-19,POINT (-9.161399841308594 38.75019836425781)
2623_718,3934_20250901_105_0_3,105_0,1,38.733280181884766,-9.132369995117188,5,IN_TRANSIT_TO,2025-09-14 06:48:20,522,2623,66-VI-26,POINT (-9.132369995117188 38.733280181884766)
301_744,5814_20250901_200_0_3,200_0,0,38.76858139038086,-9.10004997253418,24,IN_TRANSIT_TO,2025-09-14 06:48:17,7711,301,74-SM-62,POINT (-9.10004997253418 38.76858139038086)
2483_726,4268_20250901_116_0_2,116_0,1,38.73944854736328,-9.167499542236328,16,IN_TRANSIT_TO,2025-09-14 06:48:17,1610,2483,74-BC-66,POINT (-9.167499542236328 38.73944854736328)
1775_717,3859_20250901_170_0_2,170_0,0,38.79767990112305,-9.144720077514648,40,IN_TRANSIT_TO,2025-09-14 06:48:31,16002,1775,53-HX-08,POINT (-9.144720077514648 38.79767990112305)
1705_701,2935_20250901_123_0_4,123_0,0,38.73828125,-9.168680191040039,21,IN_TRANSIT_TO,2025-09-14 06:48:18,2712,1705,69-AL-68,POINT (-9.168680191040039 38.73828125)
2243_758,6817_20250901_150_0_5,150_0,0,38.73992919921875,-9.167019844055176,17,IN_TRANSIT_TO,2025-09-14 06:46:03,2713,2243,22-36-ZB,POINT (-9.167019844055176 38.73992919921875)
1706_701,2953_20250901_123_0_3,123_0,1,38.75148010253906,-9.167619705200195,22,IN_TRANSIT_TO,2025-09-14 06:48:16,13620,1706,69-AL-69,POINT (-9.167619705200195 38.75148010253906)
1770_735,5219_20250901_172_0_3,172_0,0,38.75400161743164,-9.155599594116211,30,IN_TRANSIT_TO,2025-09-14 06:48:38,5703,1770,63-HX-17,POINT (-9.155599594116211 38.75400161743164)
1710_717,3785_20250901_170_0_5,170_0,0,38.73735046386719,-9.133720397949219,2,IN_TRANSIT_TO,2025-09-14 06:48:35,414,1710,69-AL-73,POINT (-9.133720397949219 38.73735046386719)
2480_726,4290_20250901_116_0_3,116_0,0,38.73707962036133,-9.14937973022461,11,IN_TRANSIT_TO,2025-09-14 06:48:17,1811,2480,91-BE-75,POINT (-9.14937973022461 38.73707962036133)
217_13B,35073_20250901_243_0_2,243_0,0,38.721351623535156,-9.12893009185791,20,IN_TRANSIT_TO,2025-09-14 06:48:16,9111,217,29-98-XM,POINT (-9.12893009185791 38.721351623535156)
2454_726,4293_20250901_116_0_2,116_0,1,38.72747039794922,-9.137479782104492,29,IN_TRANSIT_TO,2025-09-14 06:48:33,613,2454,16-AZ-18,POINT (-9.137479782104492 38.72747039794922)
1780_794,8057_20250901_115_0_4,115_0,1,38.745750427246094,-9.119529724121094,25,IN_TRANSIT_TO,2025-09-14 06:48:16,3607,1780,63-HX-18,POINT (-9.119529724121094 38.745750427246094)
1769_717,3763_20250901_170_0_5,170_0,0,38.78031921386719,-9.151570320129395,26,IN_TRANSIT_TO,2025-09-14 06:48:41,6018,1769,63-HX-24,POINT (-9.151570320129395 38.78031921386719)
1768_717,3818_20250901_170_0_2,170_0,1,38.748779296875,-9.132920265197754,33,IN_TRANSIT_TO,2025-09-14 06:48:33,11204,1768,63-HX-23,POINT (-9.132920265197754 38.748779296875)
1759_742,5684_20250901_114_0_2,114_0,1,38.70951843261719,-9.19219970703125,7,IN_TRANSIT_TO,2025-09-14 06:48:39,10309,1759,34-HU-25,POINT (-9.19219970703125 38.70951843261719)
2487_703,3137_20250901_165_0_3,165_0,0,38.74504852294922,-9.20044994354248,38,IN_TRANSIT_TO,2025-09-14 06:48:19,2806,2487,54-BH-97,POINT (-9.20044994354248 38.74504852294922)
2470_729,4761_20250901_104_0_4,104_0,0,38.77091979980469,-9.188969612121582,1,IN_TRANSIT_TO,2025-09-14 06:48:14,14107,2470,74-BC-71,POINT (-9.188969612121582 38.77091979980469)
1762_720,4041_20250901_143_0_5,143_0,0,38.71080017089844,-9.164830207824707,21,IN_TRANSIT_TO,2025-09-14 06:48:17,10104,1762,63-HX-32,POINT (-9.164830207824707 38.71080017089844)
2469_703,3111_20250901_165_0_4,165_0,1,38.763919830322266,-9.181099891662598,15,IN_TRANSIT_TO,2025-09-14 06:48:35,12834,2469,16-AZ-09,POINT (-9.181099891662598 38.763919830322266)
1779_794,8066_20250901_115_0_5,115_0,1,38.76667022705078,-9.10431957244873,1,IN_TRANSIT_TO,2025-09-14 06:48:35,7814,1779,63-HX-20,POINT (-9.10431957244873 38.76667022705078)
1760_717,3829_20250901_170_0_3,170_0,0,38.76152038574219,-9.157429695129395,40,IN_TRANSIT_TO,2025-09-14 06:48:39,16002,1760,34-HU-26,POINT (-9.157429695129395 38.76152038574219)
2757_712,3527_20250901_189_2_5,189_2,1,38.7287483215332,-9.143179893493652,4,IN_TRANSIT_TO,2025-09-14 06:48:42,6601,2757,AH-32-ND,POINT (-9.143179893493652 38.7287483215332)
2758_727,4450_20250901_103_2_2,103_2,1,38.7105712890625,-9.153519630432129,29,IN_TRANSIT_TO,2025-09-14 06:48:45,7103,2758,AH-36-ND,POINT (-9.153519630432129 38.7105712890625)
1715_794,8042_20250901_115_0_5,115_0,0,38.70927047729492,-9.12932014465332,1,IN_TRANSIT_TO,2025-09-14 06:48:18,4507,1715,69-AL-78,POINT (-9.12932014465332 38.70927047729492)
1777_794,8034_20250901_115_0_3,115_0,0,38.754119873046875,-9.117919921875,26,IN_TRANSIT_TO,2025-09-14 06:48:42,24380,1777,63-HX-31,POINT (-9.117919921875 38.754119873046875)
1776_717,3774_20250901_170_0_2,170_0,0,38.762550354003906,-9.156880378723145,16,IN_TRANSIT_TO,2025-09-14 06:48:26,5807,1776,53-HX-09,POINT (-9.156880378723145 38.762550354003906)
4603_753,20092_20250901_167_0_2,167_0,1,38.728248596191406,-9.14501953125,8,IN_TRANSIT_TO,2025-09-14 06:48:10,6601,4603,96-GL-81,POINT (-9.14501953125 38.728248596191406)
4605_750,6312_20250901_106_0_3,106_0,0,38.71052932739258,-9.225899696350098,35,IN_TRANSIT_TO,2025-09-14 06:48:31,14311,4605,31-GN-72,POINT (-9.225899696350098 38.71052932739258)
1712_720,4082_20250901_143_0_5,143_0,1,38.72098159790039,-9.152469635009766,14,IN_TRANSIT_TO,2025-09-14 06:47:47,6805,1712,69-AL-75,POINT (-9.152469635009766 38.72098159790039)
605_15E,11230_20250901_76_0_5,76_0,0,38.70777130126953,-9.139349937438965,2,IN_TRANSIT_TO,2025-09-14 06:48:23,5515,605,,POINT (-9.139349937438965 38.70777130126953)
2240_758,6795_20250901_150_0_3,150_0,0,38.74903106689453,-9.191180229187012,26,IN_TRANSIT_TO,2025-09-14 06:48:18,10814,2240,06-31-XX,POINT (-9.191180229187012 38.74903106689453)
2403_729,4764_20250901_104_0_3,104_0,1,38.76742172241211,-9.197179794311523,38,IN_TRANSIT_TO,2025-09-14 06:48:41,13906,2403,50-AL-12,POINT (-9.197179794311523 38.76742172241211)
2485_729,4805_20250901_104_0_4,104_0,0,38.73657989501953,-9.201720237731934,20,IN_TRANSIT_TO,2025-09-14 06:48:15,8838,2485,91-BE-77,POINT (-9.201720237731934 38.73657989501953)
228_58B,35054_20250901_227_0_3,227_0,0,38.75141906738281,-9.181079864501953,14,IN_TRANSIT_TO,2025-09-14 06:48:26,50424,228,84-39-XQ,POINT (-9.181079864501953 38.75141906738281)
2474_729,4783_20250901_104_0_2,104_0,1,38.71025085449219,-9.200429916381836,14,IN_TRANSIT_TO,2025-09-14 06:48:24,12902,2474,74-BC-67,POINT (-9.200429916381836 38.71025085449219)
2942_26B,17512_20250901_208_2_3,208_2,0,38.7601318359375,-9.096429824829102,15,IN_TRANSIT_TO,2025-09-14 06:48:40,2403,2942,51-GL-82,POINT (-9.096429824829102 38.7601318359375)
2289_724,4208_20250901_178_0_3,178_0,0,38.74531936645508,-9.198019981384277,17,IN_TRANSIT_TO,2025-09-14 06:48:16,2801,2289,92-60-ZM,POINT (-9.198019981384277 38.74531936645508)
2405_767,7222_20250901_112_0_2,112_0,1,38.7528190612793,-9.188130378723145,17,IN_TRANSIT_TO,2025-09-14 06:48:42,10813,2405,50-AL-10,POINT (-9.188130378723145 38.7528190612793)
2831_728,4574_20250901_204_0_2,204_0,0,38.73772048950195,-9.10297966003418,31,IN_TRANSIT_TO,2025-09-14 06:48:39,12513,2831,BF-72-FZ,POINT (-9.10297966003418 38.73772048950195)
2464_726,4271_20250901_116_0_3,116_0,0,38.764949798583984,-9.198149681091309,29,IN_TRANSIT_TO,2025-09-14 06:48:40,13912,2464,91-BE-71,POINT (-9.198149681091309 38.764949798583984)
2291_731,4998_20250901_190_0_4,190_0,1,38.790321350097656,-9.109350204467773,31,IN_TRANSIT_TO,2025-09-14 06:48:28,1512,2291,92-56-ZM,POINT (-9.109350204467773 38.790321350097656)
260_61B,35068_20250901_241_0_4,241_0,0,38.72346878051758,-9.170900344848633,0,IN_TRANSIT_TO,2025-09-14 06:48:16,,260,AG-79-EF,POINT (-9.170900344848633 38.72346878051758)
2249_758,6789_20250901_150_0_4,150_0,1,38.733970642089844,-9.16431999206543,17,IN_TRANSIT_TO,2025-09-14 06:48:42,2710,2249,22-32-ZB,POINT (-9.16431999206543 38.733970642089844)
2825_753,20090_20250901_167_0_3,167_0,0,38.683319091796875,-9.175800323486328,7,IN_TRANSIT_TO,2025-09-14 06:48:42,8607,2825,BF-53-FZ,POINT (-9.175800323486328 38.683319091796875)
2418_767,7253_20250901_112_0_3,112_0,0,38.74068069458008,-9.137029647827148,9,IN_TRANSIT_TO,2025-09-14 06:48:22,11104,2418,92-AO-54,POINT (-9.137029647827148 38.74068069458008)
2296_731,4976_20250901_190_0_3,190_0,0,38.744850158691406,-9.156579971313477,7,IN_TRANSIT_TO,2025-09-14 06:48:34,3305,2296,92-51-ZM,POINT (-9.156579971313477 38.744850158691406)
2214_742,5663_20250901_114_0_2,114_0,1,38.73318099975586,-9.131750106811523,42,IN_TRANSIT_TO,2025-09-14 06:48:39,522,2214,08-02-XS,POINT (-9.131750106811523 38.73318099975586)
2216_742,5706_20250901_114_0_3,114_0,0,38.707618713378906,-9.19635009765625,50,IN_TRANSIT_TO,2025-09-14 06:48:38,10304,2216,08-00-XS,POINT (-9.19635009765625 38.707618713378906)
6002_706,3226_20250901_147_0_3,147_0,1,38.72760009765625,-9.140029907226562,18,IN_TRANSIT_TO,2025-09-14 06:48:23,6905,6002,98-XU-85,POINT (-9.140029907226562 38.72760009765625)
2221_742,5725_20250901_114_0_3,114_0,0,38.7281494140625,-9.160449981689453,28,IN_TRANSIT_TO,2025-09-14 06:48:21,6115,2221,07-95-XS,POINT (-9.160449981689453 38.7281494140625)
234_17B,35085_20250901_247_0_2,247_0,0,38.727901458740234,-9.142379760742188,0,IN_TRANSIT_TO,2025-09-14 06:48:33,,234,13-31-XZ,POINT (-9.142379760742188 38.727901458740234)
6008_706,19489_20250901_147_0_2,147_0,0,38.72285079956055,-9.149200439453125,13,IN_TRANSIT_TO,2025-09-14 06:48:40,1216,6008,81-ZC-08,POINT (-9.149200439453125 38.72285079956055)
2262_708,3352_20250901_100_0_8,100_0,1,38.734920501708984,-9.134129524230957,37,IN_TRANSIT_TO,2025-09-09 13:46:08,410,2262,80-48-ZE,POINT (-9.134129524230957 38.734920501708984)
2832_728,4618_20250901_204_0_2,204_0,1,38.697669982910156,-9.1875,41,IN_TRANSIT_TO,2025-09-14 06:48:15,9502,2832,BF-68-FZ,POINT (-9.1875 38.697669982910156)
303_744,5808_20250901_200_0_2,200_0,1,38.76359939575195,-9.129619598388672,14,IN_TRANSIT_TO,2025-09-14 06:48:26,50592,303,22-SP-90,POINT (-9.129619598388672 38.76359939575195)
