id,trip_id,route_id,direction_id,latitude,longitude,current_stop_sequence,current_status,timestamp,stop_id,vehicle_id,license_plate,geometry
6032_732,5080_20250901_107_0_9,107_0,0,38.71546936035156,-9.14169979095459,15,IN_TRANSIT_TO,2025-11-19 19:29:48,1006,6032,BF-93-BC,POINT (-9.14169979095459 38.71546936035156)
2689_714,3671_20250901_102_0_15,102_0,0,38.697349548339844,-9.203129768371582,19,IN_TRANSIT_TO,2025-11-19 19:29:33,4112,2689,93-XA-45,POINT (-9.203129768371582 38.697349548339844)
4645_750,6290_20250901_106_0_12,106_0,1,38.75878143310547,-9.113419532775879,33,IN_TRANSIT_TO,2025-11-19 19:29:26,8409,4645,98-JO-46,POINT (-9.113419532775879 38.75878143310547)
4648_750,6393_20250901_106_0_9,106_0,0,38.733551025390625,-9.207679748535156,31,IN_TRANSIT_TO,2025-11-19 19:29:43,8804,4648,98-JO-47,POINT (-9.207679748535156 38.733551025390625)
2793_738,5544_20250901_117_0_4,117_0,1,38.70478057861328,-9.184599876403809,2,IN_TRANSIT_TO,2025-11-19 19:29:35,12003,2793,AJ-58-LI,POINT (-9.184599876403809 38.70478057861328)
2302_720,4077_20250901_143_0_4,143_0,0,38.703731536865234,-9.171629905700684,24,IN_TRANSIT_TO,2025-11-19 19:29:34,10204,2302,83-08-ZM,POINT (-9.171629905700684 38.703731536865234)
4607_728,4698_20250901_204_0_9,204_0,1,38.731719970703125,-9.105170249938965,22,IN_TRANSIT_TO,2025-11-19 19:29:40,12514,4607,96-GL-84,POINT (-9.105170249938965 38.731719970703125)
304_708,3358_20250901_100_0_13,100_0,1,38.76774978637695,-9.105779647827148,15,IN_TRANSIT_TO,2025-11-19 19:29:41,7825,304,22-SP-91,POINT (-9.105779647827148 38.76774978637695)
4606_750,6355_20250901_106_0_2,106_0,1,38.73931884765625,-9.20287036895752,9,IN_TRANSIT_TO,2025-11-19 19:29:50,8807,4606,96-GL-83,POINT (-9.20287036895752 38.73931884765625)
2254_768,7350_20250901_111_0_6,111_0,1,38.76068115234375,-9.196330070495605,5,IN_TRANSIT_TO,2025-11-19 19:29:21,13907,2254,80-51-ZE,POINT (-9.196330070495605 38.76068115234375)
6022_716,3734_20250901_164_0_15,164_0,0,38.74882888793945,-9.20259952545166,24,IN_TRANSIT_TO,2025-11-19 19:29:46,10921,6022,BF-48-BB,POINT (-9.20259952545166 38.74882888793945)
2315_764,7158_20250901_168_0_17,168_0,1,38.74517059326172,-9.202770233154297,13,IN_TRANSIT_TO,2025-11-19 19:29:22,8811,2315,61-88-ZB,POINT (-9.202770233154297 38.74517059326172)
2440_778,18640_20250901_179_0_26,179_0,1,38.7570686340332,-9.194029808044434,2,IN_TRANSIT_TO,2025-11-19 19:29:40,50242,2440,29-AX-08,POINT (-9.194029808044434 38.7570686340332)
2992_730,4949_20250901_198_0_18,198_0,0,38.7380485534668,-9.122599601745605,5,IN_TRANSIT_TO,2025-11-19 19:29:44,8906,2992,29-VM-95,POINT (-9.122599601745605 38.7380485534668)
558_25E,14263_20250901_79_0_20,79_0,0,38.70637893676758,-9.149100303649902,5,IN_TRANSIT_TO,2025-11-19 19:29:36,7102,558,,POINT (-9.149100303649902 38.70637893676758)
2317_713,20157_20250901_122_0_14,122_0,1,38.71875,-9.15647029876709,22,IN_TRANSIT_TO,2025-11-19 19:29:30,6801,2317,61-86-ZB,POINT (-9.15647029876709 38.71875)
2766_742,5676_20250901_114_0_10,114_0,0,38.7070198059082,-9.173029899597168,37,IN_TRANSIT_TO,2025-11-19 19:29:28,9403,2766,AH-40-ND,POINT (-9.173029899597168 38.7070198059082)
2250_731,19403_20240727_190_0_8,190_0,1,38.78303146362305,-9.114009857177734,3,IN_TRANSIT_TO,2024-08-10 10:41:27,12610,2250,80-41-ZE,POINT (-9.114009857177734 38.78303146362305)
2292_724,4222_20250901_178_0_22,178_0,1,38.74837875366211,-9.197680473327637,10,IN_TRANSIT_TO,2025-11-19 19:29:49,10908,2292,83-16-ZM,POINT (-9.197680473327637 38.74837875366211)
2321_712,3550_20250901_189_0_17,189_0,0,38.7264518737793,-9.135549545288086,12,IN_TRANSIT_TO,2025-11-19 19:29:41,605,2321,04-47-ZF,POINT (-9.135549545288086 38.7264518737793)
2795_712,3557_20250901_189_0_16,189_0,1,38.72111892700195,-9.126799583435059,24,IN_TRANSIT_TO,2025-11-19 19:29:20,9112,2795,AJ-55-LI,POINT (-9.126799583435059 38.72111892700195)
2494_708,3365_20250901_100_0_15,100_0,1,38.775081634521484,-9.096619606018066,12,IN_TRANSIT_TO,2025-11-19 19:29:34,50123,2494,88-BL-68,POINT (-9.096619606018066 38.775081634521484)
2830_728,4724_20250901_204_4_15,204_4,1,38.706321716308594,-9.145179748535156,7,IN_TRANSIT_TO,2025-11-19 19:29:37,3820,2830,BF-57-FZ,POINT (-9.145179748535156 38.706321716308594)
2346_767,7297_20250901_112_0_11,112_0,0,38.75579833984375,-9.19968032836914,36,IN_TRANSIT_TO,2025-11-19 19:29:32,13706,2346,62-93-ZG,POINT (-9.19968032836914 38.75579833984375)
6033_760,7022_20250901_171_0_12,171_0,0,38.70429992675781,-9.1741304397583,17,IN_TRANSIT_TO,2025-11-19 19:29:30,4004,6033,BF-92-AZ,POINT (-9.1741304397583 38.70429992675781)
2951_765,7176_20250901_110_0_49,110_0,0,38.7559700012207,-9.19987964630127,5,IN_TRANSIT_TO,2025-11-19 19:29:31,13706,2951,62-GQ-53,POINT (-9.19987964630127 38.7559700012207)
1745_767,7316_20250901_112_1_12,112_1,0,38.753318786621094,-9.187820434570312,11,IN_TRANSIT_TO,2025-11-19 19:29:32,12802,1745,92-HR-02,POINT (-9.187820434570312 38.753318786621094)
4614_750,6417_20250901_106_0_2,106_0,0,38.767601013183594,-9.10377025604248,1,IN_TRANSIT_TO,2025-11-14 06:29:49,7813,4614,96-GL-90,POINT (-9.10377025604248 38.767601013183594)
4616_748,6144_20250901_169_0_28,169_0,1,38.72367858886719,-9.163080215454102,7,IN_TRANSIT_TO,2025-11-19 19:29:24,8608,4616,22-GP-50,POINT (-9.163080215454102 38.72367858886719)
2953_40B,17558_20250901_212_0_21,212_0,1,38.78105163574219,-9.149169921875,12,IN_TRANSIT_TO,2025-11-19 19:29:21,50466,2953,62-GQ-55,POINT (-9.149169921875 38.78105163574219)
4611_750,6424_20250901_106_0_9,106_0,0,38.756221771240234,-9.147470474243164,13,IN_TRANSIT_TO,2025-11-19 19:29:18,11301,4611,96-GL-88,POINT (-9.147470474243164 38.756221771240234)
2950_26B,17510_20250901_208_0_21,208_0,0,38.7641716003418,-9.098349571228027,18,IN_TRANSIT_TO,2025-11-19 19:29:50,2511,2950,62-GQ-51,POINT (-9.098349571228027 38.7641716003418)
4626_736,5331_20250901_199_0_13,199_0,0,38.71697998046875,-9.14264965057373,2,IN_TRANSIT_TO,2025-11-19 19:29:20,1010,4626,90-JI-93,POINT (-9.14264965057373 38.71697998046875)
4629_796,8140_20250901_174_0_28,174_0,1,38.7923698425293,-9.156270027160645,4,IN_TRANSIT_TO,2025-11-05 15:40:33,11607,4629,11-JM-77,POINT (-9.156270027160645 38.7923698425293)
4818_728,4621_20250901_204_0_12,204_0,0,38.706321716308594,-9.146430015563965,18,IN_TRANSIT_TO,2025-11-19 19:29:48,7101,4818,42-VT-57,POINT (-9.146430015563965 38.706321716308594)
4627_796,8152_20250901_174_0_31,174_0,0,38.78580093383789,-9.15962028503418,9,IN_TRANSIT_TO,2025-11-19 19:29:46,7215,4627,11-JM-76,POINT (-9.15962028503418 38.78580093383789)
2688_764,7151_20250901_168_0_15,168_0,1,38.75008010864258,-9.161100387573242,31,IN_TRANSIT_TO,2025-11-19 19:29:22,12705,2688,93-XA-35,POINT (-9.161100387573242 38.75008010864258)
2699_776,7489_20250901_193_0_49,193_0,1,38.69797897338867,-9.227230072021484,8,IN_TRANSIT_TO,2025-11-19 19:29:51,14907,2699,92-XQ-25,POINT (-9.227230072021484 38.69797897338867)
2692_723,4176_20250901_121_0_13,121_0,0,38.715049743652344,-9.211629867553711,22,IN_TRANSIT_TO,2025-11-19 19:29:41,10404,2692,90-XF-62,POINT (-9.211629867553711 38.715049743652344)
2691_709,3411_20250901_148_0_8,148_0,1,38.71548080444336,-9.164130210876465,3,IN_TRANSIT_TO,2025-11-19 19:29:25,8001,2691,90-XF-45,POINT (-9.164130210876465 38.71548080444336)
2690_714,3709_20250901_102_0_14,102_0,1,38.717620849609375,-9.20973014831543,10,IN_TRANSIT_TO,2025-11-19 19:29:46,10405,2690,99-XE-57,POINT (-9.20973014831543 38.717620849609375)
2694_727,4498_20250901_103_0_3,103_0,1,38.745819091796875,-9.140069961547852,46,IN_TRANSIT_TO,2025-11-19 19:29:50,202,2694,90-XF-49,POINT (-9.140069961547852 38.745819091796875)
6048_732,5071_20250901_107_0_3,107_0,0,38.7039794921875,-9.206520080566406,37,IN_TRANSIT_TO,2025-11-19 19:29:22,13110,6048,BH-46-IR,POINT (-9.206520080566406 38.7039794921875)
4836_783,7857_20250901_203_0_13,203_0,0,38.76969909667969,-9.124679565429688,20,IN_TRANSIT_TO,2025-11-19 19:29:22,7603,4836,34-VR-23,POINT (-9.124679565429688 38.76969909667969)
2705_738,5553_20250901_117_0_13,117_0,0,38.7041015625,-9.17317008972168,31,IN_TRANSIT_TO,2025-11-19 19:29:35,10204,2705,92-XQ-29,POINT (-9.17317008972168 38.7041015625)
2684_714,3705_20250901_102_0_14,102_0,1,38.7046012878418,-9.178150177001953,27,IN_TRANSIT_TO,2025-11-19 19:29:30,12111,2684,99-XE-59,POINT (-9.178150177001953 38.7046012878418)
2683_711,3517_20250901_101_0_13,101_0,0,38.732749938964844,-9.192729949951172,14,IN_TRANSIT_TO,2025-11-19 18:24:01,8715,2683,99-XE-55,POINT (-9.192729949951172 38.732749938964844)
6046_760,7095_20250901_171_0_8,171_0,1,38.705970764160156,-9.183469772338867,21,IN_TRANSIT_TO,2025-11-19 19:29:34,12011,6046,BH-73-IR,POINT (-9.183469772338867 38.705970764160156)
4619_750,6413_20250901_106_0_10,106_0,0,38.7578010559082,-9.175350189208984,19,IN_TRANSIT_TO,2025-11-19 19:29:49,12805,4619,22-GP-53,POINT (-9.175350189208984 38.7578010559082)
4618_750,6404_20250901_106_0_3,106_0,0,38.74164962768555,-9.20283031463623,29,IN_TRANSIT_TO,2025-11-19 19:29:20,8836,4618,22-GP-52,POINT (-9.20283031463623 38.74164962768555)
2947_31B,17538_20250901_210_0_20,210_0,0,38.756919860839844,-9.115630149841309,33,IN_TRANSIT_TO,2025-11-19 19:29:48,8427,2947,51-GL-84,POINT (-9.115630149841309 38.756919860839844)
2948_29B,17524_20250901_209_0_20,209_0,0,38.77252960205078,-9.113619804382324,16,IN_TRANSIT_TO,2025-11-19 19:29:22,7720,2948,51-GL-85,POINT (-9.113619804382324 38.77252960205078)
2958_765,18944_20250901_110_0_51,110_0,0,38.75286865234375,-9.189729690551758,0,IN_TRANSIT_TO,2025-11-19 19:29:33,,2958,27-GU-73,POINT (-9.189729690551758 38.75286865234375)
4643_750,6421_20250901_106_0_13,106_0,0,38.75934982299805,-9.157279968261719,16,IN_TRANSIT_TO,2025-11-19 19:29:42,5810,4643,98-JO-45,POINT (-9.157279968261719 38.75934982299805)
2677_738,5550_20250901_117_0_13,117_0,0,38.72145080566406,-9.152270317077637,23,IN_TRANSIT_TO,2025-11-19 19:29:45,6806,2677,87-XB-41,POINT (-9.152270317077637 38.72145080566406)
2671_754,6615_20250901_201_0_15,201_0,0,38.747318267822266,-9.147919654846191,5,IN_TRANSIT_TO,2025-11-19 19:29:40,2001,2671,87-XB-43,POINT (-9.147919654846191 38.747318267822266)
2680_738,5561_20250901_117_0_13,117_0,0,38.740379333496094,-9.14657974243164,16,IN_TRANSIT_TO,2025-11-19 19:29:40,1906,2680,93-XA-36,POINT (-9.14657974243164 38.740379333496094)
2681_727,4518_20250901_103_0_4,103_0,1,38.712100982666016,-9.15293025970459,30,IN_TRANSIT_TO,2025-11-19 19:29:09,6701,2681,93-XA-41,POINT (-9.15293025970459 38.712100982666016)
2673_723,63530_20250901_121_0_13,121_0,1,38.72475051879883,-9.15077018737793,29,IN_TRANSIT_TO,2025-11-19 19:29:45,1212,2673,87-XB-37,POINT (-9.15077018737793 38.72475051879883)
2670_727,4515_20250901_103_0_11,103_0,1,38.714168548583984,-9.15353012084961,31,IN_TRANSIT_TO,2025-11-19 19:27:34,6703,2670,87-XB-32,POINT (-9.15353012084961 38.714168548583984)
2964_71B,45266_20250901_278_0_17,278_0,0,38.750980377197266,-9.190879821777344,1,IN_TRANSIT_TO,2025-11-19 19:29:49,50403,2964,30-VM-19,POINT (-9.190879821777344 38.750980377197266)
2962_774,7430_20250901_192_0_29,192_0,0,38.726829528808594,-9.141550064086914,13,IN_TRANSIT_TO,2025-11-19 19:29:42,6611,2962,30-VM-07,POINT (-9.141550064086914 38.726829528808594)
2961_79B,18671_20250901_221_0_14,221_0,0,38.708900451660156,-9.213399887084961,26,IN_TRANSIT_TO,2025-11-19 19:29:19,12403,2961,26-VD-02,POINT (-9.213399887084961 38.708900451660156)
6031_724,19285_20250901_178_0_5,178_0,0,38.7535514831543,-9.196229934692383,21,IN_TRANSIT_TO,2025-11-19 19:29:50,10912,6031,BF-87-AX,POINT (-9.196229934692383 38.7535514831543)
4819_728,4601_20250901_204_0_10,204_0,0,38.755348205566406,-9.096850395202637,38,IN_TRANSIT_TO,2025-11-19 19:29:48,2410,4819,34-VR-16,POINT (-9.096850395202637 38.755348205566406)
2718_746,5964_20250901_108_0_20,108_0,1,38.73984909057617,-9.167770385742188,15,IN_TRANSIT_TO,2025-11-19 19:29:23,1610,2718,92-XQ-23,POINT (-9.167770385742188 38.73984909057617)
547_28E,14908_20250901_75_0_15,75_0,1,38.71995162963867,-9.135649681091309,22,IN_TRANSIT_TO,2025-11-19 19:29:30,704,547,,POINT (-9.135649681091309 38.71995162963867)
6049_760,7110_20250901_171_0_5,171_0,0,38.70492172241211,-9.17728042602539,17,IN_TRANSIT_TO,2025-11-19 19:29:26,4004,6049,BH-47-IR,POINT (-9.17728042602539 38.70492172241211)
6050_732,5038_20250901_107_0_9,107_0,1,38.70431900024414,-9.174570083618164,22,IN_TRANSIT_TO,2025-11-19 19:29:38,12101,6050,BH-62-IR,POINT (-9.174570083618164 38.70431900024414)
2347_763,46422_20250901_282_0_20,282_0,1,38.752620697021484,-9.18945026397705,0,IN_TRANSIT_TO,2025-11-19 19:29:32,,2347,53-61-ZJ,POINT (-9.18945026397705 38.752620697021484)
2441_716,3744_20250901_164_0_19,164_0,0,38.747169494628906,-9.188179969787598,18,IN_TRANSIT_TO,2025-11-19 19:29:26,10830,2441,29-AX-07,POINT (-9.188179969787598 38.747169494628906)
2844_751,6514_20250901_109_0_14,109_0,0,38.72787094116211,-9.173049926757812,0,IN_TRANSIT_TO,2025-11-19 19:29:25,,2844,BF-73-FZ,POINT (-9.173049926757812 38.72787094116211)
2288_758,6770_20250901_150_0_15,150_0,0,38.75048065185547,-9.19694995880127,27,IN_TRANSIT_TO,2025-11-19 19:29:41,10802,2288,92-59-ZM,POINT (-9.19694995880127 38.75048065185547)
2295_724,4191_20250901_178_0_21,178_0,0,38.72454833984375,-9.192770004272461,7,IN_TRANSIT_TO,2025-11-19 19:29:20,21307,2295,92-53-ZM,POINT (-9.192770004272461 38.72454833984375)
2755_755,6654_20250901_118_0_15,118_0,1,38.7529182434082,-9.15587043762207,7,IN_TRANSIT_TO,2025-11-19 19:29:33,5702,2755,AG-95-TG,POINT (-9.15587043762207 38.7529182434082)
608_15E,11264_20250901_76_0_17,76_0,1,38.69715118408203,-9.20121955871582,7,IN_TRANSIT_TO,2025-11-19 19:29:22,9609,608,,POINT (-9.20121955871582 38.69715118408203)
2979_774,7450_20250901_192_0_29,192_0,0,38.720149993896484,-9.15552043914795,8,IN_TRANSIT_TO,2025-11-19 19:29:20,6823,2979,30-VM-17,POINT (-9.15552043914795 38.720149993896484)
2257_767,7228_20250901_112_0_10,112_0,1,38.76150131225586,-9.157500267028809,28,IN_TRANSIT_TO,2025-11-19 19:29:24,5808,2257,80-50-ZE,POINT (-9.157500267028809 38.76150131225586)
2282_758,6860_20250901_150_0_15,150_0,0,38.71025085449219,-9.143019676208496,2,IN_TRANSIT_TO,2025-11-19 19:29:13,3825,2282,67-35-ZJ,POINT (-9.143019676208496 38.71025085449219)
2281_771,39066_20250901_248_0_8,248_0,0,38.73685073852539,-9.166769981384277,4,IN_TRANSIT_TO,2025-11-19 19:29:27,2718,2281,67-56-ZJ,POINT (-9.166769981384277 38.73685073852539)
2628_722,4129_20250901_196_0_13,196_0,1,38.72452163696289,-9.149629592895508,32,IN_TRANSIT_TO,2025-11-19 19:29:28,1206,2628,52-VP-82,POINT (-9.149629592895508 38.72452163696289)
2841_751,6523_20250901_109_0_16,109_0,1,38.703529357910156,-9.179369926452637,24,IN_TRANSIT_TO,2025-11-19 19:29:32,12107,2841,BF-55-FZ,POINT (-9.179369926452637 38.703529357910156)
4832_736,5399_20250901_199_0_14,199_0,1,38.756370544433594,-9.154219627380371,15,IN_TRANSIT_TO,2025-11-19 19:29:34,5806,4832,68-VQ-51,POINT (-9.154219627380371 38.756370544433594)
2717_738,5558_20250901_117_0_4,117_0,0,38.737300872802734,-9.145770072937012,17,IN_TRANSIT_TO,2025-11-19 19:29:37,1810,2717,92-XQ-16,POINT (-9.145770072937012 38.737300872802734)
2629_718,3994_20250901_105_0_17,105_0,1,38.752071380615234,-9.11205005645752,29,IN_TRANSIT_TO,2025-11-19 19:29:44,24389,2629,52-VP-81,POINT (-9.11205005645752 38.752071380615234)
4835_736,5299_20250901_199_0_13,199_0,0,38.749900817871094,-9.148420333862305,12,IN_TRANSIT_TO,2025-11-19 19:29:37,2015,4835,53-VR-06,POINT (-9.148420333862305 38.749900817871094)
305_708,3311_20250901_100_0_14,100_0,0,38.74760055541992,-9.131019592285156,11,IN_TRANSIT_TO,2025-11-19 19:29:26,313,305,73-ST-80,POINT (-9.131019592285156 38.74760055541992)
307_783,7854_20250901_203_0_16,203_0,1,38.74177932739258,-9.146869659423828,22,IN_TRANSIT_TO,2025-11-19 19:29:25,1906,307,73-ST-82,POINT (-9.146869659423828 38.74177932739258)
4601_750,6401_20250901_106_0_12,106_0,0,38.7377815246582,-9.205069541931152,29,IN_TRANSIT_TO,2025-11-19 19:29:41,8836,4601,96-GL-79,POINT (-9.205069541931152 38.7377815246582)
6035_706,3269_20250901_147_0_4,147_0,0,38.70772171020508,-9.153770446777344,5,IN_TRANSIT_TO,2025-11-19 19:29:33,3922,6035,BG-76-LX,POINT (-9.153770446777344 38.70772171020508)
2294_713,3592_20250901_122_0_15,122_0,0,38.70719909667969,-9.173569679260254,30,IN_TRANSIT_TO,2025-11-19 19:29:47,9415,2294,92-52-ZM,POINT (-9.173569679260254 38.70719909667969)
2765_708,3347_20250901_100_0_11,100_0,1,38.733848571777344,-9.134249687194824,37,IN_TRANSIT_TO,2025-11-19 19:29:33,410,2765,AH-37-ND,POINT (-9.134249687194824 38.733848571777344)
607_15E,11238_20250901_76_0_14,76_0,1,38.706329345703125,-9.148670196533203,18,IN_TRANSIT_TO,2025-11-19 19:29:19,3901,607,,POINT (-9.148670196533203 38.706329345703125)
2978_730,4969_20250901_198_0_17,198_0,1,38.72663116455078,-9.145400047302246,3,IN_TRANSIT_TO,2025-11-19 19:29:27,6606,2978,29-VM-92,POINT (-9.145400047302246 38.72663116455078)
2259_799,8217_20250901_120_0_16,120_0,1,38.73699951171875,-9.22206974029541,4,IN_TRANSIT_TO,2025-11-19 19:29:50,18123,2259,67-44-ZJ,POINT (-9.22206974029541 38.73699951171875)
2270_703,3135_20250901_165_0_15,165_0,0,38.752281188964844,-9.189120292663574,33,IN_TRANSIT_TO,2025-11-19 19:29:25,10808,2270,76-82-ZG,POINT (-9.189120292663574 38.752281188964844)
2430_767,7223_20250901_112_0_10,112_0,1,38.741180419921875,-9.13776969909668,36,IN_TRANSIT_TO,2025-11-19 19:29:41,306,2430,29-AX-12,POINT (-9.13776969909668 38.741180419921875)
2442_716,3718_20250901_164_0_22,164_0,1,38.74454879760742,-9.179479598999023,9,IN_TRANSIT_TO,2025-11-19 19:29:44,10701,2442,29-AX-06,POINT (-9.179479598999023 38.74454879760742)
2779_711,3519_20250901_101_0_11,101_0,1,38.74393081665039,-9.205530166625977,10,IN_TRANSIT_TO,2025-11-19 19:29:32,2907,2779,AI-02-BT,POINT (-9.205530166625977 38.74393081665039)
6038_732,5057_20250901_107_0_10,107_0,1,38.705318450927734,-9.204879760742188,10,IN_TRANSIT_TO,2025-11-19 19:29:24,13107,6038,BG-46-LV,POINT (-9.204879760742188 38.705318450927734)
4833_736,5408_20250901_199_0_14,199_0,1,38.765281677246094,-9.15725040435791,13,IN_TRANSIT_TO,2025-11-19 19:29:31,5814,4833,20-VQ-65,POINT (-9.15725040435791 38.765281677246094)
4839_796,8113_20250901_174_0_29,174_0,0,38.76649856567383,-9.157620429992676,2,IN_TRANSIT_TO,2025-11-19 19:29:28,5811,4839,53-VR-08,POINT (-9.157620429992676 38.76649856567383)
2272_731,4996_20250901_190_0_12,190_0,1,38.745079040527344,-9.157999992370605,28,IN_TRANSIT_TO,2025-11-19 19:29:40,3306,2272,76-80-ZG,POINT (-9.157999992370605 38.745079040527344)
2796_712,3549_20250901_189_0_12,189_0,0,38.727779388427734,-9.143400192260742,15,IN_TRANSIT_TO,2025-11-19 19:29:32,6608,2796,AJ-59-LI,POINT (-9.143400192260742 38.727779388427734)
2345_724,4230_20250901_178_0_23,178_0,0,38.760231018066406,-9.199130058288574,26,IN_TRANSIT_TO,2025-11-19 19:29:35,13711,2345,53-59-ZJ,POINT (-9.199130058288574 38.760231018066406)
2614_744,5838_20250901_200_0_14,200_0,1,38.77347183227539,-9.097550392150879,4,IN_TRANSIT_TO,2025-11-19 19:29:29,7824,2614,66-VI-24,POINT (-9.097550392150879 38.77347183227539)
4815_728,4714_20250901_204_0_11,204_0,1,38.76826858520508,-9.097970008850098,9,IN_TRANSIT_TO,2025-11-19 19:29:42,7805,4815,34-VR-24,POINT (-9.097970008850098 38.76826858520508)
4821_783,7817_20250901_203_0_15,203_0,0,38.7476692199707,-9.147979736328125,11,IN_TRANSIT_TO,2025-11-19 19:29:29,2011,4821,20-VQ-68,POINT (-9.147979736328125 38.7476692199707)
2821_751,6481_20250901_109_0_12,109_0,0,38.714881896972656,-9.228779792785645,30,IN_TRANSIT_TO,2025-11-19 19:29:20,14308,2821,BF-71-FZ,POINT (-9.228779792785645 38.714881896972656)
2824_753,6541_20250901_167_0_25,167_0,0,38.72272872924805,-9.171799659729004,7,IN_TRANSIT_TO,2025-11-19 19:29:42,8607,2824,BF-67-FZ,POINT (-9.171799659729004 38.72272872924805)
2613_759,6987_20250901_144_0_13,144_0,0,38.767051696777344,-9.098620414733887,46,IN_TRANSIT_TO,2025-11-19 19:29:28,7822,2613,66-VI-22,POINT (-9.098620414733887 38.767051696777344)
2697_711,3484_20250901_101_0_13,101_0,0,38.7242317199707,-9.161179542541504,9,IN_TRANSIT_TO,2025-11-19 19:29:30,8501,2697,90-XF-59,POINT (-9.161179542541504 38.7242317199707)
2606_759,6956_20250901_144_0_4,144_0,1,38.70886993408203,-9.134770393371582,44,IN_TRANSIT_TO,2025-11-19 19:27:59,4506,2606,66-VI-40,POINT (-9.134770393371582 38.70886993408203)
2601_744,35849_20250901_200_0_4,200_0,0,38.74782943725586,-9.148050308227539,9,IN_TRANSIT_TO,2025-11-19 19:29:39,2021,2601,04-VA-70,POINT (-9.148050308227539 38.74782943725586)
2264_758,6877_20250901_150_0_14,150_0,1,38.722999572753906,-9.161299705505371,22,IN_TRANSIT_TO,2025-11-19 19:29:29,8512,2264,76-90-ZG,POINT (-9.161299705505371 38.722999572753906)
6036_760,7098_20250901_171_0_12,171_0,1,38.712398529052734,-9.199970245361328,8,IN_TRANSIT_TO,2025-11-19 19:29:43,12910,6036,BG-90-LX,POINT (-9.199970245361328 38.712398529052734)
6026_760,7085_20250901_171_0_12,171_0,1,38.706180572509766,-9.143329620361328,30,IN_TRANSIT_TO,2025-11-19 19:29:32,3803,6026,BF-39-BB,POINT (-9.143329620361328 38.706180572509766)
2602_744,5833_20250901_200_0_4,200_0,1,38.74637985229492,-9.148099899291992,23,IN_TRANSIT_TO,2025-11-19 19:29:27,2002,2602,16-VF-81,POINT (-9.148099899291992 38.74637985229492)
602_15E,11280_20250901_76_0_18,76_0,1,38.69932174682617,-9.231149673461914,0,IN_TRANSIT_TO,2025-11-19 19:29:40,,602,,POINT (-9.231149673461914 38.69932174682617)
2653_781,7737_20250901_151_0_15,151_0,1,38.70587921142578,-9.143969535827637,29,IN_TRANSIT_TO,2025-11-19 19:29:04,3820,2653,05-VZ-52,POINT (-9.143969535827637 38.70587921142578)
4806_728,4689_20250901_204_0_3,204_0,1,38.70637893676758,-9.148980140686035,36,IN_TRANSIT_TO,2025-11-19 19:29:44,7102,4806,20-VQ-74,POINT (-9.148980140686035 38.70637893676758)
2749_756,6757_20250901_175_0_19,175_0,1,38.74245071411133,-9.139280319213867,16,IN_TRANSIT_TO,2025-11-19 19:29:41,6401,2749,AG-03-TH,POINT (-9.139280319213867 38.74245071411133)
2988_730,4947_20250901_198_0_18,198_0,0,38.729679107666016,-9.143879890441895,25,IN_TRANSIT_TO,2025-11-19 19:29:36,1707,2988,29-VM-94,POINT (-9.143879890441895 38.729679107666016)
2743_717,3800_20250901_170_0_15,170_0,0,38.77402114868164,-9.15546989440918,22,IN_TRANSIT_TO,2025-11-19 19:29:40,5913,2743,AG-02-TH,POINT (-9.15546989440918 38.77402114868164)
2657_782,7785_20250901_152_0_12,152_0,0,38.74473190307617,-9.102720260620117,10,IN_TRANSIT_TO,2025-11-19 19:29:27,12523,2657,05-VZ-66,POINT (-9.102720260620117 38.74473190307617)
2637_781,7738_20250901_151_0_4,151_0,1,38.708770751953125,-9.133879661560059,27,IN_TRANSIT_TO,2025-11-19 19:29:45,4502,2637,87-VS-51,POINT (-9.133879661560059 38.708770751953125)
4830_736,18816_20250901_199_0_13,199_0,0,38.78947067260742,-9.168479919433594,25,IN_TRANSIT_TO,2025-11-19 19:18:25,7207,4830,20-VQ-63,POINT (-9.168479919433594 38.78947067260742)
2638_759,6970_20250901_144_0_12,144_0,1,38.73419952392578,-9.112669944763184,29,IN_TRANSIT_TO,2025-11-19 19:29:23,17580,2638,87-VS-48,POINT (-9.112669944763184 38.73419952392578)
6037_760,7081_20250901_171_0_14,171_0,1,38.709598541259766,-9.135350227355957,32,IN_TRANSIT_TO,2025-11-19 19:29:29,5519,6037,BG-37-LT,POINT (-9.135350227355957 38.709598541259766)
2633_759,6973_20250901_144_0_14,144_0,1,38.75368118286133,-9.114219665527344,21,IN_TRANSIT_TO,2025-11-19 19:29:16,50070,2633,52-VP-79,POINT (-9.114219665527344 38.75368118286133)
6005_765,18946_20250901_110_0_12,110_0,1,38.754329681396484,-9.1970796585083,8,IN_TRANSIT_TO,2025-11-19 19:29:46,10909,6005,81-ZC-91,POINT (-9.1970796585083 38.754329681396484)
2619_781,7756_20250901_151_0_16,151_0,1,38.76887893676758,-9.109919548034668,10,IN_TRANSIT_TO,2025-11-19 19:29:46,7802,2619,66-VI-37,POINT (-9.109919548034668 38.76887893676758)
6039_732,5076_20250901_107_0_9,107_0,0,38.70384979248047,-9.17216968536377,24,IN_TRANSIT_TO,2025-11-19 19:29:26,10202,6039,BG-96-LU,POINT (-9.17216968536377 38.70384979248047)
2716_711,3512_20250901_101_0_12,101_0,1,38.72502899169922,-9.153169631958008,28,IN_TRANSIT_TO,2025-11-19 19:29:38,1224,2716,92-XQ-27,POINT (-9.153169631958008 38.72502899169922)
6025_760,7066_20250901_171_0_12,171_0,0,38.72732925415039,-9.142000198364258,2,IN_TRANSIT_TO,2025-11-19 19:29:46,6611,6025,BF-92-AX,POINT (-9.142000198364258 38.72732925415039)
2991_702,3053_20250901_146_0_36,146_0,1,38.725948333740234,-9.167830467224121,6,IN_TRANSIT_TO,2025-11-19 19:29:21,8606,2991,29-VM-89,POINT (-9.167830467224121 38.725948333740234)
4820_751,6476_20250901_109_0_20,109_0,1,38.713218688964844,-9.225250244140625,5,IN_TRANSIT_TO,2025-11-19 19:29:34,14309,4820,20-VQ-62,POINT (-9.225250244140625 38.713218688964844)
2704_713,3605_20250901_122_0_13,122_0,0,38.71268081665039,-9.160149574279785,17,IN_TRANSIT_TO,2025-11-19 19:29:42,8111,2704,92-XQ-18,POINT (-9.160149574279785 38.71268081665039)
2639_722,4107_20250901_196_0_14,196_0,1,38.7434196472168,-9.132650375366211,22,IN_TRANSIT_TO,2025-11-19 19:29:40,310,2639,75-VS-47,POINT (-9.132650375366211 38.7434196472168)
2647_781,7747_20250901_151_0_15,151_0,1,38.74814987182617,-9.09689998626709,18,IN_TRANSIT_TO,2025-11-19 19:29:36,2307,2647,75-VS-45,POINT (-9.09689998626709 38.74814987182617)
2989_52B,21661_20250901_244_0_19,244_0,0,38.73556900024414,-9.152230262756348,15,IN_TRANSIT_TO,2025-11-19 19:29:39,1409,2989,29-VM-85,POINT (-9.152230262756348 38.73556900024414)
2642_781,57699_20250901_151_0_15,151_0,0,38.77455139160156,-9.11128044128418,22,IN_TRANSIT_TO,2025-11-19 19:29:19,12309,2642,75-VS-51,POINT (-9.11128044128418 38.77455139160156)
273_28E,44753_20250901_75_8_32,75_8,1,38.71432113647461,-9.16942024230957,15,IN_TRANSIT_TO,2025-11-19 19:26:42,8017,273,AH-15-TB,POINT (-9.16942024230957 38.71432113647461)
2661_711,3497_20250901_101_0_5,101_0,0,38.71318054199219,-9.13640022277832,3,IN_TRANSIT_TO,2025-11-19 19:29:26,913,2661,05-VZ-58,POINT (-9.13640022277832 38.71318054199219)
2737_720,4086_20250901_143_0_16,143_0,0,38.72747039794922,-9.14603042602539,13,IN_TRANSIT_TO,2025-11-19 19:29:24,6602,2737,AG-45-EI,POINT (-9.14603042602539 38.72747039794922)
2609_781,7721_20250901_151_0_12,151_0,0,38.71171951293945,-9.125229835510254,4,IN_TRANSIT_TO,2025-11-19 19:29:21,4505,2609,66-VI-36,POINT (-9.125229835510254 38.71171951293945)
2611_705,3186_20250901_176_0_18,176_0,1,38.767398834228516,-9.098099708557129,24,IN_TRANSIT_TO,2025-11-19 19:29:26,7822,2611,66-VI-38,POINT (-9.098099708557129 38.767398834228516)
2326_713,3614_20250901_122_0_13,122_0,0,38.7380485534668,-9.140669822692871,2,IN_TRANSIT_TO,2025-11-19 19:29:22,11109,2326,67-49-ZJ,POINT (-9.140669822692871 38.7380485534668)
2632_744,5805_20250901_200_0_12,200_0,1,38.73366928100586,-9.14503002166748,27,IN_TRANSIT_TO,2025-11-19 19:05:51,1812,2632,52-VP-88,POINT (-9.14503002166748 38.73366928100586)
2618_722,4119_20250901_196_0_15,196_0,1,38.78226852416992,-9.108480453491211,0,IN_TRANSIT_TO,2025-11-19 19:29:37,,2618,66-VI-42,POINT (-9.108480453491211 38.78226852416992)
548_12E,11035_20250901_77_0_20,77_0,0,38.71546936035156,-9.135970115661621,0,IN_TRANSIT_TO,2025-11-19 19:29:27,,548,,POINT (-9.135970115661621 38.71546936035156)
2643_722,4121_20250901_196_0_14,196_0,0,38.74480056762695,-9.131420135498047,14,IN_TRANSIT_TO,2025-11-19 19:29:46,317,2643,75-VS-44,POINT (-9.131420135498047 38.74480056762695)
2646_782,7786_20250901_152_0_12,152_0,0,38.70838165283203,-9.136449813842773,3,IN_TRANSIT_TO,2025-11-19 19:29:21,5501,2646,75-VS-48,POINT (-9.136449813842773 38.70838165283203)
2993_730,4967_20250901_198_0_19,198_0,1,38.73701858520508,-9.128649711608887,17,IN_TRANSIT_TO,2025-11-19 19:29:37,7002,2993,29-VM-93,POINT (-9.128649711608887 38.73701858520508)
2733_742,5768_20250901_114_0_10,114_0,1,38.72159957885742,-9.167130470275879,27,IN_TRANSIT_TO,2025-11-19 19:29:36,8011,2733,AG-41-EI,POINT (-9.167130470275879 38.72159957885742)
2468_729,4817_20250901_104_0_13,104_0,1,38.69889831542969,-9.227179527282715,0,IN_TRANSIT_TO,2025-11-19 19:29:22,,2468,16-AZ-10,POINT (-9.227179527282715 38.69889831542969)
2308_746,5993_20250901_108_0_17,108_0,0,38.74679946899414,-9.184550285339355,14,IN_TRANSIT_TO,2025-11-19 19:29:25,10702,2308,83-17-ZM,POINT (-9.184550285339355 38.74679946899414)
2654_722,4127_20250901_196_0_15,196_0,0,38.71747970581055,-9.143030166625977,1,IN_TRANSIT_TO,2025-11-19 19:29:35,1011,2654,05-VZ-69,POINT (-9.143030166625977 38.71747970581055)
541_28E,14986_20250901_75_0_20,75_0,0,38.710350036621094,-9.131779670715332,14,IN_TRANSIT_TO,2025-11-19 19:29:28,13816,541,,POINT (-9.131779670715332 38.710350036621094)
2612_744,5850_20250901_200_0_13,200_0,0,38.759429931640625,-9.135919570922852,15,IN_TRANSIT_TO,2025-11-19 19:29:36,11317,2612,66-VI-29,POINT (-9.135919570922852 38.759429931640625)
2736_735,5258_20250901_172_0_13,172_0,0,38.70841979980469,-9.133469581604004,4,IN_TRANSIT_TO,2025-11-19 19:29:33,4501,2736,AG-47-EI,POINT (-9.133469581604004 38.70841979980469)
6042_732,5088_20250901_107_0_8,107_0,0,38.733280181884766,-9.144379615783691,8,IN_TRANSIT_TO,2025-11-19 19:29:38,1803,6042,BG-97-LU,POINT (-9.144379615783691 38.733280181884766)
542_25E,14252_20250901_79_0_21,79_0,1,38.71398162841797,-9.161430358886719,5,IN_TRANSIT_TO,2025-11-19 19:29:35,8109,542,,POINT (-9.161430358886719 38.71398162841797)
2713_754,6584_20250901_201_0_14,201_0,1,38.74195098876953,-9.21168041229248,12,IN_TRANSIT_TO,2025-11-19 19:29:48,18109,2713,92-XQ-34,POINT (-9.21168041229248 38.74195098876953)
2635_705,3180_20250901_176_0_19,176_0,0,38.78253173828125,-9.12168025970459,11,IN_TRANSIT_TO,2025-11-19 19:29:18,12601,2635,52-VP-90,POINT (-9.12168025970459 38.78253173828125)
544_28E,14998_20250901_75_0_18,75_0,0,38.71746826171875,-9.129949569702148,8,IN_TRANSIT_TO,2025-11-19 19:29:40,9131,544,,POINT (-9.129949569702148 38.71746826171875)
2996_45B,45280_20250901_277_0_18,277_0,0,38.76449966430664,-9.157099723815918,11,IN_TRANSIT_TO,2025-11-19 19:29:25,50389,2996,30-VM-03,POINT (-9.157099723815918 38.76449966430664)
2769_723,63531_20250901_121_0_4,121_0,1,38.716148376464844,-9.200819969177246,19,IN_TRANSIT_TO,2025-11-19 19:29:22,10315,2769,AH-19-ND,POINT (-9.200819969177246 38.716148376464844)
402_734,5144_20250901_205_0_31,205_0,1,38.722721099853516,-9.131179809570312,8,IN_TRANSIT_TO,2025-11-19 19:27:49,9128,402,BF-81-TP,POINT (-9.131179809570312 38.722721099853516)
2636_718,3978_20250901_105_0_18,105_0,0,38.724578857421875,-9.115750312805176,20,IN_TRANSIT_TO,2025-11-19 19:29:25,9806,2636,87-VS-50,POINT (-9.115750312805176 38.724578857421875)
2686_727,4552_20250901_103_0_11,103_0,0,38.705078125,-9.177020072937012,29,IN_TRANSIT_TO,2025-11-19 19:29:39,12110,2686,99-XE-58,POINT (-9.177020072937012 38.705078125)
571_28E,15012_20250901_75_0_22,75_0,0,38.71828079223633,-9.135680198669434,1,IN_TRANSIT_TO,2025-11-19 19:29:48,819,571,,POINT (-9.135680198669434 38.71828079223633)
2626_759,6896_20250901_144_0_11,144_0,0,38.75722122192383,-9.112649917602539,28,IN_TRANSIT_TO,2025-11-19 19:29:41,8416,2626,52-VP-86,POINT (-9.112649917602539 38.75722122192383)
2829_728,4722_20250901_204_4_14,204_4,1,38.696170806884766,-9.199020385742188,15,IN_TRANSIT_TO,2025-11-19 19:29:45,4102,2829,BF-58-FZ,POINT (-9.199020385742188 38.696170806884766)
4810_728,4609_20250901_204_0_12,204_0,0,38.735618591308594,-9.103650093078613,31,IN_TRANSIT_TO,2025-11-19 19:29:37,12513,4810,20-VQ-60,POINT (-9.103650093078613 38.735618591308594)
503_15E,11186_20250901_76_0_15,76_0,0,38.70429992675781,-9.173930168151855,9,IN_TRANSIT_TO,2025-11-19 19:29:25,4004,503,,POINT (-9.173930168151855 38.70429992675781)
2603_744,5849_20250901_200_0_12,200_0,0,38.771881103515625,-9.097519874572754,26,IN_TRANSIT_TO,2025-11-19 19:29:24,7821,2603,16-VF-76,POINT (-9.097519874572754 38.771881103515625)
2649_759,6928_20250901_144_0_11,144_0,0,38.72642135620117,-9.111700057983398,13,IN_TRANSIT_TO,2025-11-19 19:28:58,8301,2649,75-VS-42,POINT (-9.111700057983398 38.72642135620117)
2985_774,7437_20250901_192_0_25,192_0,0,38.72272872924805,-9.149450302124023,10,IN_TRANSIT_TO,2025-11-19 19:29:23,1216,2985,30-VM-14,POINT (-9.149450302124023 38.72272872924805)
2986_34B,19151_20250901_226_0_13,226_0,0,38.737831115722656,-9.122650146484375,44,IN_TRANSIT_TO,2025-11-19 19:29:26,8906,2986,30-VM-12,POINT (-9.122650146484375 38.737831115722656)
2701_723,4182_20250901_121_0_15,121_0,0,38.72568130493164,-9.190079689025879,10,IN_TRANSIT_TO,2025-11-19 19:29:20,8607,2701,92-XQ-35,POINT (-9.190079689025879 38.72568130493164)
2982_34B,19141_20250901_226_0_14,226_0,0,38.72555160522461,-9.112480163574219,29,IN_TRANSIT_TO,2025-11-19 19:29:30,9822,2982,30-VM-23,POINT (-9.112480163574219 38.72555160522461)
2990_702,3030_20250901_146_0_31,146_0,0,38.728450775146484,-9.160030364990234,3,IN_TRANSIT_TO,2025-11-19 19:29:31,6103,2990,30-VM-06,POINT (-9.160030364990234 38.728450775146484)
2711_727,4553_20250901_103_0_11,103_0,0,38.70515060424805,-9.176830291748047,29,IN_TRANSIT_TO,2025-11-19 19:29:40,12110,2711,92-XQ-44,POINT (-9.176830291748047 38.70515060424805)
2702_738,5572_20250901_117_0_14,117_0,1,38.75592041015625,-9.170649528503418,32,IN_TRANSIT_TO,2025-11-19 19:29:38,13621,2702,92-XQ-21,POINT (-9.170649528503418 38.75592041015625)
2604_705,3190_20250901_176_0_15,176_0,1,38.76641845703125,-9.10396957397461,3,IN_TRANSIT_TO,2025-11-19 19:29:50,313,2604,66-VI-32,POINT (-9.10396957397461 38.76641845703125)
2332_750,6335_20250901_106_0_12,106_0,1,38.748069763183594,-9.197699546813965,14,IN_TRANSIT_TO,2025-11-19 19:29:20,2803,2332,53-55-ZJ,POINT (-9.197699546813965 38.748069763183594)
2605_782,7776_20250901_152_0_12,152_0,0,38.773170471191406,-9.104999542236328,21,IN_TRANSIT_TO,2025-11-19 19:29:36,7908,2605,66-VI-35,POINT (-9.104999542236328 38.773170471191406)
2663_714,3697_20240914_102_0_16,102_0,1,38.72127151489258,-9.221500396728516,4,IN_TRANSIT_TO,2024-10-22 20:26:58,18703,2663,05-VZ-62,POINT (-9.221500396728516 38.72127151489258)
2685_746,5977_20250901_108_0_22,108_0,1,38.75162124633789,-9.204219818115234,4,IN_TRANSIT_TO,2025-11-19 19:29:46,10901,2685,93-XA-46,POINT (-9.204219818115234 38.75162124633789)
2615_759,6921_20250901_144_0_13,144_0,0,38.74837875366211,-9.113470077514648,25,IN_TRANSIT_TO,2025-11-19 19:29:27,3713,2615,66-VI-27,POINT (-9.113470077514648 38.74837875366211)
579_12E,11025_20250901_77_0_21,77_0,1,38.70922088623047,-9.142499923706055,2,IN_TRANSIT_TO,2025-11-19 19:28:40,10515,579,,POINT (-9.142499923706055 38.70922088623047)
2732_749,6201_20250901_195_0_22,195_0,0,38.74528121948242,-9.151700019836426,18,IN_TRANSIT_TO,2025-11-19 19:29:38,50679,2732,AG-39-EI,POINT (-9.151700019836426 38.74528121948242)
545_25E,14271_20250901_79_0_21,79_0,1,38.71261978149414,-9.137669563293457,19,IN_TRANSIT_TO,2025-11-19 19:29:21,50621,545,,POINT (-9.137669563293457 38.71261978149414)
2963_45B,49563_20250901_277_0_6,277_0,1,38.76472854614258,-9.171879768371582,9,IN_TRANSIT_TO,2025-11-19 19:29:19,50024,2963,29-VM-88,POINT (-9.171879768371582 38.76472854614258)
404_19B,21687_20250901_245_0_13,245_0,0,38.719268798828125,-9.142749786376953,19,IN_TRANSIT_TO,2025-11-19 19:29:42,50686,404,BF-14-TQ,POINT (-9.142749786376953 38.719268798828125)
265_773,7417_20250901_124_0_7,124_0,0,38.711021423339844,-9.1702299118042,20,IN_TRANSIT_TO,2025-11-19 19:29:05,10105,265,AG-40-OV,POINT (-9.1702299118042 38.711021423339844)
4813_728,4569_20250901_204_0_10,204_0,0,38.77925109863281,-9.105870246887207,48,IN_TRANSIT_TO,2025-11-19 19:29:46,7903,4813,68-VQ-50,POINT (-9.105870246887207 38.77925109863281)
2828_753,6577_20250901_167_0_24,167_0,1,38.72306823730469,-9.166620254516602,2,IN_TRANSIT_TO,2025-11-19 19:29:35,14602,2828,BF-60-FZ,POINT (-9.166620254516602 38.72306823730469)
2696_714,3706_20250901_102_0_4,102_0,1,38.70323181152344,-9.20680046081543,18,IN_TRANSIT_TO,2025-11-19 19:29:33,13105,2696,90-XF-63,POINT (-9.20680046081543 38.70323181152344)
2644_759,6961_20250901_144_0_12,144_0,1,38.72589874267578,-9.112600326538086,36,IN_TRANSIT_TO,2025-11-19 19:29:22,8302,2644,87-VS-52,POINT (-9.112600326538086 38.72589874267578)
578_24E,17842_20250901_213_0_31,213_0,1,38.714481353759766,-9.144269943237305,9,IN_TRANSIT_TO,2025-11-19 19:29:13,10602,578,,POINT (-9.144269943237305 38.714481353759766)
2662_751,6510_20250901_109_0_14,109_0,0,38.70547866821289,-9.176369667053223,8,IN_TRANSIT_TO,2025-11-19 19:29:24,12110,2662,05-VZ-51,POINT (-9.176369667053223 38.70547866821289)
502_15E,11254_20250901_76_0_16,76_0,1,38.70479965209961,-9.17728042602539,14,IN_TRANSIT_TO,2025-11-19 19:29:32,12115,502,,POINT (-9.17728042602539 38.70479965209961)
2427_703,3170_20250901_165_0_16,165_0,1,38.77064895629883,-9.173680305480957,20,IN_TRANSIT_TO,2025-11-19 19:29:44,50161,2427,29-AX-14,POINT (-9.173680305480957 38.77064895629883)
572_28E,14920_20250901_75_0_21,75_0,1,38.722171783447266,-9.13539981842041,22,IN_TRANSIT_TO,2025-11-19 19:29:45,704,572,,POINT (-9.13539981842041 38.722171783447266)
2641_718,3975_20250901_105_0_18,105_0,0,38.73247146606445,-9.129830360412598,26,IN_TRANSIT_TO,2025-11-19 19:29:41,7011,2641,75-VS-49,POINT (-9.129830360412598 38.73247146606445)
270_64B,21489_20250901_238_0_27,238_0,0,38.71540069580078,-9.167880058288574,0,IN_TRANSIT_TO,2025-11-19 19:29:27,,270,AH-54-CZ,POINT (-9.167880058288574 38.71540069580078)
2974_737,5475_20250901_173_0_45,173_0,0,38.713951110839844,-9.138019561767578,0,IN_TRANSIT_TO,2025-11-19 19:29:22,,2974,30-VM-22,POINT (-9.138019561767578 38.713951110839844)
4817_728,4649_20250901_204_0_3,204_0,1,38.707828521728516,-9.205920219421387,48,IN_TRANSIT_TO,2025-11-19 19:29:41,13116,4817,00-VV-37,POINT (-9.205920219421387 38.707828521728516)
2987_774,7467_20250901_192_0_24,192_0,1,38.72023010253906,-9.154669761657715,7,IN_TRANSIT_TO,2025-11-19 19:29:42,6812,2987,29-VM-99,POINT (-9.154669761657715 38.72023010253906)
6006_706,3241_20250901_147_0_15,147_0,1,38.72489929199219,-9.146050453186035,21,IN_TRANSIT_TO,2025-11-19 19:29:36,1217,6006,82-ZC-09,POINT (-9.146050453186035 38.72489929199219)
2660_713,3606_20250901_122_0_5,122_0,0,38.72153091430664,-9.15647029876709,13,IN_TRANSIT_TO,2025-11-19 19:27:50,6823,2660,05-VZ-60,POINT (-9.15647029876709 38.72153091430664)
2655_718,3937_20250901_105_0_19,105_0,1,38.73210144042969,-9.128179550170898,6,IN_TRANSIT_TO,2025-11-19 19:29:22,502,2655,05-VZ-67,POINT (-9.128179550170898 38.73210144042969)
4807_728,4589_20250901_204_0_12,204_0,0,38.768470764160156,-9.104180335998535,43,IN_TRANSIT_TO,2025-11-19 19:29:30,7825,4807,20-VQ-69,POINT (-9.104180335998535 38.768470764160156)
2782_727,4544_20250901_103_0_8,103_0,0,38.69805145263672,-9.204620361328125,37,IN_TRANSIT_TO,2025-11-19 19:29:40,9604,2782,AI-99-BS,POINT (-9.204620361328125 38.69805145263672)
4644_750,6390_20250901_106_0_12,106_0,0,38.73371887207031,-9.207469940185547,31,IN_TRANSIT_TO,2025-11-19 19:29:43,8804,4644,27-JO-11,POINT (-9.207469940185547 38.73371887207031)
2984_52B,21671_20250901_244_0_19,244_0,0,38.7364501953125,-9.151080131530762,15,IN_TRANSIT_TO,2025-11-19 19:29:50,1409,2984,30-VM-04,POINT (-9.151080131530762 38.7364501953125)
4803_728,4681_20250901_204_0_11,204_0,1,38.70349884033203,-9.168169975280762,39,IN_TRANSIT_TO,2025-11-19 19:29:43,10202,4803,77-VP-16,POINT (-9.168169975280762 38.70349884033203)
2665_714,3684_20250901_102_0_5,102_0,0,38.706268310546875,-9.173419952392578,11,IN_TRANSIT_TO,2025-11-19 19:29:34,9417,2665,87-XB-33,POINT (-9.173419952392578 38.706268310546875)
272_76B,18630_20250901_219_0_26,219_0,0,38.7038688659668,-9.199430465698242,24,IN_TRANSIT_TO,2025-11-19 19:29:28,50370,272,AH-26-IN,POINT (-9.199430465698242 38.7038688659668)
2983_71B,45267_20250901_278_0_16,278_0,0,38.745521545410156,-9.204000473022461,16,IN_TRANSIT_TO,2025-11-19 19:29:45,8811,2983,30-VM-08,POINT (-9.204000473022461 38.745521545410156)
262_734,5152_20250901_205_0_19,205_0,0,38.7218017578125,-9.135330200195312,2,IN_TRANSIT_TO,2025-11-19 19:29:21,803,262,AF-49-ZD,POINT (-9.135330200195312 38.7218017578125)
2627_705,3195_20250901_176_0_19,176_0,1,38.769798278808594,-9.126230239868164,10,IN_TRANSIT_TO,2025-11-19 19:29:20,7603,2627,52-VP-83,POINT (-9.126230239868164 38.769798278808594)
276_28E,48783_20250901_75_8_35,75_8,1,38.71432876586914,-9.169320106506348,15,IN_TRANSIT_TO,2025-11-16 23:22:53,8017,276,AH-12-TB,POINT (-9.169320106506348 38.71432876586914)
2742_720,4100_20250901_143_0_16,143_0,1,38.73225021362305,-9.14247989654541,19,IN_TRANSIT_TO,2025-11-19 19:29:49,1709,2742,AG-94-TG,POINT (-9.14247989654541 38.73225021362305)
2725_711,3475_20250901_101_0_15,101_0,0,38.74591827392578,-9.204230308532715,20,IN_TRANSIT_TO,2025-11-19 19:29:49,8811,2725,92-XQ-30,POINT (-9.204230308532715 38.74591827392578)
2715_727,4502_20250901_103_0_10,103_0,1,38.72227096557617,-9.151829719543457,35,IN_TRANSIT_TO,2025-11-19 19:29:34,6809,2715,92-XQ-22,POINT (-9.151829719543457 38.72227096557617)
2608_705,3199_20250901_176_0_14,176_0,0,38.76847839355469,-9.127699851989746,18,IN_TRANSIT_TO,2025-11-19 19:29:38,7602,2608,66-VI-39,POINT (-9.127699851989746 38.76847839355469)
2966_72B,45275_20250901_279_0_17,279_0,0,38.74388122558594,-9.205650329589844,14,IN_TRANSIT_TO,2025-11-19 19:29:35,8814,2966,30-VM-20,POINT (-9.205650329589844 38.74388122558594)
2631_756,6761_20250901_175_0_21,175_0,1,38.74222946166992,-9.14052963256836,16,IN_TRANSIT_TO,2025-11-19 19:29:20,6401,2631,52-VP-80,POINT (-9.14052963256836 38.74222946166992)
2722_714,3662_20250901_102_0_15,102_0,0,38.709251403808594,-9.2150297164917,25,IN_TRANSIT_TO,2025-11-19 19:29:50,13120,2722,92-XQ-36,POINT (-9.2150297164917 38.709251403808594)
4632_783,7835_20250901_203_0_15,203_0,0,38.73012924194336,-9.146980285644531,5,IN_TRANSIT_TO,2025-11-19 19:29:31,1701,4632,98-JO-43,POINT (-9.146980285644531 38.73012924194336)
2735_756,6741_20250901_175_0_6,175_0,0,38.7393684387207,-9.152520179748535,12,IN_TRANSIT_TO,2025-11-19 19:29:21,33102,2735,AG-37-EI,POINT (-9.152520179748535 38.7393684387207)
282_61B,21530_20250901_241_0_26,241_0,1,38.723819732666016,-9.165949821472168,13,IN_TRANSIT_TO,2025-11-19 19:29:31,8609,282,AI-47-OJ,POINT (-9.165949821472168 38.723819732666016)
2625_744,5830_20250901_200_0_12,200_0,1,38.74168014526367,-9.146880149841309,25,IN_TRANSIT_TO,2025-11-19 19:29:37,1902,2625,72-VP-79,POINT (-9.146880149841309 38.74168014526367)
6045_732,5093_20250901_107_0_9,107_0,1,38.74913024902344,-9.157819747924805,46,IN_TRANSIT_TO,2025-11-19 19:29:50,13503,6045,BH-32-IQ,POINT (-9.157819747924805 38.74913024902344)
2247_767,7206_20250901_112_0_2,112_0,1,38.75400161743164,-9.206029891967773,8,IN_TRANSIT_TO,2025-11-17 15:34:40,10926,2247,22-34-ZB,POINT (-9.206029891967773 38.75400161743164)
2330_764,7166_20250901_168_0_15,168_0,0,38.74382019042969,-9.205699920654297,22,IN_TRANSIT_TO,2025-11-19 19:29:21,8814,2330,67-52-ZJ,POINT (-9.205699920654297 38.74382019042969)
2316_723,4177_20250901_121_0_5,121_0,0,38.71371841430664,-9.201250076293945,16,IN_TRANSIT_TO,2025-11-19 19:29:34,10315,2316,61-87-ZB,POINT (-9.201250076293945 38.71371841430664)
2260_758,6853_20250901_150_0_13,150_0,0,38.71738052368164,-9.150079727172852,6,IN_TRANSIT_TO,2025-11-19 19:29:25,10605,2260,67-47-ZJ,POINT (-9.150079727172852 38.71738052368164)
2327_712,3565_20250901_189_0_8,189_0,1,38.72502899169922,-9.15291976928711,14,IN_TRANSIT_TO,2025-11-11 11:30:40,1224,2327,67-53-ZJ,POINT (-9.15291976928711 38.72502899169922)
2310_754,6622_20250901_201_0_14,201_0,1,38.742618560791016,-9.14702033996582,33,IN_TRANSIT_TO,2025-11-19 19:29:46,2020,2310,83-07-ZM,POINT (-9.14702033996582 38.742618560791016)
2489_760,7044_20250901_171_0_9,171_0,0,38.70634841918945,-9.14286994934082,11,IN_TRANSIT_TO,2025-11-19 19:29:46,3820,2489,55-BH-05,POINT (-9.14286994934082 38.70634841918945)
2402_703,3162_20250901_165_0_16,165_0,0,38.782020568847656,-9.157400131225586,12,IN_TRANSIT_TO,2025-11-19 19:29:49,5933,2402,50-AL-13,POINT (-9.157400131225586 38.782020568847656)
2490_735,5242_20250901_172_1_12,172_1,0,38.7210807800293,-9.124919891357422,11,IN_TRANSIT_TO,2025-11-19 19:29:20,9113,2490,55-BH-01,POINT (-9.124919891357422 38.7210807800293)
1701_798,8190_20250901_194_0_27,194_0,0,38.79042053222656,-9.150670051574707,23,IN_TRANSIT_TO,2025-11-19 19:29:41,11602,1701,39-AB-08,POINT (-9.150670051574707 38.79042053222656)
6044_732,5096_20250901_107_0_8,107_0,1,38.740718841552734,-9.146470069885254,39,IN_TRANSIT_TO,2025-11-19 19:29:36,1809,6044,BG-87-LX,POINT (-9.146470069885254 38.740718841552734)
2341_724,4204_20250901_178_0_22,178_0,1,38.719871520996094,-9.185270309448242,23,IN_TRANSIT_TO,2025-11-19 19:29:18,21306,2341,67-50-ZJ,POINT (-9.185270309448242 38.719871520996094)
2785_776,7476_20250901_193_0_54,193_0,0,38.69826889038086,-9.226900100708008,1,IN_TRANSIT_TO,2025-11-19 19:29:28,4220,2785,AI-05-BT,POINT (-9.226900100708008 38.69826889038086)
2994_72B,45276_20250901_279_0_16,279_0,0,38.74502182006836,-9.19966983795166,20,IN_TRANSIT_TO,2025-11-19 19:29:41,10831,2994,29-VM-91,POINT (-9.19966983795166 38.74502182006836)
2246_771,21940_20250901_248_0_21,248_0,1,38.71287155151367,-9.195449829101562,8,IN_TRANSIT_TO,2025-11-19 19:29:20,50140,2246,22-38-ZB,POINT (-9.195449829101562 38.71287155151367)
2248_767,7184_20250901_112_0_10,112_0,1,38.72652816772461,-9.140769958496094,41,IN_TRANSIT_TO,2025-11-19 19:29:47,6903,2248,22-33-ZB,POINT (-9.140769958496094 38.72652816772461)
2244_726,4308_20250901_116_0_12,116_0,1,38.72385025024414,-9.131999969482422,30,IN_TRANSIT_TO,2025-11-19 19:29:29,604,2244,22-44-ZB,POINT (-9.131999969482422 38.72385025024414)
2714_712,3565_20250901_189_0_16,189_0,1,38.72758102416992,-9.162280082702637,11,IN_TRANSIT_TO,2025-11-19 19:29:21,6104,2714,92-XQ-38,POINT (-9.162280082702637 38.72758102416992)
2286_731,4989_20250901_190_0_12,190_0,1,38.73860168457031,-9.16392993927002,36,IN_TRANSIT_TO,2025-11-19 19:29:42,1602,2286,67-42-ZJ,POINT (-9.16392993927002 38.73860168457031)
2299_735,5263_20250901_172_0_14,172_0,1,38.74272918701172,-9.138420104980469,10,IN_TRANSIT_TO,2025-11-19 19:29:41,306,2299,83-14-ZM,POINT (-9.138420104980469 38.74272918701172)
2293_763,46424_20250901_282_0_21,282_0,0,38.760921478271484,-9.196700096130371,18,IN_TRANSIT_TO,2025-11-19 19:29:23,13911,2293,92-57-ZM,POINT (-9.196700096130371 38.760921478271484)
1727_794,8043_20250901_115_0_15,115_0,1,38.752479553222656,-9.114720344543457,12,IN_TRANSIT_TO,2025-11-19 19:29:14,24382,1727,25-AS-39,POINT (-9.114720344543457 38.752479553222656)
2478_706,3235_20250901_147_0_9,147_0,1,38.720001220703125,-9.155119895935059,24,IN_TRANSIT_TO,2025-11-19 19:29:47,6810,2478,91-BE-80,POINT (-9.155119895935059 38.720001220703125)
1778_717,3825_20250901_170_0_12,170_0,0,38.75733184814453,-9.14387035369873,12,IN_TRANSIT_TO,2025-11-19 19:29:24,11306,1778,63-HX-30,POINT (-9.14387035369873 38.75733184814453)
2812_725,4255_20250901_197_0_31,197_0,0,38.790321350097656,-9.121129989624023,14,IN_TRANSIT_TO,2025-11-19 19:29:45,16309,2812,90-II-61,POINT (-9.121129989624023 38.790321350097656)
4621_736,5431_20250901_199_0_11,199_0,0,38.78697967529297,-9.18025016784668,30,IN_TRANSIT_TO,2025-11-19 19:29:44,15102,4621,90-JI-90,POINT (-9.18025016784668 38.78697967529297)
4639_736,5379_20250901_199_0_12,199_0,1,38.73366928100586,-9.145050048828125,23,IN_TRANSIT_TO,2025-11-19 19:29:25,1812,4639,27-JO-13,POINT (-9.145050048828125 38.73366928100586)
2815_793,8019_20250901_145_0_20,145_0,0,38.74222183227539,-9.132450103759766,27,IN_TRANSIT_TO,2025-11-19 19:29:39,301,2815,90-II-55,POINT (-9.132450103759766 38.74222183227539)
1749_755,6641_20250901_118_0_5,118_0,1,38.755130767822266,-9.125929832458496,19,IN_TRANSIT_TO,2025-11-19 19:29:41,14712,1749,92-HR-06,POINT (-9.125929832458496 38.755130767822266)
2970_799,8227_20250901_120_0_17,120_0,0,38.74502944946289,-9.199830055236816,8,IN_TRANSIT_TO,2025-11-19 19:29:27,2806,2970,29-VM-87,POINT (-9.199830055236816 38.74502944946289)
1747_717,3759_20250901_170_0_15,170_0,1,38.787471771240234,-9.144729614257812,8,IN_TRANSIT_TO,2025-11-19 19:29:44,6003,1747,92-HR-04,POINT (-9.144729614257812 38.787471771240234)
1746_749,59010_20250901_195_0_3,195_0,0,38.75640106201172,-9.204219818115234,27,IN_TRANSIT_TO,2025-11-19 19:29:32,13702,1746,92-HR-03,POINT (-9.204219818115234 38.75640106201172)
2971_770,7364_20250901_191_0_23,191_0,0,38.734771728515625,-9.17566967010498,12,IN_TRANSIT_TO,2025-11-19 19:29:20,10726,2971,29-VM-98,POINT (-9.17566967010498 38.734771728515625)
2811_793,8007_20250901_145_0_21,145_0,1,38.74549865722656,-9.135580062866211,1,IN_TRANSIT_TO,2025-11-19 19:29:23,50108,2811,02-IH-00,POINT (-9.135580062866211 38.74549865722656)
2803_793,7989_20250901_145_0_21,145_0,1,38.7399787902832,-9.1116304397583,22,IN_TRANSIT_TO,2025-11-19 19:29:26,50173,2803,01-IH-92,POINT (-9.1116304397583 38.7399787902832)
4802_751,6498_20250901_109_0_15,109_0,0,38.699771881103516,-9.214119911193848,19,IN_TRANSIT_TO,2025-11-19 19:29:40,9714,4802,77-VP-17,POINT (-9.214119911193848 38.699771881103516)
4812_728,4706_20250901_204_0_11,204_0,1,38.74435043334961,-9.101180076599121,19,IN_TRANSIT_TO,2025-11-19 19:29:23,12504,4812,20-VQ-70,POINT (-9.101180076599121 38.74435043334961)
1744_758,6891_20250901_150_4_21,150_4,0,38.72520065307617,-9.159979820251465,2,IN_TRANSIT_TO,2025-11-19 19:29:31,8509,1744,92-HR-01,POINT (-9.159979820251465 38.72520065307617)
2806_725,4239_20250901_197_0_32,197_0,1,38.767250061035156,-9.098099708557129,14,IN_TRANSIT_TO,2025-11-19 19:29:22,7822,2806,01-IH-95,POINT (-9.098099708557129 38.767250061035156)
2453_726,4264_20250901_116_0_15,116_0,0,38.76026916503906,-9.182829856872559,24,IN_TRANSIT_TO,2025-11-19 19:29:48,13608,2453,16-AZ-13,POINT (-9.182829856872559 38.76026916503906)
2459_729,4801_20250901_104_0_13,104_0,1,38.72209930419922,-9.196849822998047,20,IN_TRANSIT_TO,2025-11-19 19:29:15,21302,2459,74-BC-74,POINT (-9.196849822998047 38.72209930419922)
2804_718,3991_20250901_105_0_17,105_0,0,38.750030517578125,-9.105520248413086,9,IN_TRANSIT_TO,2025-11-19 19:29:31,2205,2804,01-IH-93,POINT (-9.105520248413086 38.750030517578125)
4640_736,5319_20250901_199_0_15,199_0,0,38.738548278808594,-9.145899772644043,8,IN_TRANSIT_TO,2025-11-19 19:29:23,1809,4640,02-JN-87,POINT (-9.145899772644043 38.738548278808594)
1753_796,8140_20250901_174_0_36,174_0,1,38.776981353759766,-9.164030075073242,10,IN_TRANSIT_TO,2025-11-19 19:29:38,5910,1753,34-HU-19,POINT (-9.164030075073242 38.776981353759766)
1750_717,3822_20250901_170_0_15,170_0,0,38.76554870605469,-9.157320022583008,17,IN_TRANSIT_TO,2025-11-19 19:29:41,5811,1750,92-HR-07,POINT (-9.157320022583008 38.76554870605469)
2810_793,7973_20250901_145_0_21,145_0,0,38.7392692565918,-9.106579780578613,1,IN_TRANSIT_TO,2025-11-19 19:29:48,12522,2810,01-IH-99,POINT (-9.106579780578613 38.7392692565918)
1752_796,8144_20250901_174_0_36,174_0,1,38.792049407958984,-9.158100128173828,4,IN_TRANSIT_TO,2025-11-19 19:29:44,11607,1752,34-HU-18,POINT (-9.158100128173828 38.792049407958984)
2279_799,8222_20250901_120_0_22,120_0,0,38.73833084106445,-9.217720031738281,16,IN_TRANSIT_TO,2025-11-19 19:29:44,50053,2279,67-38-ZJ,POINT (-9.217720031738281 38.73833084106445)
2700_738,5535_20250901_117_0_13,117_0,1,38.71567916870117,-9.159379959106445,12,IN_TRANSIT_TO,2025-11-19 19:29:46,8103,2700,92-XQ-26,POINT (-9.159379959106445 38.71567916870117)
2311_750,38367_20250901_106_4_17,106_4,0,38.744319915771484,-9.205329895019531,2,IN_TRANSIT_TO,2025-11-19 19:29:28,8816,2311,72-23-XN,POINT (-9.205329895019531 38.744319915771484)
2251_758,6848_20250901_150_0_15,150_0,0,38.70573043823242,-9.143230438232422,0,IN_TRANSIT_TO,2025-11-19 19:29:29,,2251,22-31-ZB,POINT (-9.143230438232422 38.70573043823242)
2280_726,4334_20250901_116_0_12,116_0,1,38.76158142089844,-9.196700096130371,4,IN_TRANSIT_TO,2025-11-19 19:29:22,13907,2280,67-40-ZJ,POINT (-9.196700096130371 38.76158142089844)
2794_713,42765_20250901_122_0_4,122_0,1,38.71697998046875,-9.175419807434082,4,IN_TRANSIT_TO,2025-11-19 19:29:38,11902,2794,AJ-60-LI,POINT (-9.175419807434082 38.71697998046875)
219_773,7408_20250901_124_0_27,124_0,0,38.709381103515625,-9.161700248718262,0,IN_TRANSIT_TO,2025-11-19 19:29:40,,219,11-12-XO,POINT (-9.161700248718262 38.709381103515625)
302_783,7809_20250901_203_0_15,203_0,0,38.76987838745117,-9.126680374145508,20,IN_TRANSIT_TO,2025-11-19 19:29:36,7603,302,22-SP-89,POINT (-9.126680374145508 38.76987838745117)
2710_723,4149_20250901_121_0_12,121_0,0,38.69594955444336,-9.214920043945312,27,IN_TRANSIT_TO,2025-11-19 19:29:40,9707,2710,92-XQ-19,POINT (-9.214920043945312 38.69594955444336)
2278_758,6793_20250901_150_0_15,150_0,0,38.749000549316406,-9.191269874572754,26,IN_TRANSIT_TO,2025-11-19 19:29:16,10814,2278,67-41-ZJ,POINT (-9.191269874572754 38.749000549316406)
2623_759,6943_20250901_144_0_13,144_0,0,38.70838165283203,-9.136329650878906,4,IN_TRANSIT_TO,2025-11-19 19:29:08,5501,2623,66-VI-26,POINT (-9.136329650878906 38.70838165283203)
2734_742,5747_20250901_114_0_12,114_0,1,38.731971740722656,-9.127880096435547,43,IN_TRANSIT_TO,2025-11-19 19:29:28,502,2734,AG-50-EI,POINT (-9.127880096435547 38.731971740722656)
2756_742,5759_20250901_114_0_12,114_0,1,38.72835159301758,-9.121000289916992,46,IN_TRANSIT_TO,2025-11-19 19:29:41,11702,2756,AH-27-ND,POINT (-9.121000289916992 38.72835159301758)
2450_726,4317_20250901_116_0_14,116_0,1,38.73509979248047,-9.149080276489258,24,IN_TRANSIT_TO,2025-11-19 19:29:27,1412,2450,44-BC-36,POINT (-9.149080276489258 38.73509979248047)
301_708,3298_20250901_100_0_11,100_0,0,38.765018463134766,-9.11454963684082,22,IN_TRANSIT_TO,2025-11-19 19:29:24,8443,301,74-SM-62,POINT (-9.11454963684082 38.765018463134766)
2746_756,6730_20250901_175_0_19,175_0,0,38.705230712890625,-9.17650032043457,24,IN_TRANSIT_TO,2025-11-19 19:29:41,12122,2746,AG-97-TG,POINT (-9.17650032043457 38.705230712890625)
2483_767,7305_20250901_112_0_11,112_0,0,38.76081848144531,-9.166780471801758,22,IN_TRANSIT_TO,2025-11-19 19:29:18,50005,2483,74-BC-66,POINT (-9.166780471801758 38.76081848144531)
2499_742,5777_20250901_114_0_10,114_0,0,38.712650299072266,-9.195480346679688,57,IN_TRANSIT_TO,2025-11-19 19:29:41,50140,2499,03-BM-58,POINT (-9.195480346679688 38.712650299072266)
2300_798,8198_20250901_194_0_27,194_0,0,38.772369384765625,-9.148850440979004,8,IN_TRANSIT_TO,2025-11-19 19:29:40,11503,2300,83-13-ZM,POINT (-9.148850440979004 38.772369384765625)
1721_755,6709_20250901_118_0_15,118_0,1,38.74427032470703,-9.10159969329834,39,IN_TRANSIT_TO,2025-11-19 19:29:45,12524,1721,25-AS-33,POINT (-9.10159969329834 38.74427032470703)
1775_720,4087_20250901_143_0_17,143_0,0,38.73762130737305,-9.133779525756836,7,IN_TRANSIT_TO,2025-11-19 19:29:29,404,1775,53-HX-08,POINT (-9.133779525756836 38.73762130737305)
2797_713,3621_20250901_122_0_16,122_0,1,38.73347091674805,-9.154569625854492,31,IN_TRANSIT_TO,2025-11-19 19:29:19,1406,2797,AJ-57-LI,POINT (-9.154569625854492 38.73347091674805)
1773_720,4094_20250901_143_0_16,143_0,1,38.74032974243164,-9.133480072021484,26,IN_TRANSIT_TO,2025-11-19 19:29:46,411,1773,53-HX-06,POINT (-9.133480072021484 38.74032974243164)
2284_731,41474_20250901_190_0_13,190_0,0,38.75217056274414,-9.158329963684082,13,IN_TRANSIT_TO,2025-11-19 19:29:36,13510,2284,67-36-ZJ,POINT (-9.158329963684082 38.75217056274414)
1705_701,2960_20250901_123_0_16,123_0,0,38.747920989990234,-9.150799751281738,6,IN_TRANSIT_TO,2025-11-19 19:29:43,2007,1705,69-AL-68,POINT (-9.150799751281738 38.747920989990234)
2745_756,6713_20250901_175_0_21,175_0,1,38.70069885253906,-9.182430267333984,1,IN_TRANSIT_TO,2025-11-19 19:29:50,9511,2745,AG-06-TH,POINT (-9.182430267333984 38.70069885253906)
2784_714,3697_20250901_102_0_14,102_0,1,38.70465087890625,-9.178019523620605,27,IN_TRANSIT_TO,2025-11-19 19:29:37,12111,2784,AI-09-BT,POINT (-9.178019523620605 38.70465087890625)
2243_771,21942_20250901_248_0_22,248_0,0,38.71366882324219,-9.200329780578613,15,IN_TRANSIT_TO,2025-11-19 19:29:09,50036,2243,22-36-ZB,POINT (-9.200329780578613 38.71366882324219)
4628_736,5414_20250901_199_0_4,199_0,1,38.78192138671875,-9.164520263671875,7,IN_TRANSIT_TO,2025-11-19 19:29:25,7202,4628,27-JO-10,POINT (-9.164520263671875 38.78192138671875)
1710_701,2978_20250901_123_0_19,123_0,1,38.75093078613281,-9.16648006439209,22,IN_TRANSIT_TO,2025-11-19 19:29:44,13620,1710,69-AL-73,POINT (-9.16648006439209 38.75093078613281)
2480_778,7529_20250901_179_0_24,179_0,1,38.766780853271484,-9.17117977142334,17,IN_TRANSIT_TO,2025-11-19 19:29:27,50026,2480,91-BE-75,POINT (-9.17117977142334 38.766780853271484)
2252_767,7308_20250901_112_0_11,112_0,0,38.760948181152344,-9.16232967376709,19,IN_TRANSIT_TO,2025-11-19 19:29:31,5825,2252,80-40-ZE,POINT (-9.16232967376709 38.760948181152344)
2767_727,4528_20250901_103_0_11,103_0,1,38.697418212890625,-9.194100379943848,13,IN_TRANSIT_TO,2025-11-19 19:29:21,4109,2767,AH-34-ND,POINT (-9.194100379943848 38.697418212890625)
2413_747,6114_20250901_177_0_15,177_0,0,38.76279830932617,-9.156570434570312,2,IN_TRANSIT_TO,2025-11-19 19:29:40,5807,2413,92-AO-50,POINT (-9.156570434570312 38.76279830932617)
2454_726,4325_20250901_116_0_14,116_0,1,38.73815155029297,-9.154850006103516,21,IN_TRANSIT_TO,2025-11-19 19:29:43,1504,2454,16-AZ-18,POINT (-9.154850006103516 38.73815155029297)
2482_747,6101_20250901_177_0_21,177_0,0,38.764251708984375,-9.176719665527344,9,IN_TRANSIT_TO,2025-11-19 19:29:27,50007,2482,55-BH-02,POINT (-9.176719665527344 38.764251708984375)
1769_717,3864_20250901_170_0_14,170_0,1,38.756168365478516,-9.14739990234375,27,IN_TRANSIT_TO,2025-11-19 19:29:34,5706,1769,63-HX-24,POINT (-9.14739990234375 38.756168365478516)
2255_763,49571_20250901_282_0_6,282_0,1,38.7722282409668,-9.184700012207031,10,IN_TRANSIT_TO,2025-11-19 19:29:49,14114,2255,80-54-ZE,POINT (-9.184700012207031 38.7722282409668)
1722_701,2988_20250901_123_0_13,123_0,1,38.720550537109375,-9.168549537658691,3,IN_TRANSIT_TO,2025-11-19 19:29:49,8014,1722,25-AS-34,POINT (-9.168549537658691 38.720550537109375)
1756_735,5275_20250901_172_1_14,172_1,1,38.70532989501953,-9.143850326538086,21,IN_TRANSIT_TO,2025-11-19 19:29:47,3820,1756,34-HU-22,POINT (-9.143850326538086 38.70532989501953)
2487_729,4825_20250901_104_0_11,104_0,0,38.71337127685547,-9.20259952545166,27,IN_TRANSIT_TO,2025-11-19 19:29:49,12907,2487,54-BH-97,POINT (-9.20259952545166 38.71337127685547)
1757_720,4101_20250901_143_0_14,143_0,1,38.7244987487793,-9.150420188903809,16,IN_TRANSIT_TO,2025-11-19 19:29:23,1207,1757,34-HU-23,POINT (-9.150420188903809 38.7244987487793)
2470_758,19409_20250901_150_0_4,150_0,1,38.752620697021484,-9.209449768066406,0,IN_TRANSIT_TO,2025-11-19 19:29:37,,2470,74-BC-71,POINT (-9.209449768066406 38.752620697021484)
1762_735,5182_20250901_172_1_15,172_1,0,38.74020004272461,-9.12736988067627,20,IN_TRANSIT_TO,2025-11-19 19:29:23,409,1762,63-HX-32,POINT (-9.12736988067627 38.74020004272461)
2239_767,7201_20250901_112_0_11,112_0,0,38.7288703918457,-9.14031982421875,3,IN_TRANSIT_TO,2025-11-19 19:29:46,6902,2239,06-30-XX,POINT (-9.14031982421875 38.7288703918457)
2771_727,4441_20250901_103_0_11,103_0,0,38.71907043457031,-9.15565013885498,16,IN_TRANSIT_TO,2025-11-19 19:28:50,6810,2771,AH-20-ND,POINT (-9.15565013885498 38.71907043457031)
2322_712,3541_20250901_189_0_16,189_0,0,38.728370666503906,-9.160120010375977,20,IN_TRANSIT_TO,2025-11-19 19:29:32,6103,2322,67-46-ZJ,POINT (-9.160120010375977 38.728370666503906)
1741_767,7314_20250901_112_1_12,112_1,1,38.75510025024414,-9.198800086975098,11,IN_TRANSIT_TO,2025-11-19 19:29:40,13705,1741,08-HN-24,POINT (-9.198800086975098 38.75510025024414)
2412_747,6119_20250901_177_0_21,177_0,1,38.76382827758789,-9.166919708251953,16,IN_TRANSIT_TO,2025-11-19 19:29:26,50006,2412,92-AO-48,POINT (-9.166919708251953 38.76382827758789)
2774_727,4463_20250901_103_0_11,103_0,0,38.749271392822266,-9.142729759216309,4,IN_TRANSIT_TO,2025-11-19 19:29:32,205,2774,AH-22-ND,POINT (-9.142729759216309 38.749271392822266)
2469_767,7250_20250901_112_0_11,112_0,1,38.76210021972656,-9.162369728088379,26,IN_TRANSIT_TO,2025-11-19 19:29:31,50014,2469,16-AZ-09,POINT (-9.162369728088379 38.76210021972656)
1704_701,2947_20250901_123_0_17,123_0,0,38.73844909667969,-9.168580055236816,21,IN_TRANSIT_TO,2025-11-19 19:29:47,2712,1704,35-AL-14,POINT (-9.168580055236816 38.73844909667969)
2268_758,6889_20250901_150_0_16,150_0,1,38.74961853027344,-9.193449974060059,6,IN_TRANSIT_TO,2025-11-19 19:29:25,10801,2268,76-87-ZG,POINT (-9.193449974060059 38.74961853027344)
1772_755,6691_20250901_118_0_4,118_0,0,38.75077819824219,-9.15880012512207,37,IN_TRANSIT_TO,2025-11-19 19:29:50,13507,1772,63-HX-22,POINT (-9.15880012512207 38.75077819824219)
4613_750,6283_20250901_106_0_4,106_0,1,38.76689910888672,-9.104049682617188,38,IN_TRANSIT_TO,2025-11-19 19:29:30,2315,4613,22-GP-48,POINT (-9.104049682617188 38.76689910888672)
1718_717,3863_20250901_170_0_14,170_0,1,38.73524856567383,-9.13407039642334,39,IN_TRANSIT_TO,2025-11-19 19:29:40,410,1718,69-AL-81,POINT (-9.13407039642334 38.73524856567383)
2772_727,4454_20250901_103_0_10,103_0,0,38.727970123291016,-9.148170471191406,12,IN_TRANSIT_TO,2025-11-19 19:29:22,1702,2772,AH-24-ND,POINT (-9.148170471191406 38.727970123291016)
2467_729,4810_20250901_104_0_12,104_0,1,38.69501876831055,-9.215370178222656,4,IN_TRANSIT_TO,2025-11-19 19:29:41,13205,2467,16-AZ-14,POINT (-9.215370178222656 38.69501876831055)
2757_782,7766_20250901_152_0_13,152_0,1,38.73609924316406,-9.103679656982422,14,IN_TRANSIT_TO,2025-11-19 19:29:37,50117,2757,AH-32-ND,POINT (-9.103679656982422 38.73609924316406)
2823_753,6536_20250901_167_0_6,167_0,0,38.710731506347656,-9.177780151367188,7,IN_TRANSIT_TO,2025-11-19 19:29:21,8607,2823,BF-64-FZ,POINT (-9.177780151367188 38.710731506347656)
2473_726,4273_20250901_116_0_13,116_0,0,38.74602127075195,-9.169599533081055,19,IN_TRANSIT_TO,2025-11-19 19:27:31,12707,2473,74-BC-68,POINT (-9.169599533081055 38.74602127075195)
1758_755,6632_20250901_118_0_12,118_0,1,38.74692153930664,-9.112879753112793,30,IN_TRANSIT_TO,2025-11-19 19:29:41,3714,1758,34-HU-24,POINT (-9.112879753112793 38.74692153930664)
2497_794,8035_20250901_115_0_12,115_0,1,38.725101470947266,-9.111969947814941,32,IN_TRANSIT_TO,2025-11-19 19:29:33,8320,2497,88-BL-71,POINT (-9.111969947814941 38.725101470947266)
2461_703,3173_20250901_165_0_14,165_0,1,38.77334976196289,-9.170029640197754,22,IN_TRANSIT_TO,2025-11-19 19:28:59,5918,2461,55-BH-04,POINT (-9.170029640197754 38.77334976196289)
2422_767,7267_20250901_112_0_4,112_0,1,38.76158142089844,-9.164830207824707,26,IN_TRANSIT_TO,2025-11-19 19:29:23,50014,2422,29-AU-17,POINT (-9.164830207824707 38.76158142089844)
2775_746,5986_20250901_108_0_19,108_0,0,38.75212097167969,-9.205419540405273,21,IN_TRANSIT_TO,2025-11-19 19:29:37,10902,2775,AH-31-ND,POINT (-9.205419540405273 38.75212097167969)
2285_731,5007_20250901_190_0_12,190_0,1,38.75751876831055,-9.143420219421387,23,IN_TRANSIT_TO,2025-11-19 19:29:38,11306,2285,67-55-ZJ,POINT (-9.143420219421387 38.75751876831055)
2809_793,7994_20250901_145_0_21,145_0,1,38.744171142578125,-9.11847972869873,8,IN_TRANSIT_TO,2025-11-19 19:29:36,3610,2809,01-IH-98,POINT (-9.11847972869873 38.744171142578125)
2423_778,18648_20250901_179_0_7,179_0,0,38.760528564453125,-9.170450210571289,5,IN_TRANSIT_TO,2025-11-19 19:29:35,50011,2423,29-AU-18,POINT (-9.170450210571289 38.760528564453125)
2269_758,6868_20250901_150_0_14,150_0,1,38.7100715637207,-9.143070220947266,32,IN_TRANSIT_TO,2025-11-19 19:29:39,10502,2269,76-88-ZG,POINT (-9.143070220947266 38.7100715637207)
2758_755,6711_20250901_118_0_15,118_0,1,38.74422073364258,-9.11359977722168,31,IN_TRANSIT_TO,2025-11-19 19:29:39,3708,2758,AH-36-ND,POINT (-9.11359977722168 38.74422073364258)
2420_767,7286_20250901_112_0_11,112_0,0,38.754730224609375,-9.196269989013672,34,IN_TRANSIT_TO,2025-11-19 19:29:50,10912,2420,29-AU-15,POINT (-9.196269989013672 38.754730224609375)
218_773,7423_20250901_124_0_22,124_0,0,38.71377182006836,-9.160730361938477,15,IN_TRANSIT_TO,2025-11-19 19:29:29,8112,218,11-13-XO,POINT (-9.160730361938477 38.71377182006836)
2833_753,18385_20250901_167_0_11,167_0,0,38.67729949951172,-9.17473030090332,7,IN_TRANSIT_TO,2025-11-19 19:29:25,8607,2833,BF-65-FZ,POINT (-9.17473030090332 38.67729949951172)
1703_701,2939_20250901_123_0_20,123_0,0,38.72671890258789,-9.162300109863281,25,IN_TRANSIT_TO,2025-11-19 19:29:36,6122,1703,35-AL-13,POINT (-9.162300109863281 38.72671890258789)
4622_736,5359_20250901_199_0_14,199_0,1,38.71586990356445,-9.142069816589355,28,IN_TRANSIT_TO,2025-11-19 19:29:21,1006,4622,90-JI-91,POINT (-9.142069816589355 38.71586990356445)
1766_796,8148_20250901_174_0_25,174_0,1,38.79214859008789,-9.150270462036133,0,IN_TRANSIT_TO,2025-11-19 19:29:48,,1766,63-HX-33,POINT (-9.150270462036133 38.79214859008789)
2465_747,6122_20250901_177_0_22,177_0,1,38.76448059082031,-9.177149772644043,12,IN_TRANSIT_TO,2025-11-19 19:29:42,12833,2465,55-BH-00,POINT (-9.177149772644043 38.76448059082031)
1715_717,3879_20250901_170_0_15,170_0,1,38.77519989013672,-9.148369789123535,16,IN_TRANSIT_TO,2025-11-19 19:29:46,6015,1715,69-AL-78,POINT (-9.148369789123535 38.77519989013672)
1777_742,5687_20250901_114_0_13,114_0,0,38.73646926879883,-9.151000022888184,24,IN_TRANSIT_TO,2025-11-19 19:29:28,1409,1777,63-HX-31,POINT (-9.151000022888184 38.73646926879883)
2787_764,7142_20250901_168_0_18,168_0,0,38.75590133666992,-9.1766996383667,9,IN_TRANSIT_TO,2025-11-19 19:29:45,13617,2787,AI-55-TL,POINT (-9.1766996383667 38.75590133666992)
2271_731,5022_20250901_190_0_13,190_0,0,38.78047180175781,-9.104820251464844,32,IN_TRANSIT_TO,2025-11-19 19:29:25,7902,2271,92-54-ZM,POINT (-9.104820251464844 38.78047180175781)
2305_794,8091_20250901_115_0_15,115_0,0,38.75661849975586,-9.121549606323242,24,IN_TRANSIT_TO,2025-11-19 19:29:35,14704,2305,83-18-ZM,POINT (-9.121549606323242 38.75661849975586)
1765_742,5666_20250901_114_0_11,114_0,0,38.706329345703125,-9.173620223999023,37,IN_TRANSIT_TO,2025-11-19 19:29:45,9403,1765,63-HX-28,POINT (-9.173620223999023 38.706329345703125)
2498_717,3803_20250901_170_0_15,170_0,0,38.780418395996094,-9.149849891662598,26,IN_TRANSIT_TO,2025-11-19 19:29:33,6018,2498,03-BM-57,POINT (-9.149849891662598 38.780418395996094)
1763_742,5776_20250901_114_0_13,114_0,1,38.71039962768555,-9.171629905700684,22,IN_TRANSIT_TO,2025-11-19 19:29:25,9404,1763,63-HX-25,POINT (-9.171629905700684 38.71039962768555)
4603_748,63538_20250901_169_0_5,169_0,0,38.7159309387207,-9.220930099487305,6,IN_TRANSIT_TO,2025-11-19 19:29:05,18102,4603,96-GL-81,POINT (-9.220930099487305 38.7159309387207)
1761_796,8154_20250901_174_0_21,174_0,0,38.782630920410156,-9.162630081176758,8,IN_TRANSIT_TO,2025-11-19 19:29:45,7217,1761,63-HX-19,POINT (-9.162630081176758 38.782630920410156)
2306_794,8101_20250901_115_0_15,115_0,0,38.71179962158203,-9.124850273132324,2,IN_TRANSIT_TO,2025-11-19 19:29:26,8201,2306,83-19-ZM,POINT (-9.124850273132324 38.71179962158203)
2477_703,3149_20250901_165_0_13,165_0,0,38.76021957397461,-9.179699897766113,32,IN_TRANSIT_TO,2025-11-19 19:29:29,12802,2477,91-BE-73,POINT (-9.179699897766113 38.76021957397461)
1712_701,2987_20250901_123_0_21,123_0,1,38.7429313659668,-9.16604995727539,12,IN_TRANSIT_TO,2025-11-19 19:29:24,1621,1712,69-AL-75,POINT (-9.16604995727539 38.7429313659668)
220_773,7416_20250901_124_0_27,124_0,0,38.71770095825195,-9.151430130004883,3,IN_TRANSIT_TO,2025-11-19 19:29:24,50146,220,11-07-XO,POINT (-9.151430130004883 38.71770095825195)
6011_706,3251_20250901_147_0_12,147_0,1,38.731971740722656,-9.128080368041992,10,IN_TRANSIT_TO,2025-11-19 19:29:49,7015,6011,65-ZF-82,POINT (-9.128080368041992 38.731971740722656)
2484_716,3747_20250901_164_0_21,164_0,0,38.738731384277344,-9.153929710388184,8,IN_TRANSIT_TO,2025-11-19 19:29:32,1503,2484,91-BE-76,POINT (-9.153929710388184 38.738731384277344)
601_15E,11329_20250901_76_0_5,76_0,0,38.69990158081055,-9.18416976928711,11,IN_TRANSIT_TO,2025-11-19 19:29:39,12108,601,,POINT (-9.18416976928711 38.69990158081055)
605_15E,11228_20250901_76_0_16,76_0,1,38.71242904663086,-9.137450218200684,23,IN_TRANSIT_TO,2025-11-19 19:29:42,50621,605,,POINT (-9.137450218200684 38.71242904663086)
2240_703,3158_20250901_165_0_15,165_0,0,38.75321960449219,-9.187999725341797,32,IN_TRANSIT_TO,2025-11-19 19:29:40,12802,2240,06-31-XX,POINT (-9.187999725341797 38.75321960449219)
2297_731,57523_20250901_190_0_4,190_0,0,38.74440002441406,-9.152199745178223,9,IN_TRANSIT_TO,2025-11-19 19:29:20,3309,2297,83-06-ZM,POINT (-9.152199745178223 38.74440002441406)
1707_756,6740_20250901_175_0_5,175_0,0,38.71907043457031,-9.175000190734863,18,IN_TRANSIT_TO,2025-11-19 19:29:24,8602,1707,69-AL-70,POINT (-9.175000190734863 38.71907043457031)
2786_727,4558_20250901_103_0_3,103_0,0,38.719970703125,-9.15530014038086,16,IN_TRANSIT_TO,2025-11-19 19:26:22,6810,2786,AI-52-TL,POINT (-9.15530014038086 38.719970703125)
2426_716,3753_20250901_164_0_20,164_0,1,38.7353515625,-9.139900207519531,23,IN_TRANSIT_TO,2025-11-19 19:29:50,11101,2426,29-AU-21,POINT (-9.139900207519531 38.7353515625)
2838_751,6490_20250901_109_0_19,109_0,0,38.715370178222656,-9.233949661254883,32,IN_TRANSIT_TO,2025-11-19 19:29:45,50059,2838,BF-59-FZ,POINT (-9.233949661254883 38.715370178222656)
221_773,7378_20250901_124_0_28,124_0,1,38.7193717956543,-9.153730392456055,24,IN_TRANSIT_TO,2025-11-19 19:29:29,10607,221,11-06-XO,POINT (-9.153730392456055 38.7193717956543)
408_67B,28216_20250901_253_0_16,253_0,0,38.71263122558594,-9.156299591064453,24,IN_TRANSIT_TO,2025-11-19 19:29:36,6720,408,BF-24-TS,POINT (-9.156299591064453 38.71263122558594)
2408_703,3177_20250901_165_0_4,165_0,1,38.750431060791016,-9.197319984436035,6,IN_TRANSIT_TO,2025-11-19 19:29:47,10907,2408,50-AL-08,POINT (-9.197319984436035 38.750431060791016)
2837_751,6495_20250901_109_0_12,109_0,0,38.71323013305664,-9.225119590759277,28,IN_TRANSIT_TO,2025-11-19 19:29:24,14312,2837,BF-66-FZ,POINT (-9.225119590759277 38.71323013305664)
2334_709,3412_20250901_148_0_26,148_0,0,38.715728759765625,-9.159529685974121,9,IN_TRANSIT_TO,2025-11-19 19:29:17,8104,2334,53-53-ZJ,POINT (-9.159529685974121 38.715728759765625)
2776_712,3525_20250901_189_0_13,189_0,0,38.70195007324219,-9.175600051879883,31,IN_TRANSIT_TO,2025-11-19 19:29:30,50203,2776,AI-07-BT,POINT (-9.175600051879883 38.70195007324219)
2474_729,4828_20250901_104_0_12,104_0,0,38.74856948852539,-9.20145034790039,16,IN_TRANSIT_TO,2025-11-19 19:29:44,10919,2474,74-BC-67,POINT (-9.20145034790039 38.74856948852539)
2942_26B,17520_20250901_208_0_20,208_0,1,38.78260040283203,-9.095069885253906,20,IN_TRANSIT_TO,2025-11-19 19:29:40,50289,2942,51-GL-82,POINT (-9.095069885253906 38.78260040283203)
606_15E,11202_20250901_76_0_17,76_0,0,38.706451416015625,-9.154800415039062,5,IN_TRANSIT_TO,2025-11-19 19:29:42,7102,606,,POINT (-9.154800415039062 38.706451416015625)
2748_749,59009_20250901_195_0_4,195_0,1,38.74897003173828,-9.202919960021973,0,IN_TRANSIT_TO,2025-11-19 19:29:37,,2748,AG-96-TG,POINT (-9.202919960021973 38.74897003173828)
2481_747,6079_20250901_177_0_21,177_0,0,38.760650634765625,-9.195630073547363,21,IN_TRANSIT_TO,2025-11-19 19:29:29,13907,2481,54-BH-99,POINT (-9.195630073547363 38.760650634765625)
1720_755,6702_20250901_118_0_16,118_0,0,38.75703048706055,-9.116080284118652,17,IN_TRANSIT_TO,2025-11-19 19:29:44,8428,1720,25-AS-32,POINT (-9.116080284118652 38.75703048706055)
2406_703,3166_20250901_165_0_13,165_0,0,38.78710174560547,-9.142080307006836,0,IN_TRANSIT_TO,2025-11-19 19:29:42,,2406,50-AL-09,POINT (-9.142080307006836 38.78710174560547)
1724_749,59008_20250901_195_0_4,195_0,1,38.75564956665039,-9.199529647827148,8,IN_TRANSIT_TO,2025-11-19 19:29:44,13705,1724,25-AS-36,POINT (-9.199529647827148 38.75564956665039)
2753_735,5217_20250901_172_0_13,172_0,1,38.708518981933594,-9.13107967376709,31,IN_TRANSIT_TO,2025-11-19 19:29:44,8202,2753,AG-08-TH,POINT (-9.13107967376709 38.708518981933594)
2451_729,4836_20250901_104_0_11,104_0,0,38.76165008544922,-9.196769714355469,7,IN_TRANSIT_TO,2025-11-19 19:29:37,13911,2451,75-AQ-16,POINT (-9.196769714355469 38.76165008544922)
2405_747,6110_20250901_177_0_22,177_0,0,38.76110076904297,-9.1668701171875,7,IN_TRANSIT_TO,2025-11-19 19:29:48,50005,2405,50-AL-10,POINT (-9.1668701171875 38.76110076904297)
2788_764,7135_20250901_168_0_17,168_0,0,38.74517059326172,-9.20503044128418,21,IN_TRANSIT_TO,2025-11-19 19:29:20,8816,2788,AI-51-TL,POINT (-9.20503044128418 38.74517059326172)
2831_753,6569_20250901_167_0_15,167_0,0,38.72574996948242,-9.150970458984375,3,IN_TRANSIT_TO,2025-11-19 19:29:37,1202,2831,BF-72-FZ,POINT (-9.150970458984375 38.72574996948242)
2792_723,4186_20250901_121_0_15,121_0,0,38.72562026977539,-9.148469924926758,5,IN_TRANSIT_TO,2025-11-19 19:29:33,6605,2792,AJ-53-LI,POINT (-9.148469924926758 38.72562026977539)
2464_767,7294_20250901_112_0_11,112_0,0,38.75313186645508,-9.209670066833496,41,IN_TRANSIT_TO,2025-11-19 19:29:29,11006,2464,91-BE-71,POINT (-9.209670066833496 38.75313186645508)
1723_735,5283_20250901_172_1_14,172_1,1,38.73331832885742,-9.132749557495117,2,IN_TRANSIT_TO,2025-11-19 19:29:29,504,1723,25-AS-35,POINT (-9.132749557495117 38.73331832885742)
4610_728,4716_20250901_204_0_3,204_0,1,38.7796516418457,-9.10597038269043,3,IN_TRANSIT_TO,2025-11-19 19:29:21,12619,4610,96-GL-87,POINT (-9.10597038269043 38.7796516418457)
2610_759,6981_20250901_144_0_13,144_0,0,38.76771926879883,-9.10004997253418,47,IN_TRANSIT_TO,2025-11-19 19:29:48,7825,2610,66-VI-20,POINT (-9.10004997253418 38.76771926879883)
2290_724,4225_20250901_178_0_6,178_0,1,38.760528564453125,-9.19832992553711,2,IN_TRANSIT_TO,2025-11-19 19:29:49,13911,2290,92-55-ZM,POINT (-9.19832992553711 38.760528564453125)
2840_751,6503_20250901_109_0_14,109_0,0,38.70492935180664,-9.17726993560791,8,IN_TRANSIT_TO,2025-11-19 19:29:32,12110,2840,BF-75-FZ,POINT (-9.17726993560791 38.70492935180664)
2773_738,5575_20250901_117_0_3,117_0,1,38.75477981567383,-9.152119636535645,27,IN_TRANSIT_TO,2025-11-19 19:29:45,5703,2773,AH-39-ND,POINT (-9.152119636535645 38.75477981567383)
1728_756,6764_20250901_175_0_15,175_0,1,38.73997116088867,-9.150830268859863,13,IN_TRANSIT_TO,2025-11-19 19:29:39,33101,1728,25-AS-40,POINT (-9.150830268859863 38.73997116088867)
2798_712,3558_20250901_189_0_12,189_0,1,38.72822952270508,-9.142729759216309,18,IN_TRANSIT_TO,2025-11-19 19:29:47,6607,2798,AJ-56-LI,POINT (-9.142729759216309 38.72822952270508)
4838_783,7846_20250901_203_0_14,203_0,1,38.73109817504883,-9.146599769592285,25,IN_TRANSIT_TO,2025-11-19 19:29:23,1714,4838,34-VR-22,POINT (-9.146599769592285 38.73109817504883)
2751_717,3844_20250901_170_0_15,170_0,0,38.74332046508789,-9.132579803466797,4,IN_TRANSIT_TO,2025-11-19 19:29:40,311,2751,AG-12-TH,POINT (-9.132579803466797 38.74332046508789)
2249_768,7335_20250901_111_0_19,111_0,0,38.76087951660156,-9.196279525756836,19,IN_TRANSIT_TO,2025-11-19 19:29:26,12812,2249,22-32-ZB,POINT (-9.196279525756836 38.76087951660156)
2438_747,6124_20250901_177_0_6,177_0,1,38.7701301574707,-9.188949584960938,6,IN_TRANSIT_TO,2025-11-19 19:29:29,14106,2438,44-BC-29,POINT (-9.188949584960938 38.7701301574707)
2825_753,6564_20250901_167_0_25,167_0,0,38.722599029541016,-9.171030044555664,7,IN_TRANSIT_TO,2025-11-19 19:29:41,8607,2825,BF-53-FZ,POINT (-9.171030044555664 38.722599029541016)
1709_701,2979_20250901_123_0_19,123_0,1,38.75008010864258,-9.161749839782715,22,IN_TRANSIT_TO,2025-11-19 19:29:22,13620,1709,69-AL-72,POINT (-9.161749839782715 38.75008010864258)
6029_729,4788_20250901_104_0_13,104_0,1,38.75067138671875,-9.19832992553711,30,IN_TRANSIT_TO,2025-11-19 19:29:21,10905,6029,BF-52-AX,POINT (-9.19832992553711 38.75067138671875)
2276_758,6869_20250901_150_0_16,150_0,1,38.71992874145508,-9.154729843139648,26,IN_TRANSIT_TO,2025-11-19 19:29:26,6807,2276,53-57-ZJ,POINT (-9.154729843139648 38.71992874145508)
2418_767,7206_20250901_112_0_4,112_0,1,38.72679901123047,-9.14074993133545,41,IN_TRANSIT_TO,2025-11-19 19:29:46,6903,2418,92-AO-54,POINT (-9.14074993133545 38.72679901123047)
2944_32B,17548_20250901_211_0_20,211_0,0,38.745849609375,-9.104680061340332,22,IN_TRANSIT_TO,2025-11-19 19:29:32,50654,2944,75-GO-13,POINT (-9.104680061340332 38.745849609375)
2245_758,6885_20250901_150_0_16,150_0,1,38.739768981933594,-9.167750358581543,14,IN_TRANSIT_TO,2025-11-19 19:29:32,1610,2245,22-35-ZB,POINT (-9.167750358581543 38.739768981933594)
2466_703,3124_20250901_165_0_15,165_0,0,38.74637985229492,-9.206600189208984,40,IN_TRANSIT_TO,2025-11-19 19:29:36,2908,2466,16-AZ-16,POINT (-9.206600189208984 38.74637985229492)
2668_727,4536_20250901_103_0_10,103_0,0,38.703651428222656,-9.171629905700684,42,IN_TRANSIT_TO,2025-11-19 19:29:46,12916,2668,87-XB-36,POINT (-9.171629905700684 38.703651428222656)
2296_799,8211_20250901_120_0_25,120_0,1,38.74774932861328,-9.197699546813965,19,IN_TRANSIT_TO,2025-11-19 19:29:19,2803,2296,92-51-ZM,POINT (-9.197699546813965 38.74774932861328)
2770_727,4485_20250901_103_0_11,103_0,1,38.7224006652832,-9.151780128479004,35,IN_TRANSIT_TO,2025-11-19 19:29:23,6809,2770,AH-30-ND,POINT (-9.151780128479004 38.7224006652832)
212_46B,21499_20250901_239_0_16,239_0,0,38.7601318359375,-9.148200035095215,17,IN_TRANSIT_TO,2025-11-19 19:29:32,50498,212,44-11-XL,POINT (-9.148200035095215 38.7601318359375)
2209_708,3333_20250901_100_0_13,100_0,0,38.72257995605469,-9.13521957397461,4,IN_TRANSIT_TO,2025-11-19 19:29:29,701,2209,01-68-XO,POINT (-9.13521957397461 38.72257995605469)
564_25E,14268_20250901_79_0_21,79_0,1,38.711029052734375,-9.136770248413086,19,IN_TRANSIT_TO,2025-11-19 19:25:29,50621,564,,POINT (-9.136770248413086 38.711029052734375)
409_61B,21520_20250901_241_0_26,241_0,0,38.73215103149414,-9.17313003540039,17,IN_TRANSIT_TO,2025-11-19 19:29:30,50085,409,BF-73-TQ,POINT (-9.17313003540039 38.73215103149414)
2235_731,5014_20250901_190_0_13,190_0,1,38.77511978149414,-9.102529525756836,11,IN_TRANSIT_TO,2025-11-19 19:29:24,7908,2235,06-32-XX,POINT (-9.102529525756836 38.77511978149414)
410_67B,28217_20250901_253_0_16,253_0,0,38.70682907104492,-9.17313003540039,8,IN_TRANSIT_TO,2025-11-19 19:29:29,50527,410,BF-21-VF,POINT (-9.17313003540039 38.70682907104492)
2210_755,6694_20250901_118_0_16,118_0,0,38.75333023071289,-9.157879829406738,36,IN_TRANSIT_TO,2025-11-19 19:29:24,5701,2210,01-66-XO,POINT (-9.157879829406738 38.75333023071289)
2214_708,3370_20250901_100_0_9,100_0,0,38.79467010498047,-9.10216999053955,40,IN_TRANSIT_TO,2025-11-19 19:15:24,50448,2214,08-02-XS,POINT (-9.10216999053955 38.79467010498047)
2213_735,5252_20250901_172_0_6,172_0,1,38.731201171875,-9.127820014953613,17,IN_TRANSIT_TO,2025-11-19 19:29:35,7004,2213,08-04-XS,POINT (-9.127820014953613 38.731201171875)
2834_751,6459_20250901_109_0_14,109_0,1,38.698429107666016,-9.227230072021484,11,IN_TRANSIT_TO,2025-11-19 19:29:40,4210,2834,BF-76-FZ,POINT (-9.227230072021484 38.698429107666016)
2215_742,5769_20250901_114_0_11,114_0,1,38.70486831665039,-9.187430381774902,16,IN_TRANSIT_TO,2025-11-19 19:29:37,12007,2215,08-01-XS,POINT (-9.187430381774902 38.70486831665039)
614_15E,11303_20250901_76_0_15,76_0,0,38.696128845214844,-9.219579696655273,20,IN_TRANSIT_TO,2025-11-19 19:29:30,13204,614,,POINT (-9.219579696655273 38.696128845214844)
2212_794,8086_20250901_115_0_5,115_0,0,38.77146911621094,-9.147930145263672,0,IN_TRANSIT_TO,2025-11-19 19:29:42,,2212,08-05-XS,POINT (-9.147930145263672 38.77146911621094)
2781_714,3689_20250901_102_0_13,102_0,0,38.706298828125,-9.145350456237793,2,IN_TRANSIT_TO,2025-11-19 19:29:29,3802,2781,AI-00-BT,POINT (-9.145350456237793 38.706298828125)
2203_749,6205_20250901_195_5_10,195_5,0,38.74436950683594,-9.113519668579102,5,IN_TRANSIT_TO,2025-11-19 19:29:45,3708,2203,72-19-XN,POINT (-9.113519668579102 38.74436950683594)
2208_708,3289_20250901_100_0_14,100_0,0,38.772098541259766,-9.097430229187012,29,IN_TRANSIT_TO,2025-11-19 19:29:35,7821,2208,01-69-XO,POINT (-9.097430229187012 38.772098541259766)
2206_798,8202_20250901_194_0_28,194_0,1,38.77634811401367,-9.147870063781738,12,IN_TRANSIT_TO,2025-11-19 19:29:28,6015,2206,01-67-XO,POINT (-9.147870063781738 38.77634811401367)
2218_735,5232_20250901_172_0_15,172_0,0,38.73051834106445,-9.12771987915039,16,IN_TRANSIT_TO,2025-11-19 19:29:41,7003,2218,07-98-XS,POINT (-9.12771987915039 38.73051834106445)
2220_735,5267_20250901_172_1_14,172_1,1,38.705299377441406,-9.143400192260742,21,IN_TRANSIT_TO,2025-11-19 19:29:43,3820,2220,07-96-XS,POINT (-9.143400192260742 38.705299377441406)
2712_738,5512_20250901_117_0_14,117_0,1,38.740848541259766,-9.146499633789062,21,IN_TRANSIT_TO,2025-11-19 19:29:25,1805,2712,92-XQ-33,POINT (-9.146499633789062 38.740848541259766)
412_51E,62225_20250901_158_0_11,158_0,0,38.71607971191406,-9.142250061035156,0,IN_TRANSIT_TO,2025-11-19 19:29:49,,412,BF-65-TC,POINT (-9.142250061035156 38.71607971191406)
568_18E,12182_20250901_78_0_25,78_0,0,38.704349517822266,-9.174269676208496,6,IN_TRANSIT_TO,2025-11-19 19:29:32,4004,568,,POINT (-9.174269676208496 38.704349517822266)
2228_793,8023_20250901_145_0_6,145_0,0,38.74480056762695,-9.110699653625488,16,IN_TRANSIT_TO,2025-11-19 19:29:49,3719,2228,06-24-XX,POINT (-9.110699653625488 38.74480056762695)
2230_767,7281_20250901_112_0_9,112_0,0,38.749080657958984,-9.218680381774902,44,IN_TRANSIT_TO,2025-11-19 19:29:31,3002,2230,06-36-XX,POINT (-9.218680381774902 38.749080657958984)
2222_742,5698_20250901_114_0_12,114_0,0,38.73638153076172,-9.151320457458496,24,IN_TRANSIT_TO,2025-11-19 19:29:19,1409,2222,08-17-XS,POINT (-9.151320457458496 38.73638153076172)
2836_751,6437_20250901_109_0_20,109_0,1,38.700199127197266,-9.21072006225586,15,IN_TRANSIT_TO,2025-11-19 19:29:43,9713,2836,BF-70-FZ,POINT (-9.21072006225586 38.700199127197266)
413_73B,18773_20250901_220_0_16,220_0,0,38.705421447753906,-9.176420211791992,27,IN_TRANSIT_TO,2025-11-19 19:29:42,12122,413,BF-41-TS,POINT (-9.176420211791992 38.705421447753906)
4615_750,6313_20250901_106_0_13,106_0,1,38.7588005065918,-9.156049728393555,24,IN_TRANSIT_TO,2025-11-19 19:29:36,5801,4615,22-GP-49,POINT (-9.156049728393555 38.7588005065918)
2229_720,4066_20250901_143_0_15,143_0,0,38.70415115356445,-9.173370361328125,24,IN_TRANSIT_TO,2025-11-19 19:29:34,10204,2229,06-37-XX,POINT (-9.173370361328125 38.70415115356445)
2233_731,5018_20250901_190_0_11,190_0,1,38.790321350097656,-9.109049797058105,0,IN_TRANSIT_TO,2025-11-19 19:29:42,,2233,06-38-XX,POINT (-9.109049797058105 38.790321350097656)
2231_771,21936_20250901_248_0_20,248_0,1,38.731849670410156,-9.162469863891602,20,IN_TRANSIT_TO,2025-11-19 19:29:34,6121,2231,06-28-XX,POINT (-9.162469863891602 38.731849670410156)
2232_726,4286_20250901_116_0_15,116_0,0,38.738121032714844,-9.155329704284668,14,IN_TRANSIT_TO,2025-11-19 19:29:39,1503,2232,06-23-XX,POINT (-9.155329704284668 38.738121032714844)
2238_778,18644_20250901_179_0_22,179_0,0,38.7694206237793,-9.178500175476074,17,IN_TRANSIT_TO,2025-11-19 19:29:26,5934,2238,06-29-XX,POINT (-9.178500175476074 38.7694206237793)
6004_768,7341_20250901_111_0_19,111_0,0,38.74372100830078,-9.167570114135742,5,IN_TRANSIT_TO,2025-11-19 19:29:37,12702,6004,82-ZC-35,POINT (-9.167570114135742 38.74372100830078)
2835_751,6526_20250901_109_0_12,109_0,1,38.702880859375,-9.179929733276367,23,IN_TRANSIT_TO,2025-11-19 19:29:21,9503,2835,BF-62-FZ,POINT (-9.179929733276367 38.702880859375)
6027_732,5101_20250901_107_0_3,107_0,1,38.72438049316406,-9.149120330810547,34,IN_TRANSIT_TO,2025-11-19 19:29:45,1103,6027,BF-66-BA,POINT (-9.149120330810547 38.72438049316406)
2242_726,4295_20250901_116_0_13,116_0,0,38.731868743896484,-9.140819549560547,7,IN_TRANSIT_TO,2025-11-19 19:29:28,6504,2242,22-42-ZB,POINT (-9.140819549560547 38.731868743896484)
407_22B,19420_20250901_236_0_2,236_0,0,38.71482849121094,-9.150179862976074,9,IN_TRANSIT_TO,2025-11-19 07:08:23,6716,407,BF-55-TT,POINT (-9.150179862976074 38.71482849121094)
613_15E,11318_20250901_76_0_17,76_0,0,38.69736862182617,-9.203579902648926,16,IN_TRANSIT_TO,2025-11-19 19:29:32,4112,613,,POINT (-9.203579902648926 38.69736862182617)
2241_758,6831_20250901_150_0_14,150_0,0,38.7203483581543,-9.158499717712402,8,IN_TRANSIT_TO,2025-11-19 19:29:44,6812,2241,22-37-ZB,POINT (-9.158499717712402 38.7203483581543)
2262_735,5206_20250901_172_0_15,172_0,0,38.745201110839844,-9.139650344848633,24,IN_TRANSIT_TO,2025-11-19 19:29:46,307,2262,80-48-ZE,POINT (-9.139650344848633 38.745201110839844)
2261_742,5761_20250901_114_0_4,114_0,1,38.72962951660156,-9.158280372619629,32,IN_TRANSIT_TO,2025-11-19 19:29:31,6116,2261,80-49-ZE,POINT (-9.158280372619629 38.72962951660156)
303_708,3351_20250901_100_0_12,100_0,1,38.76060104370117,-9.118780136108398,27,IN_TRANSIT_TO,2025-11-19 19:29:40,8408,303,22-SP-90,POINT (-9.118780136108398 38.76060104370117)
2267_758,6815_20250901_150_0_15,150_0,0,38.7489013671875,-9.191300392150879,26,IN_TRANSIT_TO,2025-11-19 19:29:45,10814,2267,76-86-ZG,POINT (-9.191300392150879 38.7489013671875)
2266_771,39065_20250901_248_0_20,248_0,0,38.7293815612793,-9.16238021850586,6,IN_TRANSIT_TO,2025-11-19 19:29:21,6124,2266,76-92-ZG,POINT (-9.16238021850586 38.7293815612793)
