id,trip_id,route_id,direction_id,latitude,longitude,current_stop_sequence,current_status,timestamp,stop_id,vehicle_id,license_plate,geometry
1757_717,3820_20251202_170_0_11,170_0,0,38.73664855957031,-9.134149551391602,1,IN_TRANSIT_TO,2025-12-19 14:28:40,521,1757,34-HU-23,POINT (-9.134149551391602 38.73664855957031)
2974_737,5492_20251202_173_0_28,173_0,1,38.7098503112793,-9.13379955291748,4,IN_TRANSIT_TO,2025-12-19 14:29:00,13804,2974,30-VM-22,POINT (-9.13379955291748 38.7098503112793)
581_18E,12197_20251202_78_0_21,78_0,0,38.704280853271484,-9.174030303955078,6,IN_TRANSIT_TO,2025-12-18 18:16:54,4004,581,,POINT (-9.174030303955078 38.704280853271484)
2715_748,6145_20251202_169_0_19,169_0,0,38.71406936645508,-9.225899696350098,7,IN_TRANSIT_TO,2025-12-19 14:28:51,50274,2715,92-XQ-22,POINT (-9.225899696350098 38.71406936645508)
2262_40B,17569_20251202_212_0_13,212_0,0,38.77042007446289,-9.161430358886719,28,IN_TRANSIT_TO,2025-12-19 14:28:58,5940,2262,80-48-ZE,POINT (-9.161430358886719 38.77042007446289)
4601_728,4582_20251202_204_0_9,204_0,1,38.706321716308594,-9.145330429077148,35,IN_TRANSIT_TO,2025-12-19 14:28:33,3802,4601,96-GL-79,POINT (-9.145330429077148 38.706321716308594)
2613_781,7757_20251202_151_0_11,151_0,0,38.737850189208984,-9.103099822998047,8,IN_TRANSIT_TO,2025-12-19 14:28:43,12513,2613,66-VI-22,POINT (-9.103099822998047 38.737850189208984)
612_15E,11250_20251202_76_0_11,76_0,0,38.70817947387695,-9.136969566345215,2,IN_TRANSIT_TO,2025-12-19 14:28:37,5515,612,,POINT (-9.136969566345215 38.70817947387695)
564_12E,11029_20251202_77_0_11,77_0,1,38.71039962768555,-9.131669998168945,0,IN_TRANSIT_TO,2025-12-19 14:28:56,,564,,POINT (-9.131669998168945 38.71039962768555)
2982_71B,45262_20251202_278_0_10,278_0,0,38.7336311340332,-9.204950332641602,12,IN_TRANSIT_TO,2025-12-19 14:29:06,50612,2982,30-VM-23,POINT (-9.204950332641602 38.7336311340332)
2273_763,46418_20251202_282_0_13,282_0,0,38.77840042114258,-9.164420127868652,6,IN_TRANSIT_TO,2025-12-19 14:29:01,5912,2273,76-81-ZG,POINT (-9.164420127868652 38.77840042114258)
548_24E,17855_20251202_213_0_14,213_0,0,38.72132110595703,-9.156279563903809,8,IN_TRANSIT_TO,2025-12-19 14:28:38,6824,548,,POINT (-9.156279563903809 38.72132110595703)
2291_771,21937_20251202_248_0_13,248_0,1,38.72964859008789,-9.162369728088379,19,IN_TRANSIT_TO,2025-12-19 14:28:47,6119,2291,92-56-ZM,POINT (-9.162369728088379 38.72964859008789)
2468_729,4755_20251202_104_0_9,104_0,1,38.74494934082031,-9.197930335998535,24,IN_TRANSIT_TO,2025-12-19 14:28:53,10831,2468,16-AZ-10,POINT (-9.197930335998535 38.74494934082031)
2256_771,21933_20251202_248_0_16,248_0,0,38.738121032714844,-9.168769836425781,3,IN_TRANSIT_TO,2025-12-19 14:28:45,2712,2256,80-53-ZE,POINT (-9.168769836425781 38.738121032714844)
2964_770,7366_20251202_191_0_15,191_0,0,38.73992156982422,-9.168330192565918,2,IN_TRANSIT_TO,2025-12-19 14:29:01,1618,2964,30-VM-19,POINT (-9.168330192565918 38.73992156982422)
2953_40B,19263_20251202_212_0_13,212_0,0,38.79256820678711,-9.150279998779297,6,IN_TRANSIT_TO,2025-12-19 14:29:00,11608,2953,62-GQ-55,POINT (-9.150279998779297 38.79256820678711)
2233_758,6847_20251202_150_0_10,150_0,1,38.72079849243164,-9.156120300292969,25,IN_TRANSIT_TO,2025-12-19 14:28:59,6813,2233,06-38-XX,POINT (-9.156120300292969 38.72079849243164)
302_708,3309_20251202_100_0_10,100_0,0,38.743370056152344,-9.132579803466797,10,IN_TRANSIT_TO,2025-12-19 14:29:03,317,302,22-SP-89,POINT (-9.132579803466797 38.743370056152344)
2209_742,5766_20251202_114_0_7,114_0,1,38.73495101928711,-9.149669647216797,36,IN_TRANSIT_TO,2025-12-19 14:28:25,1410,2209,01-68-XO,POINT (-9.149669647216797 38.73495101928711)
2426_767,7270_20251202_112_0_8,112_0,1,38.75482940673828,-9.144780158996582,31,IN_TRANSIT_TO,2025-12-19 14:29:07,11302,2426,29-AU-21,POINT (-9.144780158996582 38.75482940673828)
2612_744,5840_20251202_200_0_9,200_0,1,38.749080657958984,-9.143549919128418,21,IN_TRANSIT_TO,2025-12-19 14:28:43,11209,2612,66-VI-29,POINT (-9.143549919128418 38.749080657958984)
2267_767,7225_20251202_112_0_7,112_0,0,38.74542999267578,-9.139749526977539,11,IN_TRANSIT_TO,2025-12-19 14:29:00,307,2267,76-86-ZG,POINT (-9.139749526977539 38.74542999267578)
4817_751,6509_20251202_109_0_8,109_0,0,38.70732116699219,-9.225680351257324,27,IN_TRANSIT_TO,2025-12-19 14:29:06,18402,4817,00-VV-37,POINT (-9.225680351257324 38.70732116699219)
270_79B,18664_20251202_221_0_7,221_0,0,38.7070198059082,-9.202569961547852,12,IN_TRANSIT_TO,2025-12-19 14:28:42,13114,270,AH-54-CZ,POINT (-9.202569961547852 38.7070198059082)
4616_750,6347_20251202_106_0_9,106_0,1,38.75600051879883,-9.10396957397461,34,IN_TRANSIT_TO,2025-12-19 14:28:49,2301,4616,22-GP-50,POINT (-9.10396957397461 38.75600051879883)
2703_711,3495_20251202_101_0_10,101_0,1,38.72502899169922,-9.152729988098145,29,IN_TRANSIT_TO,2025-12-19 14:28:53,50197,2703,92-XQ-24,POINT (-9.152729988098145 38.72502899169922)
2487_703,3103_20251202_165_0_11,165_0,0,38.74497985839844,-9.198049545288086,37,IN_TRANSIT_TO,2025-12-19 14:28:59,2804,2487,54-BH-97,POINT (-9.198049545288086 38.74497985839844)
1713_756,6758_20251202_175_0_13,175_0,1,38.70117950439453,-9.18157958984375,1,IN_TRANSIT_TO,2025-12-19 14:28:46,9511,1713,69-AL-76,POINT (-9.18157958984375 38.70117950439453)
2786_709,3413_20251202_148_0_16,148_0,0,38.714881896972656,-9.16646957397461,12,IN_TRANSIT_TO,2025-12-19 14:29:03,8018,2786,AI-52-TL,POINT (-9.16646957397461 38.714881896972656)
2618_781,7736_20251202_151_0_11,151_0,1,38.733131408691406,-9.104430198669434,23,IN_TRANSIT_TO,2025-12-19 14:28:44,12514,2618,66-VI-42,POINT (-9.104430198669434 38.733131408691406)
2284_731,4992_20251202_190_0_8,190_0,1,38.74538040161133,-9.15701961517334,28,IN_TRANSIT_TO,2025-12-19 14:29:01,3306,2284,67-36-ZJ,POINT (-9.15701961517334 38.74538040161133)
2803_759,6982_20251202_144_0_9,144_0,0,38.77212142944336,-9.097649574279785,44,IN_TRANSIT_TO,2025-12-19 14:29:03,7824,2803,01-IH-92,POINT (-9.097649574279785 38.77212142944336)
2777_713,3581_20251202_122_0_11,122_0,0,38.72412109375,-9.160470008850098,11,IN_TRANSIT_TO,2025-12-19 14:28:43,8512,2777,AI-01-BT,POINT (-9.160470008850098 38.72412109375)
2951_29B,17527_20251202_209_0_13,209_0,0,38.77273178100586,-9.1181001663208,22,IN_TRANSIT_TO,2025-12-17 14:32:48,50347,2951,62-GQ-53,POINT (-9.1181001663208 38.77273178100586)
6041_732,5040_20251202_107_0_6,107_0,0,38.706329345703125,-9.14484977722168,19,IN_TRANSIT_TO,2025-12-19 14:28:57,3820,6041,BG-20-LV,POINT (-9.14484977722168 38.706329345703125)
2674_723,4167_20251202_121_0_11,121_0,0,38.725868225097656,-9.150779724121094,6,IN_TRANSIT_TO,2025-12-19 14:28:43,1202,2674,87-XB-38,POINT (-9.150779724121094 38.725868225097656)
2298_742,5778_20251202_114_0_8,114_0,1,38.70404815673828,-9.185580253601074,16,IN_TRANSIT_TO,2025-12-19 14:28:38,12007,2298,83-05-ZM,POINT (-9.185580253601074 38.70404815673828)
2838_751,6516_20251202_109_0_10,109_0,0,38.70063018798828,-9.209199905395508,17,IN_TRANSIT_TO,2025-12-19 14:29:02,9608,2838,BF-59-FZ,POINT (-9.209199905395508 38.70063018798828)
2713_723,4160_20251202_121_0_9,121_0,0,38.71553039550781,-9.214750289916992,20,IN_TRANSIT_TO,2025-12-19 14:28:36,12415,2713,92-XQ-34,POINT (-9.214750289916992 38.71553039550781)
303_708,3346_20251202_100_0_7,100_0,1,38.74330139160156,-9.132749557495117,35,IN_TRANSIT_TO,2025-12-19 14:28:55,308,303,22-SP-90,POINT (-9.132749557495117 38.74330139160156)
2498_783,7810_20251202_203_0_11,203_0,0,38.725101470947266,-9.1522798538208,3,IN_TRANSIT_TO,2025-12-19 14:29:03,50197,2498,03-BM-57,POINT (-9.1522798538208 38.725101470947266)
2643_705,3181_20251202_176_0_12,176_0,1,38.78144836425781,-9.120349884033203,16,IN_TRANSIT_TO,2025-12-19 14:28:37,12620,2643,75-VS-44,POINT (-9.120349884033203 38.78144836425781)
2414_729,4831_20251202_104_0_8,104_0,1,38.752079010009766,-9.189279556274414,32,IN_TRANSIT_TO,2025-12-19 14:28:40,10807,2414,92-AO-51,POINT (-9.189279556274414 38.752079010009766)
4618_750,6400_20251202_106_0_7,106_0,1,38.69860076904297,-9.227270126342773,0,IN_TRANSIT_TO,2025-12-19 14:28:40,,4618,22-GP-52,POINT (-9.227270126342773 38.69860076904297)
2977_34B,19152_20251202_226_0_8,226_0,0,38.746978759765625,-9.115530014038086,39,IN_TRANSIT_TO,2025-12-19 14:29:04,3604,2977,30-VM-21,POINT (-9.115530014038086 38.746978759765625)
2346_726,4323_20251202_116_0_9,116_0,0,38.76662826538086,-9.200579643249512,30,IN_TRANSIT_TO,2025-12-19 14:24:22,13910,2346,62-93-ZG,POINT (-9.200579643249512 38.76662826538086)
1750_717,3798_20251202_170_0_11,170_0,0,38.76462173461914,-9.15707015991211,17,IN_TRANSIT_TO,2025-12-19 14:28:43,5811,1750,92-HR-07,POINT (-9.15707015991211 38.76462173461914)
2611_744,5804_20251202_200_0_10,200_0,1,38.77473068237305,-9.102149963378906,3,IN_TRANSIT_TO,2025-12-19 14:28:42,7910,2611,66-VI-38,POINT (-9.102149963378906 38.77473068237305)
6001_706,3206_20251202_147_0_10,147_0,0,38.715301513671875,-9.120820045471191,30,IN_TRANSIT_TO,2025-12-19 14:29:05,2128,6001,99-XU-70,POINT (-9.120820045471191 38.715301513671875)
2832_753,6540_20251202_167_0_18,167_0,1,38.66743087768555,-9.171199798583984,1,IN_TRANSIT_TO,2025-12-19 14:28:52,19001,2832,BF-68-FZ,POINT (-9.171199798583984 38.66743087768555)
2782_776,7492_20251202_193_0_31,193_0,1,38.70077896118164,-9.227069854736328,9,IN_TRANSIT_TO,2025-12-19 14:29:06,4207,2782,AI-99-BS,POINT (-9.227069854736328 38.70077896118164)
2712_714,3690_20251202_102_0_8,102_0,1,38.70547866821289,-9.176349639892578,28,IN_TRANSIT_TO,2025-12-19 14:29:00,12105,2712,92-XQ-33,POINT (-9.176349639892578 38.70547866821289)
1748_717,3862_20251202_170_0_10,170_0,1,38.78030014038086,-9.151599884033203,14,IN_TRANSIT_TO,2025-12-19 14:28:40,6019,1748,92-HR-05,POINT (-9.151599884033203 38.78030014038086)
2695_746,5956_20251202_108_0_14,108_0,1,38.74713134765625,-9.188699722290039,8,IN_TRANSIT_TO,2025-12-19 14:29:05,10803,2695,90-XF-50,POINT (-9.188699722290039 38.74713134765625)
2668_738,5554_20251202_117_0_9,117_0,0,38.738521575927734,-9.14603042602539,16,IN_TRANSIT_TO,2025-12-19 14:28:49,1906,2668,87-XB-36,POINT (-9.14603042602539 38.738521575927734)
2244_768,7317_20251202_111_0_10,111_0,1,38.76932144165039,-9.18927001953125,0,IN_TRANSIT_TO,2025-12-19 14:28:45,,2244,22-44-ZB,POINT (-9.18927001953125 38.76932144165039)
2302_742,5722_20251202_114_0_9,114_0,0,38.72486877441406,-9.164170265197754,30,IN_TRANSIT_TO,2025-12-19 14:28:47,8507,2302,83-08-ZM,POINT (-9.164170265197754 38.72486877441406)
4811_751,6492_20251202_109_0_14,109_0,1,38.699180603027344,-9.22542953491211,11,IN_TRANSIT_TO,2025-12-19 14:28:43,4210,4811,34-VR-20,POINT (-9.22542953491211 38.699180603027344)
2651_722,4108_20251202_196_0_9,196_0,0,38.748470306396484,-9.130900382995605,15,IN_TRANSIT_TO,2025-12-19 14:28:46,313,2651,05-VZ-54,POINT (-9.130900382995605 38.748470306396484)
2636_705,3196_20251202_176_0_12,176_0,0,38.778018951416016,-9.118780136108398,9,IN_TRANSIT_TO,2025-12-19 14:28:58,12305,2636,87-VS-50,POINT (-9.118780136108398 38.778018951416016)
2690_713,3608_20251202_122_0_12,122_0,1,38.72066879272461,-9.155699729919434,22,IN_TRANSIT_TO,2025-12-19 14:28:54,6801,2690,99-XE-57,POINT (-9.155699729919434 38.72066879272461)
4620_728,4662_20251202_204_0_6,204_0,0,38.774070739746094,-9.104869842529297,45,IN_TRANSIT_TO,2025-12-19 14:28:48,7807,4620,22-GP-54,POINT (-9.104869842529297 38.774070739746094)
2477_703,3174_20251202_165_0_11,165_0,1,38.74509811401367,-9.200730323791504,32,IN_TRANSIT_TO,2025-12-19 14:29:02,6020,2477,91-BE-73,POINT (-9.200730323791504 38.74509811401367)
2401_703,3152_20251202_165_0_10,165_0,1,38.77388000488281,-9.16117000579834,26,IN_TRANSIT_TO,2025-12-19 14:29:01,5905,2401,50-AL-14,POINT (-9.16117000579834 38.77388000488281)
2286_758,6878_20251202_150_0_9,150_0,0,38.75297164916992,-9.209699630737305,31,IN_TRANSIT_TO,2025-12-19 14:28:59,11006,2286,67-42-ZJ,POINT (-9.209699630737305 38.75297164916992)
2311_713,3611_20251202_122_0_8,122_0,1,38.713470458984375,-9.159449577331543,19,IN_TRANSIT_TO,2025-12-19 14:29:05,6718,2311,72-23-XN,POINT (-9.159449577331543 38.713470458984375)
2474_703,3112_20251202_165_0_11,165_0,0,38.759498596191406,-9.179880142211914,29,IN_TRANSIT_TO,2025-12-19 14:28:37,12828,2474,74-BC-67,POINT (-9.179880142211914 38.759498596191406)
2406_726,4319_20251202_116_0_10,116_0,1,38.7599983215332,-9.192319869995117,5,IN_TRANSIT_TO,2025-12-19 14:28:51,12813,2406,50-AL-09,POINT (-9.192319869995117 38.7599983215332)
2761_735,5209_20251202_172_0_10,172_0,1,38.71836853027344,-9.121350288391113,24,IN_TRANSIT_TO,2025-12-19 14:28:43,2108,2761,AH-33-ND,POINT (-9.121350288391113 38.71836853027344)
1728_798,8199_20251202_194_0_18,194_0,1,38.77870178222656,-9.141770362854004,7,IN_TRANSIT_TO,2025-12-19 14:08:40,6011,1728,25-AS-40,POINT (-9.141770362854004 38.77870178222656)
1758_717,3846_20251202_170_0_10,170_0,1,38.76247024536133,-9.157170295715332,24,IN_TRANSIT_TO,2025-12-19 14:29:03,5814,1758,34-HU-24,POINT (-9.157170295715332 38.76247024536133)
264_64B,21492_20251202_238_0_16,238_0,0,38.714271545410156,-9.169320106506348,1,IN_TRANSIT_TO,2025-12-19 13:45:51,50480,264,AG-42-OV,POINT (-9.169320106506348 38.714271545410156)
206_46B,21502_20251202_239_0_10,239_0,0,38.75947952270508,-9.149230003356934,17,IN_TRANSIT_TO,2025-12-19 14:28:43,50498,206,33-49-XH,POINT (-9.149230003356934 38.75947952270508)
2973_774,7433_20251202_192_0_16,192_0,1,38.726871490478516,-9.144630432128906,2,IN_TRANSIT_TO,2025-12-19 14:28:43,6608,2973,30-VM-13,POINT (-9.144630432128906 38.726871490478516)
4628_783,7836_20251202_203_0_10,203_0,1,38.763431549072266,-9.129730224609375,12,IN_TRANSIT_TO,2025-12-19 14:29:07,7602,4628,27-JO-10,POINT (-9.129730224609375 38.763431549072266)
568_28E,14941_20251202_75_0_6,75_0,0,38.71046829223633,-9.142200469970703,20,IN_TRANSIT_TO,2025-12-19 14:29:03,10514,568,,POINT (-9.142200469970703 38.71046829223633)
1752_717,3805_20251202_170_0_11,170_0,0,38.756568908691406,-9.139969825744629,10,IN_TRANSIT_TO,2025-12-19 14:28:14,7410,1752,34-HU-18,POINT (-9.139969825744629 38.756568908691406)
2787_714,3696_20251202_102_0_10,102_0,1,38.70624923706055,-9.212719917297363,16,IN_TRANSIT_TO,2025-12-19 14:28:39,13119,2787,AI-55-TL,POINT (-9.212719917297363 38.70624923706055)
6034_760,7088_20251202_171_0_8,171_0,1,38.706451416015625,-9.14976978302002,28,IN_TRANSIT_TO,2025-12-19 14:28:59,3901,6034,BF-61-AX,POINT (-9.14976978302002 38.706451416015625)
4808_728,4707_20251202_204_0_8,204_0,0,38.69636917114258,-9.19933032989502,11,IN_TRANSIT_TO,2025-12-19 14:28:47,4109,4808,20-VQ-73,POINT (-9.19933032989502 38.69636917114258)
1775_717,3865_20251202_170_0_10,170_0,1,38.7955207824707,-9.15112018585205,3,IN_TRANSIT_TO,2025-12-19 14:29:06,16005,1775,53-HX-08,POINT (-9.15112018585205 38.7955207824707)
2614_722,4120_20251202_196_0_10,196_0,0,38.723880767822266,-9.148770332336426,2,IN_TRANSIT_TO,2025-12-19 14:28:52,1103,2614,66-VI-24,POINT (-9.148770332336426 38.723880767822266)
2213_742,5700_20251202_114_0_9,114_0,0,38.70397186279297,-9.185720443725586,43,IN_TRANSIT_TO,2025-12-19 14:28:54,12002,2213,08-04-XS,POINT (-9.185720443725586 38.70397186279297)
2419_767,7284_20251202_112_0_8,112_0,1,38.752830505371094,-9.188079833984375,17,IN_TRANSIT_TO,2025-12-19 14:28:53,10813,2419,92-AO-55,POINT (-9.188079833984375 38.752830505371094)
277_734,5140_20251202_205_0_19,205_0,1,38.7156982421875,-9.125650405883789,3,IN_TRANSIT_TO,2025-12-19 14:28:49,2124,277,AH-13-TB,POINT (-9.125650405883789 38.7156982421875)
4815_751,6522_20251202_109_0_11,109_0,0,38.7159309387207,-9.175749778747559,5,IN_TRANSIT_TO,2025-12-19 14:28:37,11904,4815,34-VR-24,POINT (-9.175749778747559 38.7159309387207)
2821_753,6572_20251202_167_0_17,167_0,0,38.72568130493164,-9.148150444030762,2,IN_TRANSIT_TO,2025-12-19 14:29:05,6602,2821,BF-71-FZ,POINT (-9.148150444030762 38.72568130493164)
2686_754,6610_20251202_201_0_10,201_0,1,38.74372863769531,-9.17609977722168,27,IN_TRANSIT_TO,2025-12-19 14:29:03,10705,2686,99-XE-58,POINT (-9.17609977722168 38.74372863769531)
2495_720,4096_20251202_143_0_12,143_0,1,38.735069274902344,-9.141670227050781,22,IN_TRANSIT_TO,2025-12-19 14:28:50,11102,2495,88-BL-69,POINT (-9.141670227050781 38.735069274902344)
2965_55B,21537_20251202_240_0_16,240_0,0,38.756248474121094,-9.188019752502441,0,IN_TRANSIT_TO,2025-12-19 14:29:03,,2965,29-VM-97,POINT (-9.188019752502441 38.756248474121094)
257_58B,19294_20251202_227_0_13,227_0,0,38.741329193115234,-9.175950050354004,17,IN_TRANSIT_TO,2025-12-19 14:28:41,10720,257,AF-59-RM,POINT (-9.175950050354004 38.741329193115234)
2617_759,6904_20251202_144_0_9,144_0,0,38.73099899291992,-9.109530448913574,15,IN_TRANSIT_TO,2025-12-19 14:28:22,8317,2617,66-VI-28,POINT (-9.109530448913574 38.73099899291992)
2290_716,3748_20251202_164_0_10,164_0,1,38.7359504699707,-9.13700008392334,24,IN_TRANSIT_TO,2025-12-19 14:28:54,11108,2290,92-55-ZM,POINT (-9.13700008392334 38.7359504699707)
4625_796,8141_20251202_174_0_22,174_0,1,38.785179138183594,-9.159720420837402,7,IN_TRANSIT_TO,2025-12-19 14:28:59,50176,4625,90-JI-92,POINT (-9.159720420837402 38.785179138183594)
2969_730,4948_20251202_198_0_12,198_0,0,38.7234001159668,-9.131719589233398,16,IN_TRANSIT_TO,2025-12-19 14:28:38,9105,2969,30-VM-09,POINT (-9.131719589233398 38.7234001159668)
2441_729,4777_20251202_104_0_8,104_0,1,38.734920501708984,-9.199569702148438,21,IN_TRANSIT_TO,2025-12-19 14:28:54,8713,2441,29-AX-07,POINT (-9.199569702148438 38.734920501708984)
2632_718,3989_20251202_105_0_11,105_0,1,38.743080139160156,-9.10181999206543,21,IN_TRANSIT_TO,2025-12-19 14:28:55,12511,2632,52-VP-88,POINT (-9.10181999206543 38.743080139160156)
304_783,7855_20251202_203_0_11,203_0,0,38.78142166137695,-9.11886978149414,26,IN_TRANSIT_TO,2025-12-19 14:28:50,12603,304,22-SP-91,POINT (-9.11886978149414 38.78142166137695)
542_24E,17845_20251202_213_0_21,213_0,1,38.71110153198242,-9.142970085144043,10,IN_TRANSIT_TO,2025-12-19 14:28:57,10504,542,,POINT (-9.142970085144043 38.71110153198242)
2714_711,3464_20251202_101_0_11,101_0,0,38.72304916381836,-9.167449951171875,10,IN_TRANSIT_TO,2025-12-19 14:28:40,8607,2714,92-XQ-38,POINT (-9.167449951171875 38.72304916381836)
2810_793,8008_20251202_145_0_14,145_0,1,38.75038146972656,-9.116780281066895,11,IN_TRANSIT_TO,2025-12-19 14:28:54,50478,2810,01-IH-99,POINT (-9.116780281066895 38.75038146972656)
2774_727,4488_20251202_103_0_8,103_0,0,38.740150451660156,-9.146430015563965,8,IN_TRANSIT_TO,2025-12-19 14:28:57,1906,2774,AH-22-ND,POINT (-9.146430015563965 38.740150451660156)
305_708,3300_20251202_100_0_7,100_0,0,38.74742126464844,-9.131030082702637,11,IN_TRANSIT_TO,2025-12-19 14:28:45,313,305,73-ST-80,POINT (-9.131030082702637 38.74742126464844)
2679_746,5966_20251202_108_0_13,108_0,0,38.750579833984375,-9.200849533081055,19,IN_TRANSIT_TO,2025-12-19 14:28:53,10906,2679,93-XA-34,POINT (-9.200849533081055 38.750579833984375)
4836_736,5340_20251202_199_0_10,199_0,1,38.72032928466797,-9.145770072937012,27,IN_TRANSIT_TO,2025-12-19 14:27:44,1102,4836,34-VR-23,POINT (-9.145770072937012 38.72032928466797)
4818_728,4590_20251202_204_0_9,204_0,1,38.72446823120117,-9.112079620361328,26,IN_TRANSIT_TO,2025-12-19 14:28:47,9810,4818,42-VT-57,POINT (-9.112079620361328 38.72446823120117)
2991_52B,21664_20251202_244_0_12,244_0,0,38.7411994934082,-9.147270202636719,12,IN_TRANSIT_TO,2025-12-19 14:28:40,1915,2991,29-VM-89,POINT (-9.147270202636719 38.7411994934082)
1715_756,6732_20251202_175_0_12,175_0,1,38.74222183227539,-9.13422966003418,18,IN_TRANSIT_TO,2025-12-19 14:28:58,302,1715,69-AL-78,POINT (-9.13422966003418 38.74222183227539)
2742_755,6704_20251202_118_0_8,118_0,1,38.750179290771484,-9.158349990844727,5,IN_TRANSIT_TO,2025-12-19 14:28:52,13509,2742,AG-94-TG,POINT (-9.158349990844727 38.750179290771484)
2602_759,6926_20251202_144_0_9,144_0,0,38.71025085449219,-9.127829551696777,5,IN_TRANSIT_TO,2025-12-19 14:28:57,4501,2602,16-VF-81,POINT (-9.127829551696777 38.71025085449219)
2962_45B,49564_20251202_277_0_12,277_0,1,38.76158142089844,-9.166569709777832,12,IN_TRANSIT_TO,2025-12-19 14:28:45,50006,2962,30-VM-07,POINT (-9.166569709777832 38.76158142089844)
2697_746,5975_20251202_108_0_15,108_0,0,38.74457931518555,-9.179320335388184,13,IN_TRANSIT_TO,2025-12-19 14:28:59,10704,2697,90-XF-59,POINT (-9.179320335388184 38.74457931518555)
2293_731,5019_20251202_190_0_10,190_0,1,38.781070709228516,-9.111749649047852,7,IN_TRANSIT_TO,2025-12-19 14:28:38,12615,2293,92-57-ZM,POINT (-9.111749649047852 38.781070709228516)
2322_712,3543_20251202_189_0_11,189_0,1,38.72090148925781,-9.126700401306152,24,IN_TRANSIT_TO,2025-12-19 14:29:05,9112,2322,67-46-ZJ,POINT (-9.126700401306152 38.72090148925781)
4812_751,6478_20251202_109_0_14,109_0,1,38.70232009887695,-9.180700302124023,23,IN_TRANSIT_TO,2025-12-19 14:28:56,9503,4812,20-VQ-70,POINT (-9.180700302124023 38.70232009887695)
2253_747,6076_20251202_177_0_14,177_0,1,38.767730712890625,-9.180879592895508,10,IN_TRANSIT_TO,2025-12-19 14:26:26,12811,2253,80-52-ZE,POINT (-9.180879592895508 38.767730712890625)
2691_764,7138_20251202_168_0_12,168_0,1,38.74436950683594,-9.193400382995605,16,IN_TRANSIT_TO,2025-12-19 14:28:40,10817,2691,90-XF-45,POINT (-9.193400382995605 38.74436950683594)
2763_720,4084_20251202_143_0_11,143_0,0,38.73442077636719,-9.141500473022461,10,IN_TRANSIT_TO,2025-12-19 14:29:01,11105,2763,AH-23-ND,POINT (-9.141500473022461 38.73442077636719)
2628_759,6969_20251202_144_0_10,144_0,1,38.76900100708008,-9.117830276489258,14,IN_TRANSIT_TO,2025-12-19 14:28:55,7704,2628,52-VP-82,POINT (-9.117830276489258 38.76900100708008)
2630_756,6762_20251202_175_0_14,175_0,0,38.71620178222656,-9.175399780273438,19,IN_TRANSIT_TO,2025-12-19 14:28:43,11902,2630,52-VP-89,POINT (-9.175399780273438 38.71620178222656)
2423_729,4822_20251202_104_0_10,104_0,0,38.75490188598633,-9.193779945373535,9,IN_TRANSIT_TO,2025-12-19 14:28:59,12821,2423,29-AU-18,POINT (-9.193779945373535 38.75490188598633)
2216_708,3331_20251202_100_0_8,100_0,1,38.71733093261719,-9.13582992553711,42,IN_TRANSIT_TO,2025-12-19 14:29:01,804,2216,08-00-XS,POINT (-9.13582992553711 38.71733093261719)
2675_714,3710_20251202_102_0_9,102_0,0,38.72481918334961,-9.21387004852295,32,IN_TRANSIT_TO,2025-12-19 14:28:49,14006,2675,87-XB-35,POINT (-9.21387004852295 38.72481918334961)
1708_701,2985_20251202_123_0_13,123_0,1,38.7476692199707,-9.152250289916992,24,IN_TRANSIT_TO,2025-12-19 14:29:03,13502,1708,69-AL-71,POINT (-9.152250289916992 38.7476692199707)
2494_735,5276_20251202_172_0_9,172_0,0,38.74903106689453,-9.141679763793945,25,IN_TRANSIT_TO,2025-12-19 14:28:41,201,2494,88-BL-68,POINT (-9.141679763793945 38.74903106689453)
265_734,5145_20251202_205_0_18,205_0,0,38.710899353027344,-9.126919746398926,16,IN_TRANSIT_TO,2025-12-19 14:28:34,2110,265,AG-40-OV,POINT (-9.126919746398926 38.710899353027344)
601_15E,11224_20251202_76_0_11,76_0,0,38.698219299316406,-9.189330101013184,13,IN_TRANSIT_TO,2025-12-19 14:28:52,9506,601,,POINT (-9.189330101013184 38.698219299316406)
2704_738,5533_20251202_117_0_9,117_0,0,38.71323013305664,-9.16211986541748,27,IN_TRANSIT_TO,2025-12-19 14:28:52,8102,2704,92-XQ-18,POINT (-9.16211986541748 38.71323013305664)
4835_736,5400_20251202_199_0_10,199_0,1,38.76543045043945,-9.157329559326172,13,IN_TRANSIT_TO,2025-12-19 14:29:00,5814,4835,53-VR-06,POINT (-9.157329559326172 38.76543045043945)
2733_742,5685_20251202_114_0_7,114_0,0,38.70301818847656,-9.181500434875488,41,IN_TRANSIT_TO,2025-12-19 14:28:45,12112,2733,AG-41-EI,POINT (-9.181500434875488 38.70301818847656)
2271_731,57525_20251202_190_0_9,190_0,0,38.74394989013672,-9.152569770812988,9,IN_TRANSIT_TO,2025-12-19 14:28:46,3309,2271,92-54-ZM,POINT (-9.152569770812988 38.74394989013672)
1709_701,2976_20251202_123_0_14,123_0,0,38.75461959838867,-9.152999877929688,2,IN_TRANSIT_TO,2025-12-19 14:28:48,5806,1709,69-AL-72,POINT (-9.152999877929688 38.75461959838867)
2486_703,3167_20251202_165_0_10,165_0,1,38.75904846191406,-9.185250282287598,10,IN_TRANSIT_TO,2025-12-19 14:29:00,12801,2486,91-BE-78,POINT (-9.185250282287598 38.75904846191406)
2260_726,4275_20251202_116_0_8,116_0,1,38.723819732666016,-9.131999969482422,30,IN_TRANSIT_TO,2025-12-19 14:28:41,604,2260,67-47-ZJ,POINT (-9.131999969482422 38.723819732666016)
2661_713,3615_20251202_122_0_12,122_0,1,38.70808029174805,-9.15861988067627,13,IN_TRANSIT_TO,2025-12-19 14:28:45,3909,2661,05-VZ-58,POINT (-9.15861988067627 38.70808029174805)
2759_708,3287_20251202_100_0_10,100_0,0,38.76771926879883,-9.105779647827148,27,IN_TRANSIT_TO,2025-12-19 14:29:01,7711,2759,AH-21-ND,POINT (-9.105779647827148 38.76771926879883)
2292_731,19407_20251202_190_0_9,190_0,0,38.7658805847168,-9.119720458984375,22,IN_TRANSIT_TO,2025-12-19 14:28:59,8403,2292,83-16-ZM,POINT (-9.119720458984375 38.7658805847168)
2798_738,5549_20251202_117_0_8,117_0,0,38.74618148803711,-9.148050308227539,14,IN_TRANSIT_TO,2025-12-19 14:28:42,2004,2798,AJ-56-LI,POINT (-9.148050308227539 38.74618148803711)
2723_713,3574_20251202_122_0_11,122_0,0,38.712730407714844,-9.17531967163086,30,IN_TRANSIT_TO,2025-12-19 14:29:00,9415,2723,92-XQ-43,POINT (-9.17531967163086 38.712730407714844)
2278_768,7345_20251202_111_0_13,111_0,1,38.747398376464844,-9.180930137634277,17,IN_TRANSIT_TO,2025-12-19 14:28:37,10709,2278,67-41-ZJ,POINT (-9.180930137634277 38.747398376464844)
2239_758,6819_20251202_150_0_11,150_0,0,38.705528259277344,-9.143150329589844,0,IN_TRANSIT_TO,2025-12-19 14:28:36,,2239,06-30-XX,POINT (-9.143150329589844 38.705528259277344)
2248_758,6886_20251202_150_0_11,150_0,0,38.74150085449219,-9.168299674987793,18,IN_TRANSIT_TO,2025-12-19 14:28:10,50472,2248,22-33-ZB,POINT (-9.168299674987793 38.74150085449219)
2987_702,3069_20251202_146_0_21,146_0,0,38.731380462646484,-9.168399810791016,9,IN_TRANSIT_TO,2025-12-19 14:28:59,2701,2987,29-VM-99,POINT (-9.168399810791016 38.731380462646484)
2950_32B,17551_20251202_211_0_13,211_0,0,38.75685119628906,-9.121930122375488,7,IN_TRANSIT_TO,2025-12-19 14:28:59,14701,2950,62-GQ-51,POINT (-9.121930122375488 38.75685119628906)
4803_728,4610_20251202_204_0_9,204_0,1,38.75382995605469,-9.096619606018066,14,IN_TRANSIT_TO,2025-12-19 14:29:03,2409,4803,77-VP-16,POINT (-9.096619606018066 38.75382995605469)
4622_755,6674_20251202_118_0_12,118_0,0,38.75722885131836,-9.112330436706543,15,IN_TRANSIT_TO,2025-12-19 14:27:02,24370,4622,90-JI-91,POINT (-9.112330436706543 38.75722885131836)
2946_26B,17513_20251202_208_0_14,208_0,1,38.75798034667969,-9.097570419311523,2,IN_TRANSIT_TO,2025-12-19 14:29:03,50292,2946,75-GO-15,POINT (-9.097570419311523 38.75798034667969)
223_773,7396_20251202_124_0_15,124_0,0,38.711700439453125,-9.164050102233887,17,IN_TRANSIT_TO,2025-12-19 14:28:26,10109,223,84-38-XQ,POINT (-9.164050102233887 38.711700439453125)
2410_716,3715_20251202_164_0_16,164_0,1,38.746368408203125,-9.183219909667969,8,IN_TRANSIT_TO,2025-12-19 14:28:58,10829,2410,92-AO-46,POINT (-9.183219909667969 38.746368408203125)
2231_726,4297_20251202_116_0_8,116_0,1,38.744850158691406,-9.168800354003906,14,IN_TRANSIT_TO,2025-12-19 14:28:38,12708,2231,06-28-XX,POINT (-9.168800354003906 38.744850158691406)
4802_728,4723_20251202_204_4_6,204_4,1,38.720821380615234,-9.118849754333496,15,IN_TRANSIT_TO,2025-12-19 14:29:01,4102,4802,77-VP-17,POINT (-9.118849754333496 38.720821380615234)
2943_29B,17527_20251202_209_0_13,209_0,0,38.77252960205078,-9.113619804382324,16,IN_TRANSIT_TO,2025-12-19 14:28:59,7720,2943,51-GL-83,POINT (-9.113619804382324 38.77252960205078)
2797_738,5514_20251202_117_0_10,117_0,1,38.70423126220703,-9.168049812316895,7,IN_TRANSIT_TO,2025-12-19 14:29:02,10203,2797,AJ-57-LI,POINT (-9.168049812316895 38.70423126220703)
6003_706,3243_20251202_147_0_10,147_0,0,38.70627975463867,-9.144120216369629,0,IN_TRANSIT_TO,2025-12-19 14:28:54,,6003,82-ZC-02,POINT (-9.144120216369629 38.70627975463867)
2455_729,4812_20251202_104_0_7,104_0,0,38.71392059326172,-9.197429656982422,26,IN_TRANSIT_TO,2025-12-19 14:29:00,10315,2455,16-AZ-12,POINT (-9.197429656982422 38.71392059326172)
2603_781,7739_20251202_151_0_11,151_0,1,38.777069091796875,-9.117879867553711,6,IN_TRANSIT_TO,2025-12-19 14:28:43,12604,2603,16-VF-76,POINT (-9.117879867553711 38.777069091796875)
2757_742,5757_20251202_114_0_6,114_0,1,38.730369567871094,-9.125029563903809,45,IN_TRANSIT_TO,2025-12-19 14:28:52,7012,2757,AH-32-ND,POINT (-9.125029563903809 38.730369567871094)
2994_765,18945_20251202_110_0_32,110_0,1,38.75627899169922,-9.204299926757812,4,IN_TRANSIT_TO,2025-12-19 14:28:48,10926,2994,29-VM-91,POINT (-9.204299926757812 38.75627899169922)
560_28E,14893_20251202_75_0_15,75_0,1,38.712928771972656,-9.129349708557129,12,IN_TRANSIT_TO,2025-12-19 14:28:54,13813,560,,POINT (-9.129349708557129 38.712928771972656)
2778_727,4542_20251202_103_0_6,103_0,1,38.706748962402344,-9.174670219421387,19,IN_TRANSIT_TO,2025-12-19 14:28:47,12105,2778,AI-03-BT,POINT (-9.174670219421387 38.706748962402344)
410_51E,62228_20251202_158_0_2,158_0,0,38.717830657958984,-9.143600463867188,8,IN_TRANSIT_TO,2025-12-19 14:29:04,50623,410,BF-21-VF,POINT (-9.143600463867188 38.717830657958984)
1747_735,5284_20251202_172_0_9,172_0,0,38.717918395996094,-9.120849609375,9,IN_TRANSIT_TO,2025-12-19 14:28:41,2107,1747,92-HR-04,POINT (-9.120849609375 38.717918395996094)
409_67B,28219_20251202_253_0_11,253_0,0,38.76166915893555,-9.195549964904785,0,IN_TRANSIT_TO,2025-12-19 14:28:42,,409,BF-73-TQ,POINT (-9.195549964904785 38.76166915893555)
575_28E,14915_20251202_75_0_9,75_0,1,38.71297073364258,-9.129449844360352,12,IN_TRANSIT_TO,2025-12-19 14:29:00,13813,575,,POINT (-9.129449844360352 38.71297073364258)
2984_71B,45265_20251202_278_0_10,278_0,0,38.750118255615234,-9.19556999206543,3,IN_TRANSIT_TO,2025-12-19 14:28:31,10802,2984,30-VM-04,POINT (-9.19556999206543 38.750118255615234)
577_18E,12197_20251202_78_0_14,78_0,1,38.70507049560547,-9.178720474243164,13,IN_TRANSIT_TO,2025-12-19 14:29:01,12119,577,,POINT (-9.178720474243164 38.70507049560547)
501_15E,11276_20251202_76_0_12,76_0,1,38.71257019042969,-9.137479782104492,23,IN_TRANSIT_TO,2025-12-19 14:28:47,50621,501,,POINT (-9.137479782104492 38.71257019042969)
556_28E,14968_20251202_75_0_8,75_0,0,38.71965026855469,-9.13556957244873,2,IN_TRANSIT_TO,2025-12-19 14:28:53,803,556,,POINT (-9.13556957244873 38.71965026855469)
6022_760,7096_20251202_171_0_4,171_0,1,38.70301818847656,-9.194580078125,18,IN_TRANSIT_TO,2025-12-19 14:28:58,13401,6022,BF-48-BB,POINT (-9.194580078125 38.70301818847656)
2265_758,6797_20251202_150_0_11,150_0,0,38.70777130126953,-9.143400192260742,2,IN_TRANSIT_TO,2025-12-19 14:28:12,3825,2265,76-91-ZG,POINT (-9.143400192260742 38.70777130126953)
2241_771,21929_20251202_248_0_14,248_0,0,38.70301818847656,-9.195469856262207,23,IN_TRANSIT_TO,2025-12-19 14:29:02,13305,2241,22-37-ZB,POINT (-9.195469856262207 38.70301818847656)
2981_797,8164_20251202_163_0_29,163_0,1,38.72174835205078,-9.128769874572754,0,IN_TRANSIT_TO,2025-12-19 14:29:01,,2981,29-VM-86,POINT (-9.128769874572754 38.72174835205078)
2967_737,5503_20251202_173_0_23,173_0,0,38.711971282958984,-9.131230354309082,5,IN_TRANSIT_TO,2025-12-19 14:28:48,13807,2967,30-VM-05,POINT (-9.131230354309082 38.711971282958984)
2749_735,5235_20251202_172_0_10,172_0,1,38.74222183227539,-9.13461971282959,12,IN_TRANSIT_TO,2025-12-19 14:28:41,302,2749,AG-03-TH,POINT (-9.13461971282959 38.74222183227539)
2789_709,3388_20251202_148_0_20,148_0,0,38.722381591796875,-9.14739990234375,4,IN_TRANSIT_TO,2025-12-19 14:28:39,1103,2789,AI-53-TL,POINT (-9.14739990234375 38.722381591796875)
2443_747,6097_20251202_177_0_14,177_0,1,38.7612190246582,-9.197099685668945,0,IN_TRANSIT_TO,2025-12-19 14:29:05,,2443,29-AX-05,POINT (-9.197099685668945 38.7612190246582)
2470_767,7307_20251202_112_0_7,112_0,0,38.757118225097656,-9.185569763183594,29,IN_TRANSIT_TO,2025-12-19 14:28:58,12802,2470,74-BC-71,POINT (-9.185569763183594 38.757118225097656)
4605_750,6325_20251202_106_0_8,106_0,1,38.76837158203125,-9.10414981842041,38,IN_TRANSIT_TO,2025-12-19 14:28:50,2315,4605,31-GN-72,POINT (-9.10414981842041 38.76837158203125)
565_25E,14272_20251202_79_0_14,79_0,0,38.70814895629883,-9.137120246887207,2,IN_TRANSIT_TO,2025-12-19 14:28:41,5515,565,,POINT (-9.137120246887207 38.70814895629883)
4627_796,8116_20251202_174_0_23,174_0,0,38.7736701965332,-9.161820411682129,5,IN_TRANSIT_TO,2025-12-19 14:28:59,5907,4627,11-JM-76,POINT (-9.161820411682129 38.7736701965332)
2717_738,5562_20251202_117_0_9,117_0,1,38.73707962036133,-9.145569801330566,20,IN_TRANSIT_TO,2025-12-19 14:28:41,1801,2717,92-XQ-16,POINT (-9.145569801330566 38.73707962036133)
2471_703,3163_20251202_165_0_10,165_0,1,38.769798278808594,-9.1779203414917,18,IN_TRANSIT_TO,2025-12-19 14:28:51,5935,2471,74-BC-70,POINT (-9.1779203414917 38.769798278808594)
2418_747,6112_20251202_177_0_14,177_0,0,38.767520904541016,-9.185400009155273,14,IN_TRANSIT_TO,2025-12-19 14:28:50,12832,2418,92-AO-54,POINT (-9.185400009155273 38.767520904541016)
4608_750,6304_20251202_106_0_10,106_0,0,38.75825119018555,-9.111120223999023,6,IN_TRANSIT_TO,2025-12-19 14:28:56,2302,4608,96-GL-85,POINT (-9.111120223999023 38.75825119018555)
276_28E,48783_20250901_75_8_35,75_8,1,38.71432876586914,-9.169320106506348,15,IN_TRANSIT_TO,2025-11-16 23:22:53,8017,276,AH-12-TB,POINT (-9.169320106506348 38.71432876586914)
4831_736,5300_20251202_199_0_11,199_0,0,38.74177169799805,-9.146699905395508,8,IN_TRANSIT_TO,2025-12-19 14:28:49,1809,4831,20-VQ-61,POINT (-9.146699905395508 38.74177169799805)
1770_755,6689_20251202_118_0_11,118_0,1,38.75667953491211,-9.121700286865234,23,IN_TRANSIT_TO,2025-12-19 14:29:05,14704,1770,63-HX-17,POINT (-9.121700286865234 38.75667953491211)
2280_724,4232_20251202_178_0_14,178_0,1,38.74542999267578,-9.197999954223633,12,IN_TRANSIT_TO,2025-12-19 14:29:01,2802,2280,67-40-ZJ,POINT (-9.197999954223633 38.74542999267578)
2619_744,5847_20251202_200_0_10,200_0,1,38.77016830444336,-9.127320289611816,13,IN_TRANSIT_TO,2025-12-19 14:29:02,7604,2619,66-VI-37,POINT (-9.127320289611816 38.77016830444336)
6042_732,5058_20251202_107_0_7,107_0,0,38.72578048706055,-9.148030281066895,11,IN_TRANSIT_TO,2025-12-19 14:28:39,6602,6042,BG-97-LU,POINT (-9.148030281066895 38.72578048706055)
2338_723,4178_20251202_121_0_10,121_0,1,38.72502899169922,-9.153300285339355,28,IN_TRANSIT_TO,2025-12-19 14:28:37,1224,2338,53-62-ZJ,POINT (-9.153300285339355 38.72502899169922)
4603_728,4699_20251202_204_0_6,204_0,0,38.7128791809082,-9.123250007629395,23,IN_TRANSIT_TO,2025-12-19 14:28:49,8201,4603,96-GL-81,POINT (-9.123250007629395 38.7128791809082)
2642_718,3973_20251202_105_0_10,105_0,0,38.72542953491211,-9.118720054626465,21,IN_TRANSIT_TO,2025-12-19 14:28:38,9804,2642,75-VS-51,POINT (-9.118720054626465 38.72542953491211)
2296_731,5023_20251202_190_0_11,190_0,0,38.76264953613281,-9.195449829101562,0,IN_TRANSIT_TO,2025-12-19 14:28:42,,2296,92-51-ZM,POINT (-9.195449829101562 38.76264953613281)
1710_701,2990_20251202_123_0_15,123_0,1,38.7452507019043,-9.169179916381836,12,IN_TRANSIT_TO,2025-12-19 14:28:52,1621,1710,69-AL-73,POINT (-9.169179916381836 38.7452507019043)
2440_767,7299_20251202_112_0_8,112_0,1,38.74987030029297,-9.221179962158203,0,IN_TRANSIT_TO,2025-12-19 14:28:35,,2440,29-AX-08,POINT (-9.221179962158203 38.74987030029297)
2496_720,4092_20251202_143_0_12,143_0,0,38.7388801574707,-9.12047004699707,0,IN_TRANSIT_TO,2025-12-19 14:28:52,,2496,88-BL-70,POINT (-9.12047004699707 38.7388801574707)
6032_760,7047_20251202_171_0_5,171_0,0,38.707271575927734,-9.14126968383789,11,IN_TRANSIT_TO,2025-12-19 14:28:49,3820,6032,BF-93-BC,POINT (-9.14126968383789 38.707271575927734)
6033_732,5081_20251202_107_0_6,107_0,1,38.71017837524414,-9.135149955749512,30,IN_TRANSIT_TO,2025-12-19 14:28:46,5519,6033,BF-92-AZ,POINT (-9.135149955749512 38.71017837524414)
2645_759,6960_20251202_144_0_8,144_0,1,38.73677062988281,-9.113030433654785,28,IN_TRANSIT_TO,2025-12-19 14:29:02,3712,2645,87-VS-49,POINT (-9.113030433654785 38.73677062988281)
1707_701,2958_20251202_123_0_11,123_0,0,38.742069244384766,-9.168299674987793,19,IN_TRANSIT_TO,2025-12-19 14:28:46,1612,1707,69-AL-70,POINT (-9.168299674987793 38.742069244384766)
2327_712,3565_20250901_189_0_8,189_0,1,38.72502899169922,-9.15291976928711,14,IN_TRANSIT_TO,2025-11-11 11:30:40,1224,2327,67-53-ZJ,POINT (-9.15291976928711 38.72502899169922)
234_17B,21706_20251202_247_0_12,247_0,0,38.723270416259766,-9.13187026977539,16,IN_TRANSIT_TO,2025-12-19 14:28:54,709,234,13-31-XZ,POINT (-9.13187026977539 38.723270416259766)
2718_738,5565_20251202_117_0_7,117_0,1,38.7200813293457,-9.154399871826172,14,IN_TRANSIT_TO,2025-12-19 14:28:37,6805,2718,92-XQ-23,POINT (-9.154399871826172 38.7200813293457)
4646_748,6161_20251202_169_0_19,169_0,0,38.72505187988281,-9.155269622802734,2,IN_TRANSIT_TO,2025-12-19 14:28:53,1209,4646,11-JM-79,POINT (-9.155269622802734 38.72505187988281)
2648_744,5818_20251202_200_0_8,200_0,0,38.749080657958984,-9.13782024383545,10,IN_TRANSIT_TO,2025-12-19 14:28:48,2053,2648,75-VS-46,POINT (-9.13782024383545 38.749080657958984)
2724_712,3529_20251202_189_0_9,189_0,0,38.714298248291016,-9.122900009155273,1,IN_TRANSIT_TO,2025-12-19 14:29:02,2132,2724,92-XQ-40,POINT (-9.122900009155273 38.714298248291016)
2740_756,6715_20251202_175_0_14,175_0,0,38.742271423339844,-9.140569686889648,9,IN_TRANSIT_TO,2025-12-19 14:28:59,6402,2740,AG-43-EI,POINT (-9.140569686889648 38.742271423339844)
505_15E,11310_20251202_76_0_10,76_0,1,38.70249938964844,-9.180480003356934,13,IN_TRANSIT_TO,2025-12-19 14:28:42,12111,505,,POINT (-9.180480003356934 38.70249938964844)
2246_758,6854_20251202_150_0_7,150_0,0,38.74134826660156,-9.168149948120117,18,IN_TRANSIT_TO,2025-12-19 13:53:01,50472,2246,22-38-ZB,POINT (-9.168149948120117 38.74134826660156)
6025_732,5089_20251202_107_0_5,107_0,1,38.698429107666016,-9.188220024108887,18,IN_TRANSIT_TO,2025-12-19 14:28:59,9507,6025,BF-92-AX,POINT (-9.188220024108887 38.698429107666016)
4624_783,7858_20251202_203_0_9,203_0,0,38.74953079223633,-9.148480415344238,11,IN_TRANSIT_TO,2025-12-19 14:28:35,2011,4624,11-JM-75,POINT (-9.148480415344238 38.74953079223633)
2737_755,6696_20251202_118_0_11,118_0,1,38.74382019042969,-9.112879753112793,32,IN_TRANSIT_TO,2025-12-19 14:28:47,3706,2737,AG-45-EI,POINT (-9.112879753112793 38.74382019042969)
2422_729,4790_20251202_104_0_7,104_0,0,38.71397018432617,-9.196800231933594,26,IN_TRANSIT_TO,2025-12-19 14:28:52,10315,2422,29-AU-17,POINT (-9.196800231933594 38.71397018432617)
2672_776,7479_20251202_193_0_36,193_0,0,38.701751708984375,-9.251279830932617,6,IN_TRANSIT_TO,2025-12-19 14:28:26,4302,2672,87-XB-44,POINT (-9.251279830932617 38.701751708984375)
2657_744,5817_20251202_200_0_9,200_0,0,38.77207946777344,-9.097570419311523,26,IN_TRANSIT_TO,2025-12-19 14:29:04,7821,2657,05-VZ-66,POINT (-9.097570419311523 38.77207946777344)
2955_40B,17561_20251202_212_0_13,212_0,1,38.778629302978516,-9.142680168151855,16,IN_TRANSIT_TO,2025-12-19 14:28:58,6016,2955,27-GU-70,POINT (-9.142680168151855 38.778629302978516)
2680_714,3704_20251202_102_0_10,102_0,1,38.7200813293457,-9.219730377197266,4,IN_TRANSIT_TO,2025-12-19 14:28:50,18703,2680,93-XA-36,POINT (-9.219730377197266 38.7200813293457)
2666_714,3660_20251202_102_0_11,102_0,0,38.70634841918945,-9.14721965789795,2,IN_TRANSIT_TO,2025-12-19 14:28:45,3802,2666,87-XB-39,POINT (-9.14721965789795 38.70634841918945)
2442_767,7306_20251202_112_0_7,112_0,0,38.75632858276367,-9.204000473022461,38,IN_TRANSIT_TO,2025-12-19 14:29:01,13702,2442,29-AX-06,POINT (-9.204000473022461 38.75632858276367)
551_24E,17835_20251202_213_0_20,213_0,0,38.71556854248047,-9.14542007446289,4,IN_TRANSIT_TO,2025-12-19 14:28:37,10601,551,,POINT (-9.14542007446289 38.71556854248047)
2662_727,4550_20251202_103_0_8,103_0,1,38.70758056640625,-9.20259952545166,8,IN_TRANSIT_TO,2025-12-19 14:28:46,13111,2662,05-VZ-51,POINT (-9.20259952545166 38.70758056640625)
2242_758,6867_20251202_150_0_10,150_0,1,38.750579833984375,-9.197699546813965,5,IN_TRANSIT_TO,2025-12-19 14:28:49,10905,2242,22-42-ZB,POINT (-9.197699546813965 38.750579833984375)
4813_728,4682_20251202_204_0_8,204_0,0,38.73249816894531,-9.104619979858398,29,IN_TRANSIT_TO,2025-12-19 14:28:49,8311,4813,68-VQ-50,POINT (-9.104619979858398 38.73249816894531)
2835_753,6563_20251202_167_0_17,167_0,0,38.665069580078125,-9.172969818115234,8,IN_TRANSIT_TO,2025-12-19 14:28:41,14601,2835,BF-62-FZ,POINT (-9.172969818115234 38.665069580078125)
275_28E,48756_20251202_75_8_20,75_8,0,38.71107864379883,-9.148619651794434,11,IN_TRANSIT_TO,2025-12-19 14:29:04,9903,275,AH-16-TB,POINT (-9.148619651794434 38.71107864379883)
1780_735,5194_20251202_172_0_8,172_0,1,38.70846939086914,-9.135899543762207,32,IN_TRANSIT_TO,2025-12-19 14:28:53,4502,1780,63-HX-18,POINT (-9.135899543762207 38.70846939086914)
2203_708,3357_20251202_100_0_9,100_0,1,38.77494812011719,-9.09749984741211,12,IN_TRANSIT_TO,2025-12-19 14:28:56,50123,2203,72-19-XN,POINT (-9.09749984741211 38.77494812011719)
2800_748,6133_20251202_169_0_16,169_0,1,38.725379943847656,-9.187379837036133,6,IN_TRANSIT_TO,2025-12-19 14:29:04,14311,2800,AJ-54-LI,POINT (-9.187379837036133 38.725379943847656)
2347_758,6877_20251202_150_0_14,150_0,1,38.72425079345703,-9.160369873046875,21,IN_TRANSIT_TO,2025-12-09 19:31:15,6120,2347,53-61-ZJ,POINT (-9.160369873046875 38.72425079345703)
2949_31B,17541_20251202_210_0_13,210_0,0,38.75136947631836,-9.104330062866211,9,IN_TRANSIT_TO,2025-12-19 14:28:44,24371,2949,62-GQ-52,POINT (-9.104330062866211 38.75136947631836)
2464_763,46420_20251202_282_0_14,282_0,1,38.77452087402344,-9.180399894714355,11,IN_TRANSIT_TO,2025-12-19 14:28:30,50111,2464,91-BE-71,POINT (-9.180399894714355 38.77452087402344)
2420_716,3730_20251202_164_0_15,164_0,0,38.738521575927734,-9.154250144958496,8,IN_TRANSIT_TO,2025-12-19 14:29:00,1503,2420,29-AU-15,POINT (-9.154250144958496 38.738521575927734)
2345_724,4211_20251202_178_0_15,178_0,0,38.75328063964844,-9.196370124816895,21,IN_TRANSIT_TO,2025-12-19 14:28:54,10912,2345,53-59-ZJ,POINT (-9.196370124816895 38.75328063964844)
2710_711,3508_20251202_101_0_10,101_0,1,38.74824905395508,-9.207500457763672,8,IN_TRANSIT_TO,2025-12-19 14:28:59,50132,2710,92-XQ-19,POINT (-9.207500457763672 38.74824905395508)
2478_726,4284_20251202_116_0_10,116_0,1,38.73128128051758,-9.137649536132812,27,IN_TRANSIT_TO,2025-12-19 14:28:48,6501,2478,91-BE-80,POINT (-9.137649536132812 38.73128128051758)
2997_702,3034_20251202_146_0_20,146_0,1,38.725181579589844,-9.156720161437988,11,IN_TRANSIT_TO,2025-12-19 14:28:56,6128,2997,34-VN-03,POINT (-9.156720161437988 38.725181579589844)
2776_727,4444_20251202_103_0_7,103_0,0,38.69742965698242,-9.198670387268066,36,IN_TRANSIT_TO,2025-12-19 14:28:41,4112,2776,AI-07-BT,POINT (-9.198670387268066 38.69742965698242)
273_28E,44756_20251202_75_8_20,75_8,1,38.714351654052734,-9.169380187988281,15,IN_TRANSIT_TO,2025-12-19 14:28:46,8017,273,AH-15-TB,POINT (-9.169380187988281 38.714351654052734)
606_15E,11245_20251202_76_0_9,76_0,0,38.702430725097656,-9.180480003356934,10,IN_TRANSIT_TO,2025-12-19 14:28:58,12116,606,,POINT (-9.180480003356934 38.702430725097656)
4632_783,7818_20251202_203_0_10,203_0,1,38.72208023071289,-9.16178035736084,30,IN_TRANSIT_TO,2025-12-19 14:28:36,8501,4632,98-JO-43,POINT (-9.16178035736084 38.72208023071289)
2610_718,3957_20251202_105_0_13,105_0,1,38.73508071899414,-9.13407039642334,4,IN_TRANSIT_TO,2025-12-19 14:28:52,402,2610,66-VI-20,POINT (-9.13407039642334 38.73508071899414)
614_15E,11219_20251202_76_0_11,76_0,0,38.695228576660156,-9.216730117797852,19,IN_TRANSIT_TO,2025-12-19 14:28:43,13206,614,,POINT (-9.216730117797852 38.695228576660156)
2989_45B,45284_20251202_277_0_12,277_0,0,38.765750885009766,-9.154020309448242,10,IN_TRANSIT_TO,2025-12-19 14:28:45,5835,2989,29-VM-85,POINT (-9.154020309448242 38.765750885009766)
4613_728,4715_20251202_204_0_8,204_0,0,38.709228515625,-9.211480140686035,1,IN_TRANSIT_TO,2025-12-19 14:28:56,12409,4613,22-GP-48,POINT (-9.211480140686035 38.709228515625)
2647_718,3964_20251202_105_0_12,105_0,0,38.7418212890625,-9.133330345153809,30,IN_TRANSIT_TO,2025-12-19 14:29:06,411,2647,75-VS-45,POINT (-9.133330345153809 38.7418212890625)
2755_756,6746_20251202_175_0_15,175_0,1,38.73802947998047,-9.155130386352539,12,IN_TRANSIT_TO,2025-12-19 14:28:57,1504,2755,AG-95-TG,POINT (-9.155130386352539 38.73802947998047)
2746_735,5268_20251202_172_0_9,172_0,0,38.74755096435547,-9.14109992980957,25,IN_TRANSIT_TO,2025-12-19 14:28:40,201,2746,AG-97-TG,POINT (-9.14109992980957 38.74755096435547)
2607_722,4128_20251202_196_0_10,196_0,1,38.75593185424805,-9.130319595336914,18,IN_TRANSIT_TO,2025-12-19 14:28:44,7512,2607,AA-95-TQ,POINT (-9.130319595336914 38.75593185424805)
1779_720,4057_20251202_143_0_11,143_0,0,38.70502853393555,-9.184069633483887,28,IN_TRANSIT_TO,2025-12-19 14:28:38,12004,1779,63-HX-20,POINT (-9.184069633483887 38.70502853393555)
4821_736,18835_20251202_199_0_9,199_0,0,38.78371810913086,-9.166720390319824,25,IN_TRANSIT_TO,2025-12-19 14:29:01,7207,4821,20-VQ-68,POINT (-9.166720390319824 38.78371810913086)
301_708,3278_20251202_100_0_10,100_0,0,38.78491973876953,-9.095370292663574,35,IN_TRANSIT_TO,2025-12-19 14:28:41,50130,301,74-SM-62,POINT (-9.095370292663574 38.78491973876953)
4647_750,6371_20251202_106_0_8,106_0,1,38.74502944946289,-9.19806957244873,13,IN_TRANSIT_TO,2025-12-19 14:28:57,2812,4647,02-JN-88,POINT (-9.19806957244873 38.74502944946289)
268_61B,21523_20251202_241_0_15,241_0,1,38.723751068115234,-9.16592025756836,0,IN_TRANSIT_TO,2025-12-19 14:28:40,,268,AH-56-CZ,POINT (-9.16592025756836 38.723751068115234)
1759_796,8130_20251202_174_0_24,174_0,1,38.76118087768555,-9.157500267028809,16,IN_TRANSIT_TO,2025-12-19 14:28:42,5808,1759,34-HU-25,POINT (-9.157500267028809 38.76118087768555)
2842_753,6578_20251202_167_0_16,167_0,1,38.724449157714844,-9.150030136108398,6,IN_TRANSIT_TO,2025-12-19 14:29:06,1212,2842,BF-56-FZ,POINT (-9.150030136108398 38.724449157714844)
2481_767,7182_20251202_112_0_7,112_0,0,38.76171875,-9.165769577026367,21,IN_TRANSIT_TO,2025-12-19 14:28:39,50013,2481,54-BH-99,POINT (-9.165769577026367 38.76171875)
2980_730,4950_20251202_198_0_12,198_0,0,38.73334884643555,-9.122119903564453,0,IN_TRANSIT_TO,2025-12-19 14:28:53,,2980,29-VM-90,POINT (-9.122119903564453 38.73334884643555)
2725_764,7159_20251202_168_0_12,168_0,0,38.74702072143555,-9.216449737548828,28,IN_TRANSIT_TO,2025-12-19 14:29:04,3014,2725,92-XQ-30,POINT (-9.216449737548828 38.74702072143555)
6044_760,7069_20251202_171_0_7,171_0,1,38.72365188598633,-9.139820098876953,38,IN_TRANSIT_TO,2025-12-19 14:28:38,9213,6044,BG-87-LX,POINT (-9.139820098876953 38.72365188598633)
611_15E,11311_20251202_76_0_12,76_0,1,38.6968994140625,-9.206199645996094,6,IN_TRANSIT_TO,2025-12-19 14:28:48,13209,611,,POINT (-9.206199645996094 38.6968994140625)
2490_708,3366_20251202_100_0_11,100_0,1,38.794151306152344,-9.10414981842041,0,IN_TRANSIT_TO,2025-12-19 14:29:02,,2490,55-BH-01,POINT (-9.10414981842041 38.794151306152344)
2669_727,4466_20251202_103_0_7,103_0,0,38.71004867553711,-9.153470039367676,20,IN_TRANSIT_TO,2025-12-19 14:28:34,6702,2669,87-XB-34,POINT (-9.153470039367676 38.71004867553711)
2696_727,4534_20251202_103_0_7,103_0,1,38.72438049316406,-9.150569915771484,36,IN_TRANSIT_TO,2025-12-19 14:29:02,1207,2696,90-XF-63,POINT (-9.150569915771484 38.72438049316406)
2739_755,6652_20251202_118_0_10,118_0,0,38.747230529785156,-9.112870216369629,12,IN_TRANSIT_TO,2025-12-19 14:28:36,3705,2739,AG-31-EI,POINT (-9.112870216369629 38.747230529785156)
2250_731,19403_20240727_190_0_8,190_0,1,38.78303146362305,-9.114009857177734,3,IN_TRANSIT_TO,2024-08-10 10:41:27,12610,2250,80-41-ZE,POINT (-9.114009857177734 38.78303146362305)
2317_754,6623_20251202_201_0_9,201_0,0,38.73432159423828,-9.215669631958008,31,IN_TRANSIT_TO,2025-12-19 14:28:52,18116,2317,61-86-ZB,POINT (-9.215669631958008 38.73432159423828)
2247_778,18645_20251202_179_0_14,179_0,0,38.760650634765625,-9.167070388793945,4,IN_TRANSIT_TO,2025-12-19 14:28:39,50005,2247,22-34-ZB,POINT (-9.167070388793945 38.760650634765625)
2473_778,7531_20251202_179_0_16,179_0,1,38.76512145996094,-9.171719551086426,18,IN_TRANSIT_TO,2025-12-19 14:28:51,50024,2473,74-BC-68,POINT (-9.171719551086426 38.76512145996094)
2640_744,5832_20251202_200_0_9,200_0,0,38.721920013427734,-9.146929740905762,2,IN_TRANSIT_TO,2025-12-19 14:29:03,1103,2640,75-VS-43,POINT (-9.146929740905762 38.721920013427734)
562_28E,14942_20251202_75_0_12,75_0,0,38.7080192565918,-9.140049934387207,17,IN_TRANSIT_TO,2025-12-19 14:27:55,5604,562,,POINT (-9.140049934387207 38.7080192565918)
2656_781,7749_20251202_151_0_10,151_0,0,38.77573013305664,-9.113030433654785,22,IN_TRANSIT_TO,2025-12-19 14:28:46,12309,2656,05-VZ-53,POINT (-9.113030433654785 38.77573013305664)
2321_712,3551_20251202_189_0_12,189_0,1,38.72760009765625,-9.162030220031738,11,IN_TRANSIT_TO,2025-12-19 14:28:57,6104,2321,04-47-ZF,POINT (-9.162030220031738 38.72760009765625)
2809_793,7990_20251202_145_0_14,145_0,0,38.7475700378418,-9.118430137634277,21,IN_TRANSIT_TO,2025-12-19 14:28:44,3605,2809,01-IH-98,POINT (-9.118430137634277 38.7475700378418)
2992_730,4968_20251202_198_0_13,198_0,1,38.72174835205078,-9.129400253295898,10,IN_TRANSIT_TO,2025-12-19 14:28:54,602,2992,29-VM-95,POINT (-9.129400253295898 38.72174835205078)
2608_759,6957_20251202_144_0_10,144_0,1,38.71377944946289,-9.122480392456055,39,IN_TRANSIT_TO,2025-12-19 14:28:48,2128,2608,66-VI-39,POINT (-9.122480392456055 38.71377944946289)
2430_716,3727_20251202_164_0_12,164_0,1,38.7507209777832,-9.199199676513672,3,IN_TRANSIT_TO,2025-12-19 14:28:56,10903,2430,29-AX-12,POINT (-9.199199676513672 38.7507209777832)
2226_742,5739_20251202_114_0_8,114_0,0,38.73377990722656,-9.134499549865723,17,IN_TRANSIT_TO,2025-12-19 14:28:40,503,2226,06-35-XX,POINT (-9.134499549865723 38.73377990722656)
4621_736,18837_20251202_199_0_9,199_0,0,38.76087951660156,-9.157179832458496,16,IN_TRANSIT_TO,2025-12-19 14:29:05,5807,4621,90-JI-90,POINT (-9.157179832458496 38.76087951660156)
2235_763,49572_20251202_282_0_15,282_0,0,38.752899169921875,-9.18945026397705,20,IN_TRANSIT_TO,2025-12-19 14:28:36,12821,2235,06-32-XX,POINT (-9.18945026397705 38.752899169921875)
2251_771,21941_20251202_248_0_15,248_0,1,38.711769104003906,-9.195449829101562,8,IN_TRANSIT_TO,2025-12-19 14:28:58,50140,2251,22-31-ZB,POINT (-9.195449829101562 38.711769104003906)
2673_723,18953_20251202_121_0_10,121_0,1,38.70051956176758,-9.215880393981934,6,IN_TRANSIT_TO,2025-12-19 14:28:56,9714,2673,87-XB-37,POINT (-9.215880393981934 38.70051956176758)
2259_799,8212_20251202_120_0_17,120_0,1,38.73741912841797,-9.220979690551758,23,IN_TRANSIT_TO,2025-12-19 14:28:35,10917,2259,67-44-ZJ,POINT (-9.220979690551758 38.73741912841797)
2258_726,4352_20251202_116_0_9,116_0,0,38.73915100097656,-9.15293025970459,13,IN_TRANSIT_TO,2025-12-19 14:28:56,33102,2258,53-58-ZJ,POINT (-9.15293025970459 38.73915100097656)
6004_706,3258_20251202_147_0_3,147_0,1,38.71997833251953,-9.155099868774414,24,IN_TRANSIT_TO,2025-12-19 14:29:06,6810,6004,82-ZC-35,POINT (-9.155099868774414 38.71997833251953)
2995_72B,45271_20251202_279_0_10,279_0,0,38.74802017211914,-9.200349807739258,23,IN_TRANSIT_TO,2025-12-19 14:28:47,50611,2995,30-VM-15,POINT (-9.200349807739258 38.74802017211914)
2702_727,4539_20251202_103_0_7,103_0,1,38.7076301574707,-9.152199745178223,27,IN_TRANSIT_TO,2025-12-19 14:28:40,3922,2702,92-XQ-21,POINT (-9.152199745178223 38.7076301574707)
2328_712,3556_20251202_189_0_11,189_0,0,38.72673034667969,-9.162269592285156,21,IN_TRANSIT_TO,2025-12-19 14:19:52,6113,2328,62-96-ZG,POINT (-9.162269592285156 38.72673034667969)
2988_774,7440_20251202_192_0_21,192_0,0,38.72161865234375,-9.156550407409668,8,IN_TRANSIT_TO,2025-12-19 14:29:01,6823,2988,29-VM-94,POINT (-9.156550407409668 38.72161865234375)
2796_709,3403_20251202_148_0_21,148_0,1,38.719730377197266,-9.155719757080078,6,IN_TRANSIT_TO,2025-12-19 14:28:41,6803,2796,AJ-59-LI,POINT (-9.155719757080078 38.719730377197266)
2663_714,3697_20240914_102_0_16,102_0,1,38.72127151489258,-9.221500396728516,4,IN_TRANSIT_TO,2024-10-22 20:26:58,18703,2663,05-VZ-62,POINT (-9.221500396728516 38.72127151489258)
2344_724,4224_20251202_178_0_17,178_0,0,38.7239990234375,-9.187950134277344,7,IN_TRANSIT_TO,2025-12-19 14:28:40,21307,2344,53-60-ZJ,POINT (-9.187950134277344 38.7239990234375)
414_73B,18776_20251202_220_0_10,220_0,0,38.70574951171875,-9.176030158996582,26,IN_TRANSIT_TO,2025-12-19 14:29:02,12110,414,BF-95-TP,POINT (-9.176030158996582 38.70574951171875)
2281_758,6888_20251202_150_0_11,150_0,0,38.73693084716797,-9.166230201721191,16,IN_TRANSIT_TO,2025-12-19 14:28:53,2711,2281,67-56-ZJ,POINT (-9.166230201721191 38.73693084716797)
2743_755,6705_20251202_118_0_10,118_0,0,38.7422981262207,-9.167929649353027,41,IN_TRANSIT_TO,2025-12-19 14:28:50,12702,2743,AG-02-TH,POINT (-9.167929649353027 38.7422981262207)
6023_760,7078_20251202_171_0_10,171_0,1,38.715980529785156,-9.135780334472656,35,IN_TRANSIT_TO,2025-12-19 14:29:04,818,6023,BF-03-BD,POINT (-9.135780334472656 38.715980529785156)
2497_720,4042_20251202_143_0_8,143_0,1,38.713348388671875,-9.161849975585938,11,IN_TRANSIT_TO,2025-12-19 14:27:09,8101,2497,88-BL-71,POINT (-9.161849975585938 38.713348388671875)
6046_760,7106_20251202_171_0_7,171_0,0,38.707618713378906,-9.196399688720703,27,IN_TRANSIT_TO,2025-12-19 14:28:41,13312,6046,BH-73-IR,POINT (-9.196399688720703 38.707618713378906)
4611_750,6409_20251202_106_0_9,106_0,0,38.70587158203125,-9.226730346679688,37,IN_TRANSIT_TO,2025-12-19 14:28:57,18403,4611,96-GL-88,POINT (-9.226730346679688 38.70587158203125)
272_67B,28220_20251202_253_0_10,253_0,0,38.706729888916016,-9.172829627990723,8,IN_TRANSIT_TO,2025-12-19 14:28:41,50527,272,AH-26-IN,POINT (-9.172829627990723 38.706729888916016)
4826_736,5372_20251202_199_0_8,199_0,1,38.74502182006836,-9.147669792175293,20,IN_TRANSIT_TO,2025-12-19 14:28:49,2019,4826,53-VR-05,POINT (-9.147669792175293 38.74502182006836)
2631_717,3842_20251202_170_0_10,170_0,1,38.75782012939453,-9.140780448913574,28,IN_TRANSIT_TO,2025-12-19 14:29:06,11304,2631,52-VP-80,POINT (-9.140780448913574 38.75782012939453)
1704_794,8106_20251202_115_0_11,115_0,1,38.75669860839844,-9.121230125427246,14,IN_TRANSIT_TO,2025-12-19 14:29:01,24381,1704,35-AL-14,POINT (-9.121230125427246 38.75669860839844)
4644_750,6261_20251202_106_0_9,106_0,0,38.74745178222656,-9.197779655456543,25,IN_TRANSIT_TO,2025-12-19 14:28:40,2804,4644,27-JO-11,POINT (-9.197779655456543 38.74745178222656)
2222_742,5745_20251202_114_0_8,114_0,0,38.73249816894531,-9.111120223999023,1,IN_TRANSIT_TO,2025-12-19 14:27:54,17574,2222,08-17-XS,POINT (-9.111120223999023 38.73249816894531)
563_18E,12179_20251202_78_0_17,78_0,0,38.70492935180664,-9.196000099182129,15,IN_TRANSIT_TO,2025-12-19 14:29:00,13410,563,,POINT (-9.196000099182129 38.70492935180664)
202_17B,21714_20251202_247_0_12,247_0,0,38.737449645996094,-9.13461971282959,1,IN_TRANSIT_TO,2025-12-19 14:28:49,50551,202,89-58-XD,POINT (-9.13461971282959 38.737449645996094)
2976_774,7453_20251202_192_0_21,192_0,0,38.71739959716797,-9.169179916381836,2,IN_TRANSIT_TO,2025-12-19 14:28:58,8012,2976,30-VM-00,POINT (-9.169179916381836 38.71739959716797)
2811_793,7972_20251202_145_0_14,145_0,0,38.74536895751953,-9.13502025604248,28,IN_TRANSIT_TO,2025-12-19 14:28:59,50109,2811,02-IH-00,POINT (-9.13502025604248 38.74536895751953)
2767_713,3596_20251202_122_0_11,122_0,0,38.737918853759766,-9.14153003692627,2,IN_TRANSIT_TO,2025-12-19 14:29:01,11109,2767,AH-34-ND,POINT (-9.14153003692627 38.737918853759766)
4648_750,6389_20251202_106_0_9,106_0,1,38.72751998901367,-9.209030151367188,7,IN_TRANSIT_TO,2025-12-19 14:28:40,14005,4648,98-JO-47,POINT (-9.209030151367188 38.72751998901367)
4829_736,5409_20251202_199_0_10,199_0,1,38.78633117675781,-9.171480178833008,5,IN_TRANSIT_TO,2025-12-19 14:27:41,50083,4829,34-VR-21,POINT (-9.171480178833008 38.78633117675781)
1749_717,3761_20251202_170_0_10,170_0,0,38.790618896484375,-9.150650024414062,36,IN_TRANSIT_TO,2025-12-19 14:28:55,11602,1749,92-HR-06,POINT (-9.150650024414062 38.790618896484375)
2316_754,6585_20251202_201_0_9,201_0,0,38.74856948852539,-9.181830406188965,14,IN_TRANSIT_TO,2025-12-19 14:28:51,10708,2316,61-87-ZB,POINT (-9.181830406188965 38.74856948852539)
541_18E,12194_20251202_78_0_17,78_0,0,38.703468322753906,-9.167679786682129,5,IN_TRANSIT_TO,2025-12-19 14:28:51,10202,541,,POINT (-9.167679786682129 38.703468322753906)
2635_718,3935_20251202_105_0_10,105_0,1,38.72945022583008,-9.108369827270508,16,IN_TRANSIT_TO,2025-12-19 14:28:43,8303,2635,52-VP-90,POINT (-9.108369827270508 38.72945022583008)
2225_742,5784_20251202_114_0_10,114_0,1,38.713748931884766,-9.196370124816895,2,IN_TRANSIT_TO,2025-12-19 14:28:41,12928,2225,08-03-XS,POINT (-9.196370124816895 38.713748931884766)
2266_767,7203_20251202_112_0_7,112_0,0,38.74863052368164,-9.141679763793945,12,IN_TRANSIT_TO,2025-12-19 14:28:44,201,2266,76-92-ZG,POINT (-9.141679763793945 38.74863052368164)
221_37B,18842_20251202_224_0_15,224_0,0,38.732398986816406,-9.125929832458496,18,IN_TRANSIT_TO,2025-12-19 14:27:46,50396,221,11-06-XO,POINT (-9.125929832458496 38.732398986816406)
6007_706,3228_20251202_147_0_4,147_0,0,38.73271942138672,-9.13051986694336,23,IN_TRANSIT_TO,2025-12-19 14:28:44,502,6007,80-ZC-62,POINT (-9.13051986694336 38.73271942138672)
545_28E,14967_20251202_75_0_14,75_0,0,38.713279724121094,-9.128780364990234,11,IN_TRANSIT_TO,2025-12-19 14:28:50,50150,545,,POINT (-9.128780364990234 38.713279724121094)
572_25E,14257_20251202_79_0_13,79_0,1,38.70664978027344,-9.155929565429688,14,IN_TRANSIT_TO,2025-12-19 14:28:50,3913,572,,POINT (-9.155929565429688 38.70664978027344)
547_25E,14266_20251202_79_0_14,79_0,0,38.71405029296875,-9.161450386047363,13,IN_TRANSIT_TO,2025-12-19 14:28:38,8112,547,,POINT (-9.161450386047363 38.71405029296875)
578_25E,14250_20251202_79_0_13,79_0,1,38.70722961425781,-9.14126968383789,17,IN_TRANSIT_TO,2025-12-19 14:28:36,3823,578,,POINT (-9.14126968383789 38.70722961425781)
1772_717,3827_20251202_170_0_7,170_0,1,38.73707962036133,-9.133950233459473,39,IN_TRANSIT_TO,2025-12-19 14:29:00,410,1772,63-HX-22,POINT (-9.133950233459473 38.73707962036133)
2254_758,6774_20251202_150_0_11,150_0,0,38.72032928466797,-9.157819747924805,8,IN_TRANSIT_TO,2025-12-19 14:28:49,6812,2254,80-51-ZE,POINT (-9.157819747924805 38.72032928466797)
2794_764,7163_20251202_168_0_10,168_0,0,38.75926971435547,-9.181220054626465,11,IN_TRANSIT_TO,2025-12-19 14:28:57,13608,2794,AJ-60-LI,POINT (-9.181220054626465 38.75926971435547)
2294_723,4184_20251202_121_0_10,121_0,1,38.71397018432617,-9.196629524230957,19,IN_TRANSIT_TO,2025-12-19 14:28:38,10315,2294,92-52-ZM,POINT (-9.196629524230957 38.71397018432617)
2243_758,6877_20251202_150_0_13,150_0,0,38.71607971191406,-9.147370338439941,5,IN_TRANSIT_TO,2025-12-11 17:56:30,10601,2243,22-36-ZB,POINT (-9.147370338439941 38.71607971191406)
2449_767,7292_20251202_112_0_8,112_0,1,38.74702835083008,-9.215970039367676,3,IN_TRANSIT_TO,2025-12-19 14:28:46,3015,2449,44-BC-35,POINT (-9.215970039367676 38.74702835083008)
2417_767,7248_20251202_112_0_7,112_0,1,38.731781005859375,-9.141030311584473,40,IN_TRANSIT_TO,2025-12-19 14:29:04,6501,2417,50-AL-06,POINT (-9.141030311584473 38.731781005859375)
1773_717,3878_20251202_170_0_10,170_0,0,38.79814910888672,-9.146129608154297,40,IN_TRANSIT_TO,2025-12-19 14:28:38,16002,1773,53-HX-06,POINT (-9.146129608154297 38.79814910888672)
2434_703,3138_20251202_165_0_10,165_0,0,38.775020599365234,-9.164679527282715,22,IN_TRANSIT_TO,2025-12-19 14:28:47,50391,2434,29-AU-24,POINT (-9.164679527282715 38.775020599365234)
6027_732,5075_20251202_107_0_6,107_0,1,38.74354934692383,-9.146949768066406,40,IN_TRANSIT_TO,2025-12-19 14:28:37,1903,6027,BF-66-BA,POINT (-9.146949768066406 38.74354934692383)
2257_767,7226_20251202_112_0_6,112_0,1,38.72291946411133,-9.140250205993652,43,IN_TRANSIT_TO,2025-12-19 14:28:50,9207,2257,80-50-ZE,POINT (-9.140250205993652 38.72291946411133)
2210_708,3352_20251202_100_0_8,100_0,1,38.75944900512695,-9.115030288696289,26,IN_TRANSIT_TO,2025-12-19 14:28:47,8406,2210,01-66-XO,POINT (-9.115030288696289 38.75944900512695)
204_49B,22215_20251202_251_0_13,251_0,0,38.736671447753906,-9.136529922485352,6,IN_TRANSIT_TO,2025-12-19 14:28:53,407,204,89-71-XD,POINT (-9.136529922485352 38.736671447753906)
2773_727,4451_20251202_103_0_6,103_0,0,38.71514892578125,-9.154179573059082,18,IN_TRANSIT_TO,2025-12-19 14:28:25,6706,2773,AH-39-ND,POINT (-9.154179573059082 38.71514892578125)
2972_34B,19144_20251202_226_0_9,226_0,0,38.732078552246094,-9.117130279541016,8,IN_TRANSIT_TO,2025-12-19 14:29:05,17576,2972,29-VM-96,POINT (-9.117130279541016 38.732078552246094)
1753_794,8037_20251202_115_0_8,115_0,1,38.756919860839844,-9.103280067443848,4,IN_TRANSIT_TO,2025-12-19 14:28:57,2320,1753,34-HU-19,POINT (-9.103280067443848 38.756919860839844)
2961_702,3057_20251202_146_0_26,146_0,1,38.733001708984375,-9.171649932861328,2,IN_TRANSIT_TO,2025-12-19 14:29:07,2709,2961,26-VD-02,POINT (-9.171649932861328 38.733001708984375)
2300_742,5729_20251202_114_0_7,114_0,0,38.73691940307617,-9.14717960357666,23,IN_TRANSIT_TO,2025-12-19 14:28:49,1811,2300,83-13-ZM,POINT (-9.14717960357666 38.73691940307617)
220_773,7422_20251202_124_0_20,124_0,1,38.712379455566406,-9.15625,17,IN_TRANSIT_TO,2025-12-19 14:28:36,10004,220,11-07-XO,POINT (-9.15625 38.712379455566406)
2979_72B,45270_20251202_279_0_11,279_0,0,38.750579833984375,-9.20656967163086,9,IN_TRANSIT_TO,2025-12-19 14:28:57,50386,2979,30-VM-17,POINT (-9.20656967163086 38.750579833984375)
2775_727,4505_20251202_103_0_7,103_0,0,38.745731353759766,-9.13971996307373,2,IN_TRANSIT_TO,2025-12-19 14:28:55,11211,2775,AH-31-ND,POINT (-9.13971996307373 38.745731353759766)
2983_797,8175_20251202_163_0_23,163_0,0,38.73691940307617,-9.133999824523926,2,IN_TRANSIT_TO,2025-12-19 14:28:57,402,2983,30-VM-08,POINT (-9.133999824523926 38.73691940307617)
6036_760,7097_20251202_171_0_8,171_0,1,38.71242904663086,-9.19867992401123,9,IN_TRANSIT_TO,2025-12-19 14:28:47,12923,6036,BG-90-LX,POINT (-9.19867992401123 38.71242904663086)
2285_726,4336_20251202_116_0_7,116_0,0,38.73875045776367,-9.157349586486816,14,IN_TRANSIT_TO,2025-12-19 14:28:59,1503,2285,67-55-ZJ,POINT (-9.157349586486816 38.73875045776367)
2646_718,3980_20251202_105_0_12,105_0,0,38.753021240234375,-9.105669975280762,8,IN_TRANSIT_TO,2025-12-19 14:28:41,24371,2646,75-VS-48,POINT (-9.105669975280762 38.753021240234375)
2264_724,4190_20251202_178_0_16,178_0,1,38.76042175292969,-9.19944953918457,2,IN_TRANSIT_TO,2025-12-19 14:28:53,13911,2264,76-90-ZG,POINT (-9.19944953918457 38.76042175292969)
6029_760,7058_20251202_171_0_9,171_0,0,38.72193145751953,-9.139220237731934,5,IN_TRANSIT_TO,2025-12-19 14:28:53,9214,6029,BF-52-AX,POINT (-9.139220237731934 38.72193145751953)
1760_717,3783_20251202_170_0_8,170_0,0,38.777278900146484,-9.14645004272461,29,IN_TRANSIT_TO,2025-12-19 14:28:44,11511,1760,34-HU-26,POINT (-9.14645004272461 38.777278900146484)
2735_755,6630_20251202_118_0_9,118_0,0,38.74821853637695,-9.165519714355469,39,IN_TRANSIT_TO,2025-12-19 14:28:56,12706,2735,AG-37-EI,POINT (-9.165519714355469 38.74821853637695)
2629_705,3187_20251202_176_0_11,176_0,0,38.74557113647461,-9.135180473327637,25,IN_TRANSIT_TO,2025-12-19 14:29:05,308,2629,52-VP-81,POINT (-9.135180473327637 38.74557113647461)
2621_759,6977_20251202_144_0_10,144_0,1,38.77524948120117,-9.097519874572754,3,IN_TRANSIT_TO,2025-12-19 14:28:58,7821,2621,66-VI-45,POINT (-9.097519874572754 38.77524948120117)
2427_703,3127_20251202_165_0_9,165_0,0,38.771080017089844,-9.172030448913574,20,IN_TRANSIT_TO,2025-12-19 14:28:48,5914,2427,29-AX-14,POINT (-9.172030448913574 38.771080017089844)
6031_760,7024_20251202_171_0_8,171_0,0,38.70637130737305,-9.179129600524902,19,IN_TRANSIT_TO,2025-12-19 14:28:46,12120,6031,BF-87-AX,POINT (-9.179129600524902 38.70637130737305)
2660_754,6616_20251202_201_0_9,201_0,0,38.73268127441406,-9.217080116271973,30,IN_TRANSIT_TO,2025-12-19 14:28:57,18104,2660,05-VZ-60,POINT (-9.217080116271973 38.73268127441406)
282_76B,18633_20251202_219_0_16,219_0,0,38.71036911010742,-9.203680038452148,19,IN_TRANSIT_TO,2025-12-19 14:29:06,12913,282,AI-47-OJ,POINT (-9.203680038452148 38.71036911010742)
2785_764,7167_20251202_168_0_11,168_0,1,38.74810028076172,-9.164449691772461,31,IN_TRANSIT_TO,2025-12-19 14:28:39,12705,2785,AI-05-BT,POINT (-9.164449691772461 38.74810028076172)
2772_727,4526_20251202_103_0_7,103_0,1,38.728668212890625,-9.14783000946045,38,IN_TRANSIT_TO,2025-12-19 14:28:47,1701,2772,AH-24-ND,POINT (-9.14783000946045 38.728668212890625)
1717_742,5763_20251202_114_0_9,114_0,1,38.73017883300781,-9.124699592590332,45,IN_TRANSIT_TO,2025-12-19 14:29:03,7012,1717,69-AL-80,POINT (-9.124699592590332 38.73017883300781)
218_773,7406_20251202_124_0_19,124_0,0,38.714820861816406,-9.15017032623291,6,IN_TRANSIT_TO,2025-12-19 14:29:04,6716,218,11-13-XO,POINT (-9.15017032623291 38.714820861816406)
6035_732,5097_20251202_107_0_5,107_0,0,38.698448181152344,-9.188349723815918,29,IN_TRANSIT_TO,2025-12-19 14:28:46,9506,6035,BG-76-LX,POINT (-9.188349723815918 38.698448181152344)
2288_758,6830_20251202_150_0_9,150_0,1,38.70867919921875,-9.143349647521973,32,IN_TRANSIT_TO,2025-12-19 14:28:27,10502,2288,92-59-ZM,POINT (-9.143349647521973 38.70867919921875)
2694_764,7154_20251202_168_0_11,168_0,0,38.74092102050781,-9.208250045776367,23,IN_TRANSIT_TO,2025-12-19 14:29:03,50239,2694,90-XF-49,POINT (-9.208250045776367 38.74092102050781)
2269_767,7283_20251202_112_0_6,112_0,1,38.762779235839844,-9.160120010375977,26,IN_TRANSIT_TO,2025-12-19 14:28:44,50014,2269,76-88-ZG,POINT (-9.160120010375977 38.762779235839844)
2433_747,6120_20251202_177_0_14,177_0,0,38.76047134399414,-9.15552043914795,2,IN_TRANSIT_TO,2025-12-19 14:29:00,5807,2433,44-BC-28,POINT (-9.15552043914795 38.76047134399414)
1769_742,5774_20251202_114_0_6,114_0,1,38.72426986694336,-9.165149688720703,28,IN_TRANSIT_TO,2025-12-19 14:28:47,8610,1769,63-HX-24,POINT (-9.165149688720703 38.72426986694336)
2748_720,4064_20251202_143_0_9,143_0,0,38.714080810546875,-9.160869598388672,19,IN_TRANSIT_TO,2025-12-19 14:28:51,8104,2748,AG-96-TG,POINT (-9.160869598388672 38.714080810546875)
2447_747,6121_20251202_177_0_14,177_0,1,38.762081146240234,-9.16681957244873,16,IN_TRANSIT_TO,2025-12-19 14:29:05,50006,2447,44-BC-33,POINT (-9.16681957244873 38.762081146240234)
2232_768,7333_20251202_111_0_13,111_0,0,38.747928619384766,-9.180520057678223,10,IN_TRANSIT_TO,2025-12-19 14:29:05,10702,2232,06-23-XX,POINT (-9.180520057678223 38.747928619384766)
