id,trip_id,route_id,direction_id,latitude,longitude,current_stop_sequence,current_status,timestamp,stop_id,vehicle_id,license_plate,geometry
2689_723,4182_20250101_121_0_8,121_0,0,38.72637176513672,-9.194250106811523,10,IN_TRANSIT_TO,2025-02-26 13:32:20,8607,2689,93-XA-45,POINT (-9.194250106811523 38.72637176513672)
4645_728,4609_20250101_204_0_8,204_0,0,38.74782943725586,-9.096870422363281,36,IN_TRANSIT_TO,2025-02-26 13:32:23,2204,4645,98-JO-46,POINT (-9.096870422363281 38.74782943725586)
4637_783,7835_20250101_203_0_9,203_0,0,38.76251983642578,-9.130029678344727,18,IN_TRANSIT_TO,2025-02-26 13:32:17,7513,4637,98-JO-44,POINT (-9.130029678344727 38.76251983642578)
2253_758,6860_20250101_150_0_9,150_0,0,38.72520065307617,-9.159950256347656,12,IN_TRANSIT_TO,2025-02-26 13:32:15,8509,2253,80-52-ZE,POINT (-9.159950256347656 38.72520065307617)
611_15E,11212_20250101_76_0_10,76_0,1,38.703521728515625,-9.171279907226562,15,IN_TRANSIT_TO,2025-02-26 13:32:02,4001,611,,POINT (-9.171279907226562 38.703521728515625)
304_744,5838_20250101_200_0_8,200_0,1,38.72610092163086,-9.149829864501953,30,IN_TRANSIT_TO,2025-02-26 13:32:04,1206,304,22-SP-91,POINT (-9.149829864501953 38.72610092163086)
2440_767,7297_20250101_112_0_7,112_0,0,38.744178771972656,-9.139120101928711,10,IN_TRANSIT_TO,2025-02-26 13:32:11,6405,2440,29-AX-08,POINT (-9.139120101928711 38.744178771972656)
558_25E,14278_20250101_79_0_12,79_0,0,38.71332931518555,-9.159350395202637,10,IN_TRANSIT_TO,2025-02-26 13:31:57,10012,558,,POINT (-9.159350395202637 38.71332931518555)
2317_742,5769_20250101_114_0_7,114_0,1,38.71397018432617,-9.196700096130371,0,IN_TRANSIT_TO,2025-02-26 13:32:18,,2317,61-86-ZB,POINT (-9.196700096130371 38.71397018432617)
2250_731,19403_20240727_190_0_8,190_0,1,38.78303146362305,-9.114009857177734,3,IN_TRANSIT_TO,2024-08-10 10:41:27,12610,2250,80-41-ZE,POINT (-9.114009857177734 38.78303146362305)
6021_706,3235_20250101_147_0_4,147_0,0,38.71397018432617,-9.15347957611084,9,IN_TRANSIT_TO,2025-02-26 13:32:15,6703,6021,BD-91-QG,POINT (-9.15347957611084 38.71397018432617)
2328_742,5768_20250101_114_0_5,114_0,0,38.713951110839844,-9.195799827575684,57,IN_TRANSIT_TO,2025-02-26 13:31:18,50140,2328,62-96-ZG,POINT (-9.195799827575684 38.713951110839844)
612_15E,11254_20250101_76_0_10,76_0,1,38.69916915893555,-9.229280471801758,1,IN_TRANSIT_TO,2025-02-26 13:32:20,4215,612,,POINT (-9.229280471801758 38.69916915893555)
6033_760,7022_20250101_171_0_7,171_0,1,38.70817947387695,-9.136930465698242,31,IN_TRANSIT_TO,2025-02-26 13:32:19,3824,6033,BF-92-AZ,POINT (-9.136930465698242 38.70817947387695)
4620_728,4714_20250101_204_0_7,204_0,1,38.731781005859375,-9.105130195617676,22,IN_TRANSIT_TO,2025-02-26 13:31:08,12514,4620,22-GP-54,POINT (-9.105130195617676 38.731781005859375)
2955_40B,17568_20250101_212_0_12,212_0,1,38.77967071533203,-9.159799575805664,7,IN_TRANSIT_TO,2025-02-26 13:32:25,5922,2955,27-GU-70,POINT (-9.159799575805664 38.77967071533203)
4642_750,6290_20250101_106_0_8,106_0,1,38.739280700683594,-9.20259952545166,9,IN_TRANSIT_TO,2025-02-26 13:31:51,8807,4642,90-JI-99,POINT (-9.20259952545166 38.739280700683594)
4816_748,6180_20250101_169_0_8,169_0,0,38.724918365478516,-9.156399726867676,3,IN_TRANSIT_TO,2025-02-26 13:32:01,1223,4816,34-VR-17,POINT (-9.156399726867676 38.724918365478516)
4614_728,4581_20250101_204_0_9,204_0,1,38.78192138671875,-9.114100456237793,0,IN_TRANSIT_TO,2025-02-26 13:32:17,,4614,96-GL-90,POINT (-9.114100456237793 38.78192138671875)
2943_26B,17510_20250101_208_0_12,208_0,1,38.7629508972168,-9.10692024230957,10,IN_TRANSIT_TO,2025-02-26 13:31:57,8420,2943,51-GL-83,POINT (-9.10692024230957 38.7629508972168)
4611_728,4661_20250101_204_0_6,204_0,0,38.699798583984375,-9.205829620361328,9,IN_TRANSIT_TO,2025-02-26 13:32:05,9607,4611,96-GL-88,POINT (-9.205829620361328 38.699798583984375)
2945_32B,17548_20250101_211_0_11,211_0,0,38.75297164916992,-9.105500221252441,26,IN_TRANSIT_TO,2025-02-26 13:32:10,24372,2945,75-GO-14,POINT (-9.105500221252441 38.75297164916992)
4646_750,6262_20250101_106_0_8,106_0,1,38.75782012939453,-9.16189956665039,24,IN_TRANSIT_TO,2025-02-26 13:32:26,5801,4646,11-JM-79,POINT (-9.16189956665039 38.75782012939453)
4650_728,4641_20250101_204_0_8,204_0,0,38.70627975463867,-9.145649909973145,18,IN_TRANSIT_TO,2025-02-26 13:32:22,7101,4650,11-JM-80,POINT (-9.145649909973145 38.70627975463867)
4629_796,8140_20250101_174_0_22,174_0,1,38.782928466796875,-9.162199974060059,12,IN_TRANSIT_TO,2025-02-26 13:31:59,5940,4629,11-JM-77,POINT (-9.162199974060059 38.782928466796875)
4631_796,8113_20250101_174_0_16,174_0,1,38.785728454589844,-9.159749984741211,7,IN_TRANSIT_TO,2025-02-26 13:32:13,50176,4631,02-JN-86,POINT (-9.159749984741211 38.785728454589844)
4630_796,8144_20250101_174_0_23,174_0,0,38.76456832885742,-9.15707015991211,2,IN_TRANSIT_TO,2025-02-26 13:32:13,5811,4630,02-JN-85,POINT (-9.15707015991211 38.76456832885742)
2973_52B,21661_20250101_244_0_11,244_0,0,38.74272155761719,-9.165900230407715,1,IN_TRANSIT_TO,2025-02-26 13:32:15,1604,2973,30-VM-13,POINT (-9.165900230407715 38.74272155761719)
4818_751,6437_20250101_109_0_12,109_0,0,38.7310791015625,-9.167969703674316,0,IN_TRANSIT_TO,2025-02-26 13:31:55,,4818,42-VT-57,POINT (-9.167969703674316 38.7310791015625)
2699_754,6615_20250101_201_0_9,201_0,0,38.74142837524414,-9.146269798278809,2,IN_TRANSIT_TO,2025-02-26 13:32:25,1904,2699,92-XQ-25,POINT (-9.146269798278809 38.74142837524414)
2692_746,5964_20250101_108_0_11,108_0,0,38.73468017578125,-9.154250144958496,25,IN_TRANSIT_TO,2025-02-26 13:32:06,3022,2692,90-XF-62,POINT (-9.154250144958496 38.73468017578125)
2691_746,5958_20250101_108_0_13,108_0,0,38.73677062988281,-9.15587043762207,4,IN_TRANSIT_TO,2025-02-26 13:32:02,1403,2691,90-XF-45,POINT (-9.15587043762207 38.73677062988281)
2693_746,5977_20250101_108_0_14,108_0,1,38.746620178222656,-9.183930397033691,10,IN_TRANSIT_TO,2025-02-26 13:32:23,10829,2693,90-XF-46,POINT (-9.183930397033691 38.746620178222656)
2694_746,5986_20250101_108_0_11,108_0,0,38.74856948852539,-9.216699600219727,23,IN_TRANSIT_TO,2025-02-26 13:32:06,50234,2694,90-XF-49,POINT (-9.216699600219727 38.74856948852539)
2669_711,3475_20250101_101_0_10,101_0,1,38.751529693603516,-9.20615005493164,7,IN_TRANSIT_TO,2025-02-26 13:32:02,11001,2669,87-XB-34,POINT (-9.20615005493164 38.751529693603516)
2695_746,5993_20250101_108_0_9,108_0,0,38.747318267822266,-9.188929557800293,16,IN_TRANSIT_TO,2025-02-26 13:32:14,10826,2695,90-XF-50,POINT (-9.188929557800293 38.747318267822266)
4836_736,5379_20250101_199_0_7,199_0,0,38.78607940673828,-9.173179626464844,27,IN_TRANSIT_TO,2025-02-26 13:32:00,7211,4836,34-VR-23,POINT (-9.173179626464844 38.78607940673828)
2684_754,6592_20250101_201_0_9,201_0,0,38.732948303222656,-9.21654987335205,31,IN_TRANSIT_TO,2025-02-26 13:31:20,18116,2684,99-XE-59,POINT (-9.21654987335205 38.732948303222656)
6047_760,7085_20250101_171_0_7,171_0,0,38.705169677734375,-9.196069717407227,26,IN_TRANSIT_TO,2025-02-26 13:32:23,13410,6047,BH-20-IP,POINT (-9.196069717407227 38.705169677734375)
6046_732,5057_20250101_107_0_6,107_0,1,38.714229583740234,-9.13914966583252,31,IN_TRANSIT_TO,2025-02-26 13:31:58,901,6046,BH-73-IR,POINT (-9.13914966583252 38.714229583740234)
4619_750,6413_20250101_106_0_6,106_0,0,38.76750183105469,-9.099900245666504,0,IN_TRANSIT_TO,2025-02-26 13:32:10,,4619,22-GP-53,POINT (-9.099900245666504 38.76750183105469)
4618_728,4698_20250101_204_0_5,204_0,1,38.700199127197266,-9.178779602050781,40,IN_TRANSIT_TO,2025-02-26 13:32:10,4002,4618,22-GP-52,POINT (-9.178779602050781 38.700199127197266)
2946_26B,17520_20250101_208_0_11,208_0,0,38.77513122558594,-9.096870422363281,9,IN_TRANSIT_TO,2025-02-26 13:32:17,50123,2946,75-GO-15,POINT (-9.096870422363281 38.77513122558594)
2678_714,3640_20250101_102_0_10,102_0,1,38.69721984863281,-9.200469970703125,21,IN_TRANSIT_TO,2025-02-26 13:31:57,9609,2678,93-XA-39,POINT (-9.200469970703125 38.69721984863281)
2948_29B,17534_20250101_209_0_10,209_0,0,38.779319763183594,-9.120100021362305,19,IN_TRANSIT_TO,2025-02-26 13:32:06,12603,2948,51-GL-85,POINT (-9.120100021362305 38.779319763183594)
2959_40B,19262_20250101_212_0_11,212_0,0,38.78083038330078,-9.15923023223877,22,IN_TRANSIT_TO,2025-02-26 13:32:24,5931,2959,27-GU-74,POINT (-9.15923023223877 38.78083038330078)
4643_750,6421_20250101_106_0_8,106_0,1,38.75981903076172,-9.116720199584961,32,IN_TRANSIT_TO,2025-02-26 13:31:50,8407,4643,98-JO-45,POINT (-9.116720199584961 38.75981903076172)
2676_723,4158_20250101_121_0_10,121_0,1,38.71257019042969,-9.213500022888184,9,IN_TRANSIT_TO,2025-02-26 13:32:13,12402,2676,87-XB-40,POINT (-9.213500022888184 38.71257019042969)
2677_738,5535_20250101_117_0_7,117_0,1,38.74972915649414,-9.14834976196289,25,IN_TRANSIT_TO,2025-02-26 13:32:03,2003,2677,87-XB-41,POINT (-9.14834976196289 38.74972915649414)
2671_714,3662_20250101_102_0_10,102_0,1,38.727970123291016,-9.209280014038086,7,IN_TRANSIT_TO,2025-02-26 13:32:07,18707,2671,87-XB-43,POINT (-9.209280014038086 38.727970123291016)
2679_727,4553_20250101_103_0_7,103_0,0,38.74174880981445,-9.146929740905762,8,IN_TRANSIT_TO,2025-02-26 13:31:58,1906,2679,93-XA-34,POINT (-9.146929740905762 38.74174880981445)
2675_738,5566_20250101_117_0_8,117_0,0,38.73080062866211,-9.146750450134277,19,IN_TRANSIT_TO,2025-02-26 13:32:00,1704,2675,87-XB-35,POINT (-9.146750450134277 38.73080062866211)
2964_774,7450_20250101_192_0_18,192_0,1,38.722251892089844,-9.150279998779297,5,IN_TRANSIT_TO,2025-02-26 13:32:03,1211,2964,30-VM-19,POINT (-9.150279998779297 38.722251892089844)
2962_774,7467_20250101_192_0_13,192_0,0,38.72257995605469,-9.157950401306152,7,IN_TRANSIT_TO,2025-02-26 13:32:24,8516,2962,30-VM-07,POINT (-9.157950401306152 38.72257995605469)
6031_732,5038_20250101_107_0_5,107_0,1,38.74652862548828,-9.147820472717285,40,IN_TRANSIT_TO,2025-02-26 13:32:21,2022,6031,BF-87-AX,POINT (-9.147820472717285 38.74652862548828)
604_15E,11288_20250101_76_0_11,76_0,0,38.69626998901367,-9.209329605102539,15,IN_TRANSIT_TO,2025-02-26 13:32:08,13210,604,,POINT (-9.209329605102539 38.69626998901367)
4819_751,6481_20250101_109_0_12,109_0,1,38.69826889038086,-9.227450370788574,11,IN_TRANSIT_TO,2025-02-26 13:31:59,4210,4819,34-VR-16,POINT (-9.227450370788574 38.69826889038086)
2718_714,3689_20250101_102_0_7,102_0,0,38.72782897949219,-9.212369918823242,30,IN_TRANSIT_TO,2025-02-26 13:32:09,10406,2718,92-XQ-23,POINT (-9.212369918823242 38.72782897949219)
6049_760,7095_20250101_171_0_3,171_0,0,38.70627975463867,-9.155730247497559,14,IN_TRANSIT_TO,2025-02-26 13:32:09,3902,6049,BH-47-IR,POINT (-9.155730247497559 38.70627975463867)
2723_738,5550_20250101_117_0_8,117_0,1,38.71747970581055,-9.157429695129395,12,IN_TRANSIT_TO,2025-02-26 13:32:23,8103,2723,92-XQ-43,POINT (-9.157429695129395 38.71747970581055)
6050_760,7066_20250101_171_0_7,171_0,1,38.712730407714844,-9.210780143737793,4,IN_TRANSIT_TO,2025-02-26 13:32:19,50169,6050,BH-62-IR,POINT (-9.210780143737793 38.712730407714844)
2347_731,19406_20250101_190_0_10,190_0,1,38.77967834472656,-9.104399681091309,7,IN_TRANSIT_TO,2025-02-26 13:32:01,7904,2347,53-61-ZJ,POINT (-9.104399681091309 38.77967834472656)
2741_755,6702_20250101_118_0_10,118_0,0,38.74919891357422,-9.164779663085938,38,IN_TRANSIT_TO,2025-02-26 13:32:24,13508,2741,AG-99-TG,POINT (-9.164779663085938 38.74919891357422)
2658_723,4183_20250101_121_0_11,121_0,0,38.72547149658203,-9.149020195007324,6,IN_TRANSIT_TO,2025-02-26 13:32:18,1202,2658,05-VZ-71,POINT (-9.149020195007324 38.72547149658203)
2479_767,7305_20250101_112_0_7,112_0,0,38.735069274902344,-9.14153003692627,6,IN_TRANSIT_TO,2025-02-26 13:31:53,11102,2479,91-BE-74,POINT (-9.14153003692627 38.735069274902344)
2414_778,7529_20250101_179_0_14,179_0,1,38.7601318359375,-9.15697956085205,24,IN_TRANSIT_TO,2025-02-26 13:32:22,5808,2414,92-AO-51,POINT (-9.15697956085205 38.7601318359375)
2295_724,4236_20250101_178_0_13,178_0,0,38.718849182128906,-9.184769630432129,5,IN_TRANSIT_TO,2025-02-26 13:32:14,11805,2295,92-53-ZM,POINT (-9.184769630432129 38.718849182128906)
2763_713,20157_20250101_122_0_8,122_0,1,38.73508071899414,-9.145549774169922,33,IN_TRANSIT_TO,2025-02-26 13:32:22,1806,2763,AH-23-ND,POINT (-9.145549774169922 38.73508071899414)
2417_771,21940_20250101_248_0_12,248_0,0,38.72798156738281,-9.162400245666504,7,IN_TRANSIT_TO,2025-02-26 13:32:12,6122,2417,50-AL-06,POINT (-9.162400245666504 38.72798156738281)
2298_723,4136_20250101_121_0_10,121_0,1,38.72615051269531,-9.14762020111084,29,IN_TRANSIT_TO,2025-02-26 13:32:17,1201,2298,83-05-ZM,POINT (-9.14762020111084 38.72615051269531)
608_15E,11318_20250101_76_0_11,76_0,0,38.704078674316406,-9.173080444335938,5,IN_TRANSIT_TO,2025-02-26 13:32:26,10202,608,,POINT (-9.173080444335938 38.704078674316406)
2281_731,5007_20250101_190_0_9,190_0,0,38.749900817871094,-9.158080101013184,13,IN_TRANSIT_TO,2025-02-26 13:32:12,13505,2281,67-56-ZJ,POINT (-9.158080101013184 38.749900817871094)
1717_755,6654_20250101_118_0_9,118_0,1,38.74892044067383,-9.107979774475098,35,IN_TRANSIT_TO,2025-02-26 13:32:20,2218,1717,69-AL-80,POINT (-9.107979774475098 38.74892044067383)
4832_736,5422_20250101_199_0_9,199_0,0,38.72657012939453,-9.149120330810547,4,IN_TRANSIT_TO,2025-02-26 13:32:06,1205,4832,68-VQ-51,POINT (-9.149120330810547 38.72657012939453)
2717_711,3501_20250101_101_0_9,101_0,0,38.73276901245117,-9.193730354309082,14,IN_TRANSIT_TO,2025-02-26 13:32:21,8715,2717,92-XQ-16,POINT (-9.193730354309082 38.73276901245117)
280_76B,18630_20250101_219_0_14,219_0,0,38.705650329589844,-9.194270133972168,28,IN_TRANSIT_TO,2025-02-26 13:32:15,50372,280,AI-46-OJ,POINT (-9.194270133972168 38.705650329589844)
2629_759,6949_20250101_144_0_8,144_0,1,38.774600982666016,-9.111350059509277,7,IN_TRANSIT_TO,2025-02-26 13:32:18,12309,2629,52-VP-81,POINT (-9.111350059509277 38.774600982666016)
4835_736,5351_20250101_199_0_9,199_0,0,38.785831451416016,-9.17212963104248,28,IN_TRANSIT_TO,2025-02-26 13:32:15,50083,4835,53-VR-06,POINT (-9.17212963104248 38.785831451416016)
6034_732,5088_20250101_107_0_4,107_0,0,38.698020935058594,-9.190850257873535,29,IN_TRANSIT_TO,2025-02-26 13:32:22,9506,6034,BF-61-AX,POINT (-9.190850257873535 38.698020935058594)
6035_732,5062_20250101_107_0_6,107_0,1,38.7064208984375,-9.154669761657715,26,IN_TRANSIT_TO,2025-02-26 13:31:57,3901,6035,BG-76-LX,POINT (-9.154669761657715 38.7064208984375)
2294_726,4334_20250101_116_0_6,116_0,1,38.72816848754883,-9.137530326843262,27,IN_TRANSIT_TO,2025-02-26 13:31:59,6503,2294,92-52-ZM,POINT (-9.137530326843262 38.72816848754883)
2765_727,4528_20250101_103_0_7,103_0,1,38.71141815185547,-9.208279609680176,5,IN_TRANSIT_TO,2025-02-26 13:32:21,12911,2765,AH-37-ND,POINT (-9.208279609680176 38.71141815185547)
2783_709,3384_20250101_148_0_18,148_0,0,38.71596908569336,-9.141619682312012,3,IN_TRANSIT_TO,2025-02-26 13:31:58,1003,2783,AI-10-BT,POINT (-9.141619682312012 38.71596908569336)
4633_783,7846_20250101_203_0_9,203_0,0,38.72489929199219,-9.154820442199707,2,IN_TRANSIT_TO,2025-02-26 13:32:23,1224,4633,90-JI-94,POINT (-9.154820442199707 38.72489929199219)
2259_729,4825_20250101_104_0_6,104_0,1,38.75080108642578,-9.198419570922852,30,IN_TRANSIT_TO,2025-02-26 13:32:04,10905,2259,67-44-ZJ,POINT (-9.198419570922852 38.75080108642578)
2270_768,7347_20250101_111_0_9,111_0,0,38.76955032348633,-9.189780235290527,24,IN_TRANSIT_TO,2025-02-26 13:31:52,50512,2270,76-82-ZG,POINT (-9.189780235290527 38.76955032348633)
2430_747,6101_20250101_177_0_12,177_0,1,38.760528564453125,-9.167280197143555,16,IN_TRANSIT_TO,2025-02-26 13:32:24,50006,2430,29-AX-12,POINT (-9.167280197143555 38.760528564453125)
2442_716,3753_20250101_164_0_13,164_0,0,38.74127960205078,-9.168149948120117,12,IN_TRANSIT_TO,2025-02-26 13:32:01,50472,2442,29-AX-06,POINT (-9.168149948120117 38.74127960205078)
2495_794,8067_20250101_115_0_9,115_0,1,38.73292922973633,-9.117130279541016,29,IN_TRANSIT_TO,2025-02-26 13:32:17,17576,2495,88-BL-69,POINT (-9.117130279541016 38.73292922973633)
6038_732,5076_20250101_107_0_6,107_0,1,38.70532989501953,-9.207670211791992,9,IN_TRANSIT_TO,2025-02-26 13:32:26,13105,6038,BG-46-LV,POINT (-9.207670211791992 38.70532989501953)
4833_736,5399_20250101_199_0_9,199_0,0,38.76089859008789,-9.15725040435791,16,IN_TRANSIT_TO,2025-02-26 13:32:17,5807,4833,20-VQ-65,POINT (-9.15725040435791 38.76089859008789)
6009_706,3259_20250101_147_0_3,147_0,1,38.71997833251953,-9.15530014038086,24,IN_TRANSIT_TO,2025-02-26 13:29:12,6810,6009,81-ZC-18,POINT (-9.15530014038086 38.71997833251953)
2272_731,5025_20250101_190_0_8,190_0,1,38.7690315246582,-9.117830276489258,14,IN_TRANSIT_TO,2025-02-26 13:31:32,7704,2272,76-80-ZG,POINT (-9.117830276489258 38.7690315246582)
2796_714,3705_20250101_102_0_9,102_0,0,38.70576858520508,-9.15977954864502,6,IN_TRANSIT_TO,2025-02-26 13:32:01,3910,2796,AJ-59-LI,POINT (-9.15977954864502 38.70576858520508)
2614_705,3180_20250101_176_0_11,176_0,0,38.77513122558594,-9.111300468444824,7,IN_TRANSIT_TO,2025-02-26 13:31:55,12302,2614,66-VI-24,POINT (-9.111300468444824 38.77513122558594)
2965_774,7437_20250101_192_0_14,192_0,1,38.71894836425781,-9.165599822998047,12,IN_TRANSIT_TO,2025-02-26 13:32:10,8006,2965,29-VM-97,POINT (-9.165599822998047 38.71894836425781)
275_28E,44753_20250101_75_8_18,75_8,0,38.713680267333984,-9.160079956054688,6,IN_TRANSIT_TO,2025-02-26 13:32:09,8111,275,AH-16-TB,POINT (-9.160079956054688 38.713680267333984)
2997_770,7364_20250101_191_0_13,191_0,0,38.73617935180664,-9.180899620056152,11,IN_TRANSIT_TO,2025-02-26 13:32:14,50355,2997,34-VN-03,POINT (-9.180899620056152 38.73617935180664)
6023_760,7081_20250101_171_0_9,171_0,0,38.71076965332031,-9.204170227050781,39,IN_TRANSIT_TO,2025-02-26 13:32:07,12913,6023,BF-03-BD,POINT (-9.204170227050781 38.71076965332031)
4815_751,6520_20250101_109_0_8,109_0,0,38.70198059082031,-9.180950164794922,10,IN_TRANSIT_TO,2025-02-26 13:31:58,12108,4815,34-VR-24,POINT (-9.180950164794922 38.70198059082031)
4821_783,7842_20250101_203_0_9,203_0,0,38.7429313659668,-9.146750450134277,9,IN_TRANSIT_TO,2025-02-26 13:32:19,1901,4821,20-VQ-68,POINT (-9.146750450134277 38.7429313659668)
4809_751,6514_20250101_109_0_10,109_0,0,38.70096969604492,-9.208020210266113,17,IN_TRANSIT_TO,2025-02-26 13:32:17,9608,4809,20-VQ-67,POINT (-9.208020210266113 38.70096969604492)
2697_727,4552_20250101_103_0_7,103_0,0,38.732421875,-9.145669937133789,10,IN_TRANSIT_TO,2025-02-26 13:32:21,1802,2697,90-XF-59,POINT (-9.145669937133789 38.732421875)
6036_732,5093_20250101_107_0_6,107_0,0,38.71887969970703,-9.144619941711426,14,IN_TRANSIT_TO,2025-02-26 13:32:01,1102,6036,BG-90-LX,POINT (-9.144619941711426 38.71887969970703)
2706_764,7162_20250101_168_0_11,168_0,0,38.748321533203125,-9.192399978637695,17,IN_TRANSIT_TO,2025-02-26 13:32:22,10803,2706,92-XQ-46,POINT (-9.192399978637695 38.748321533203125)
2602_718,3962_20250101_105_0_9,105_0,1,38.72568130493164,-9.118829727172852,11,IN_TRANSIT_TO,2025-02-26 13:32:11,9801,2602,16-VF-81,POINT (-9.118829727172852 38.72568130493164)
2653_720,4044_20250101_143_0_10,143_0,1,38.715728759765625,-9.15902042388916,12,IN_TRANSIT_TO,2025-02-26 13:31:56,8103,2653,05-VZ-52,POINT (-9.15902042388916 38.715728759765625)
2749_756,6730_20250101_175_0_11,175_0,0,38.73981857299805,-9.151479721069336,12,IN_TRANSIT_TO,2025-02-26 13:32:15,33102,2749,AG-03-TH,POINT (-9.151479721069336 38.73981857299805)
2988_72B,45276_20250101_279_0_9,279_0,0,38.73738098144531,-9.205300331115723,18,IN_TRANSIT_TO,2025-02-26 13:31:39,8829,2988,29-VM-94,POINT (-9.205300331115723 38.73738098144531)
2743_735,5275_20250101_172_0_8,172_0,1,38.71875,-9.11832046508789,27,IN_TRANSIT_TO,2025-02-26 13:32:21,2131,2743,AG-02-TH,POINT (-9.11832046508789 38.71875)
2657_776,7489_20250101_193_0_28,193_0,0,38.69947814941406,-9.232500076293945,3,IN_TRANSIT_TO,2025-02-26 13:32:15,4212,2657,05-VZ-66,POINT (-9.232500076293945 38.69947814941406)
2637_781,7762_20250101_151_0_10,151_0,1,38.74332046508789,-9.100529670715332,21,IN_TRANSIT_TO,2025-02-26 13:32:01,12504,2637,87-VS-51,POINT (-9.100529670715332 38.74332046508789)
2638_722,4119_20250101_196_0_9,196_0,1,38.76968002319336,-9.123769760131836,14,IN_TRANSIT_TO,2025-02-26 13:32:09,12202,2638,87-VS-48,POINT (-9.123769760131836 38.76968002319336)
6037_732,5080_20250101_107_0_5,107_0,0,38.714500427246094,-9.214570045471191,44,IN_TRANSIT_TO,2025-02-26 13:32:00,12402,6037,BG-37-LT,POINT (-9.214570045471191 38.714500427246094)
6005_706,3218_20250101_147_0_2,147_0,0,38.73041915893555,-9.127099990844727,24,IN_TRANSIT_TO,2025-02-26 13:32:04,7014,6005,81-ZC-91,POINT (-9.127099990844727 38.73041915893555)
2716_764,7151_20250101_168_0_9,168_0,1,38.74224853515625,-9.211669921875,9,IN_TRANSIT_TO,2025-02-26 13:32:17,8823,2716,92-XQ-27,POINT (-9.211669921875 38.74224853515625)
6025_760,7105_20250101_171_0_6,171_0,1,38.724849700927734,-9.140299797058105,39,IN_TRANSIT_TO,2025-02-26 13:32:14,9212,6025,BF-92-AX,POINT (-9.140299797058105 38.724849700927734)
2991_797,8172_20250101_163_0_20,163_0,1,38.72433090209961,-9.129549980163574,2,IN_TRANSIT_TO,2025-02-26 13:32:05,9104,2991,29-VM-89,POINT (-9.129549980163574 38.72433090209961)
4820_751,6498_20250101_109_0_13,109_0,1,38.712371826171875,-9.225469589233398,5,IN_TRANSIT_TO,2025-02-26 13:32:22,14309,4820,20-VQ-62,POINT (-9.225469589233398 38.712371826171875)
2704_723,4176_20250101_121_0_8,121_0,0,38.716331481933594,-9.214730262756348,21,IN_TRANSIT_TO,2025-02-26 13:32:26,10402,2704,92-XQ-18,POINT (-9.214730262756348 38.716331481933594)
2647_759,6981_20250101_144_0_9,144_0,0,38.71427917480469,-9.122870445251465,6,IN_TRANSIT_TO,2025-02-26 13:32:11,8201,2647,75-VS-45,POINT (-9.122870445251465 38.71427917480469)
2642_759,6921_20250101_144_0_8,144_0,1,38.733848571777344,-9.112719535827637,30,IN_TRANSIT_TO,2025-02-26 13:32:17,17572,2642,75-VS-51,POINT (-9.112719535827637 38.733848571777344)
573_18E,12186_20250101_78_0_15,78_0,0,38.704551696777344,-9.176420211791992,7,IN_TRANSIT_TO,2025-02-26 13:32:15,4004,573,,POINT (-9.176420211791992 38.704551696777344)
2611_722,4129_20250101_196_0_7,196_0,1,38.715518951416016,-9.14186954498291,34,IN_TRANSIT_TO,2025-02-26 13:32:05,1002,2611,66-VI-38,POINT (-9.14186954498291 38.715518951416016)
2632_781,7748_20250101_151_0_10,151_0,0,38.731781005859375,-9.10498046875,6,IN_TRANSIT_TO,2025-02-26 13:32:21,8309,2632,52-VP-88,POINT (-9.10498046875 38.731781005859375)
2981_52B,21671_20250101_244_0_10,244_0,0,38.73514938354492,-9.154549598693848,17,IN_TRANSIT_TO,2025-02-26 13:31:58,1403,2981,29-VM-86,POINT (-9.154549598693848 38.73514938354492)
6030_732,5096_20250101_107_0_5,107_0,0,38.73963165283203,-9.146400451660156,6,IN_TRANSIT_TO,2025-02-26 13:32:23,1902,6030,BF-39-AU,POINT (-9.146400451660156 38.73963165283203)
2618_744,5850_20250101_200_0_8,200_0,1,38.767051696777344,-9.128419876098633,14,IN_TRANSIT_TO,2025-02-26 13:32:25,50592,2618,66-VI-42,POINT (-9.128419876098633 38.767051696777344)
2646_781,7747_20250101_151_0_10,151_0,0,38.769981384277344,-9.109029769897461,20,IN_TRANSIT_TO,2025-02-26 13:32:14,7713,2646,75-VS-48,POINT (-9.109029769897461 38.769981384277344)
2308_793,8019_20250101_145_0_12,145_0,0,38.741519927978516,-9.107930183410645,10,IN_TRANSIT_TO,2025-02-26 13:31:47,50174,2308,83-17-ZM,POINT (-9.107930183410645 38.741519927978516)
541_25E,14252_20250101_79_0_11,79_0,1,38.706268310546875,-9.145050048828125,16,IN_TRANSIT_TO,2025-02-26 13:32:07,3803,541,,POINT (-9.145050048828125 38.706268310546875)
501_15E,11186_20250101_76_0_9,76_0,0,38.706180572509766,-9.156020164489746,3,IN_TRANSIT_TO,2025-02-26 13:32:04,3902,501,,POINT (-9.156020164489746 38.706180572509766)
2736_756,6761_20250101_175_0_13,175_0,1,38.71229934692383,-9.175100326538086,4,IN_TRANSIT_TO,2025-02-26 13:32:21,9415,2736,AG-47-EI,POINT (-9.175100326538086 38.71229934692383)
574_18E,12182_20250101_78_0_15,78_0,0,38.70372009277344,-9.190799713134766,14,IN_TRANSIT_TO,2025-02-26 13:32:17,13406,574,,POINT (-9.190799713134766 38.70372009277344)
2635_759,6943_20250101_144_0_8,144_0,1,38.76316833496094,-9.1183500289917,16,IN_TRANSIT_TO,2025-02-26 13:32:11,8404,2635,52-VP-90,POINT (-9.1183500289917 38.76316833496094)
2769_727,4485_20250101_103_0_7,103_0,1,38.71038055419922,-9.15347957611084,29,IN_TRANSIT_TO,2025-02-26 13:32:24,7103,2769,AH-19-ND,POINT (-9.15347957611084 38.71038055419922)
556_18E,18351_20250101_78_0_7,78_0,0,38.700931549072266,-9.18082046508789,8,IN_TRANSIT_TO,2025-02-26 13:32:06,12116,556,,POINT (-9.18082046508789 38.700931549072266)
2636_744,5819_20250101_200_0_8,200_0,0,38.76665115356445,-9.128899574279785,17,IN_TRANSIT_TO,2025-02-26 13:32:18,7513,2636,87-VS-50,POINT (-9.128899574279785 38.76665115356445)
2686_714,3627_20250101_102_0_10,102_0,1,38.70655059814453,-9.157919883728027,34,IN_TRANSIT_TO,2025-02-26 13:32:00,3911,2686,99-XE-58,POINT (-9.157919883728027 38.70655059814453)
582_18E,12202_20250101_78_0_12,78_0,1,38.70627975463867,-9.145569801330566,19,IN_TRANSIT_TO,2025-02-26 13:32:05,7101,582,,POINT (-9.145569801330566 38.70627975463867)
2652_720,4086_20250101_143_0_10,143_0,0,38.709720611572266,-9.16604995727539,21,IN_TRANSIT_TO,2025-02-26 13:32:23,10104,2652,05-VZ-61,POINT (-9.16604995727539 38.709720611572266)
2626_722,4121_20250101_196_0_8,196_0,0,38.783870697021484,-9.108779907226562,34,IN_TRANSIT_TO,2025-02-26 13:32:08,12617,2626,52-VP-86,POINT (-9.108779907226562 38.783870697021484)
2829_753,6577_20250101_167_0_15,167_0,0,38.72999954223633,-9.143500328063965,0,IN_TRANSIT_TO,2025-02-26 13:32:11,,2829,BF-58-FZ,POINT (-9.143500328063965 38.72999954223633)
2621_759,6970_20250101_144_0_7,144_0,0,38.77254867553711,-9.117819786071777,36,IN_TRANSIT_TO,2025-02-26 13:32:07,12210,2621,66-VI-45,POINT (-9.117819786071777 38.77254867553711)
2622_722,4107_20250101_196_0_8,196_0,1,38.73107147216797,-9.146479606628418,30,IN_TRANSIT_TO,2025-02-26 13:32:13,1714,2622,66-VI-21,POINT (-9.146479606628418 38.73107147216797)
2603_744,5841_20250101_200_0_8,200_0,1,38.72719955444336,-9.149029731750488,29,IN_TRANSIT_TO,2025-02-26 13:32:11,1702,2603,16-VF-76,POINT (-9.149029731750488 38.72719955444336)
2701_738,5561_20250101_117_0_7,117_0,0,38.72854995727539,-9.147899627685547,19,IN_TRANSIT_TO,2025-02-26 13:32:26,1704,2701,92-XQ-35,POINT (-9.147899627685547 38.72854995727539)
2982_702,3068_20250101_146_0_19,146_0,0,38.7274284362793,-9.162879943847656,4,IN_TRANSIT_TO,2025-02-26 13:32:02,6105,2982,30-VM-23,POINT (-9.162879943847656 38.7274284362793)
2990_730,4949_20250101_198_0_11,198_0,1,38.725528717041016,-9.133749961853027,9,IN_TRANSIT_TO,2025-02-26 13:32:23,50657,2990,30-VM-06,POINT (-9.133749961853027 38.725528717041016)
2711_738,5553_20250101_117_0_7,117_0,0,38.70439910888672,-9.18196964263916,34,IN_TRANSIT_TO,2025-02-26 13:32:15,12114,2711,92-XQ-44,POINT (-9.18196964263916 38.70439910888672)
2976_702,3030_20250101_146_0_18,146_0,1,38.72489929199219,-9.154820442199707,12,IN_TRANSIT_TO,2025-02-26 13:31:59,1224,2976,30-VM-00,POINT (-9.154820442199707 38.72489929199219)
2616_759,6973_20250101_144_0_9,144_0,0,38.74808120727539,-9.11277961730957,25,IN_TRANSIT_TO,2025-02-26 13:32:01,3713,2616,66-VI-44,POINT (-9.11277961730957 38.74808120727539)
2702_754,6622_20250101_201_0_8,201_0,1,38.74713134765625,-9.155699729919434,29,IN_TRANSIT_TO,2025-02-26 13:32:01,1603,2702,92-XQ-21,POINT (-9.155699729919434 38.74713134765625)
2604_744,5830_20250101_200_0_7,200_0,0,38.75587844848633,-9.139619827270508,13,IN_TRANSIT_TO,2025-02-26 13:31:55,7410,2604,66-VI-32,POINT (-9.139619827270508 38.75587844848633)
2605_759,6896_20250101_144_0_6,144_0,1,38.72037124633789,-9.117050170898438,39,IN_TRANSIT_TO,2025-02-26 13:32:17,9814,2605,66-VI-35,POINT (-9.117050170898438 38.72037124633789)
2663_714,3697_20240914_102_0_16,102_0,1,38.72127151489258,-9.221500396728516,4,IN_TRANSIT_TO,2024-10-22 20:26:58,18703,2663,05-VZ-62,POINT (-9.221500396728516 38.72127151489258)
2659_727,4536_20250101_103_0_6,103_0,0,38.702880859375,-9.202380180358887,39,IN_TRANSIT_TO,2025-02-26 13:32:01,13310,2659,05-VZ-57,POINT (-9.202380180358887 38.702880859375)
2685_727,4537_20250101_103_0_5,103_0,1,38.69858169555664,-9.187529563903809,44,IN_TRANSIT_TO,2025-02-26 13:32:26,2053,2685,93-XA-46,POINT (-9.187529563903809 38.69858169555664)
579_28E,14908_20250101_75_0_7,75_0,1,38.70989990234375,-9.135729789733887,6,IN_TRANSIT_TO,2025-02-26 13:31:42,50149,579,,POINT (-9.135729789733887 38.70989990234375)
6043_760,7103_20250101_171_0_10,171_0,0,38.72536849975586,-9.140600204467773,3,IN_TRANSIT_TO,2025-02-26 13:32:09,6901,6043,BG-93-LT,POINT (-9.140600204467773 38.72536849975586)
1714_783,7809_20250101_203_0_10,203_0,1,38.768699645996094,-9.127820014953613,0,IN_TRANSIT_TO,2025-02-26 13:31:53,,1714,69-AL-77,POINT (-9.127820014953613 38.768699645996094)
545_25E,14255_20250101_79_0_11,79_0,1,38.70682907104492,-9.157999992370605,13,IN_TRANSIT_TO,2025-02-26 13:32:10,3915,545,,POINT (-9.157999992370605 38.70682907104492)
2995_797,8161_20250101_163_0_26,163_0,0,38.734901428222656,-9.13401985168457,2,IN_TRANSIT_TO,2025-02-26 13:32:00,402,2995,30-VM-15,POINT (-9.13401985168457 38.734901428222656)
550_28E,14998_20250101_75_0_10,75_0,0,38.71508026123047,-9.128780364990234,9,IN_TRANSIT_TO,2025-02-26 13:32:06,14804,550,,POINT (-9.128780364990234 38.71508026123047)
2963_774,7457_20250101_192_0_18,192_0,1,38.72624969482422,-9.14091968536377,0,IN_TRANSIT_TO,2025-02-26 13:32:20,,2963,29-VM-88,POINT (-9.14091968536377 38.72624969482422)
2687_738,5572_20250101_117_0_9,117_0,0,38.741920471191406,-9.146920204162598,16,IN_TRANSIT_TO,2025-02-26 13:32:04,1906,2687,93-XA-44,POINT (-9.146920204162598 38.741920471191406)
404_73B,18773_20250101_220_0_9,220_0,0,38.70698165893555,-9.174200057983398,19,IN_TRANSIT_TO,2025-02-26 13:32:23,50387,404,BF-14-TQ,POINT (-9.174200057983398 38.70698165893555)
4813_751,6510_20250101_109_0_9,109_0,0,38.70158004760742,-9.227879524230957,24,IN_TRANSIT_TO,2025-02-26 13:31:55,4202,4813,68-VQ-50,POINT (-9.227879524230957 38.70158004760742)
2644_759,6987_20250101_144_0_9,144_0,0,38.71323013305664,-9.139599800109863,2,IN_TRANSIT_TO,2025-02-26 13:32:21,902,2644,87-VS-52,POINT (-9.139599800109863 38.71323013305664)
578_24E,17842_20250101_213_0_19,213_0,1,38.71757125854492,-9.15095043182373,6,IN_TRANSIT_TO,2025-02-26 13:31:59,10608,578,,POINT (-9.15095043182373 38.71757125854492)
2662_723,4149_20250101_121_0_10,121_0,1,38.71482849121094,-9.214570045471191,9,IN_TRANSIT_TO,2025-02-26 13:31:57,12402,2662,05-VZ-51,POINT (-9.214570045471191 38.71482849121094)
4808_728,4569_20250101_204_0_7,204_0,1,38.77130126953125,-9.104780197143555,7,IN_TRANSIT_TO,2025-02-26 13:32:23,7811,4808,20-VQ-73,POINT (-9.104780197143555 38.77130126953125)
572_28E,15012_20250101_75_0_14,75_0,0,38.72303009033203,-9.135199546813965,3,IN_TRANSIT_TO,2025-02-26 13:32:04,705,572,,POINT (-9.135199546813965 38.72303009033203)
2641_705,3186_20250101_176_0_10,176_0,1,38.78276824951172,-9.122380256652832,15,IN_TRANSIT_TO,2025-02-26 13:32:12,16302,2641,75-VS-49,POINT (-9.122380256652832 38.78276824951172)
555_28E,14895_20250101_75_0_13,75_0,1,38.72145080566406,-9.13545036315918,22,IN_TRANSIT_TO,2025-02-26 13:32:22,704,555,,POINT (-9.13545036315918 38.72145080566406)
2974_729,4878_20250101_104_0_6,104_0,1,38.761749267578125,-9.195269584655762,0,IN_TRANSIT_TO,2025-02-26 13:16:39,,2974,30-VM-22,POINT (-9.195269584655762 38.761749267578125)
4817_751,6498_20250101_109_0_12,109_0,0,38.6998291015625,-9.184269905090332,11,IN_TRANSIT_TO,2025-02-21 13:04:27,9504,4817,00-VV-37,POINT (-9.184269905090332 38.6998291015625)
266_734,5133_20250101_205_0_16,205_0,1,38.72188186645508,-9.135279655456543,13,IN_TRANSIT_TO,2025-02-26 13:32:18,704,266,AH-55-CZ,POINT (-9.135279655456543 38.72188186645508)
575_28E,14960_20250101_75_0_13,75_0,1,38.70981979370117,-9.142450332641602,2,IN_TRANSIT_TO,2025-02-26 13:31:58,10515,575,,POINT (-9.142450332641602 38.70981979370117)
2660_714,3671_20250101_102_0_9,102_0,0,38.72121810913086,-9.221349716186523,36,IN_TRANSIT_TO,2025-02-26 13:31:48,18702,2660,05-VZ-60,POINT (-9.221349716186523 38.72121810913086)
2655_776,7476_20250101_193_0_33,193_0,1,38.70069885253906,-9.248780250549316,4,IN_TRANSIT_TO,2025-02-26 13:31:54,4303,2655,05-VZ-67,POINT (-9.248780250549316 38.70069885253906)
269_734,5150_20250101_205_0_16,205_0,0,38.718849182128906,-9.135729789733887,1,IN_TRANSIT_TO,2025-02-26 13:27:30,816,269,AG-25-NH,POINT (-9.135729789733887 38.718849182128906)
2782_709,3401_20250101_148_0_19,148_0,1,38.718448638916016,-9.156669616699219,6,IN_TRANSIT_TO,2025-02-26 13:31:59,6803,2782,AI-99-BS,POINT (-9.156669616699219 38.718448638916016)
4644_750,6390_20250101_106_0_8,106_0,0,38.757381439208984,-9.167329788208008,18,IN_TRANSIT_TO,2025-02-26 13:32:27,50002,4644,27-JO-11,POINT (-9.167329788208008 38.757381439208984)
277_65B,35087_20250101_250_0_11,250_0,0,38.71485137939453,-9.169380187988281,2,IN_TRANSIT_TO,2025-02-26 13:32:14,50158,277,AH-13-TB,POINT (-9.169380187988281 38.71485137939453)
4805_728,4681_20250101_204_0_7,204_0,1,38.70344924926758,-9.171170234680176,39,IN_TRANSIT_TO,2025-02-26 13:31:44,10202,4805,20-VQ-66,POINT (-9.171170234680176 38.70344924926758)
2740_755,6682_20250101_118_0_9,118_0,1,38.7524299621582,-9.157549858093262,6,IN_TRANSIT_TO,2025-02-26 13:32:00,13510,2740,AG-43-EI,POINT (-9.157549858093262 38.7524299621582)
2984_34B,19141_20250101_226_0_8,226_0,0,38.72623062133789,-9.110520362854004,28,IN_TRANSIT_TO,2025-02-26 13:31:58,8310,2984,30-VM-04,POINT (-9.110520362854004 38.72623062133789)
2630_781,7721_20250101_151_0_10,151_0,1,38.7648811340332,-9.109720230102539,13,IN_TRANSIT_TO,2025-02-26 13:31:56,7718,2630,52-VP-89,POINT (-9.109720230102539 38.7648811340332)
2744_720,4100_20250101_143_0_10,143_0,1,38.741920471191406,-9.131719589233398,27,IN_TRANSIT_TO,2025-02-26 13:31:40,312,2744,AG-13-TH,POINT (-9.131719589233398 38.741920471191406)
2720_764,7166_20250101_168_0_9,168_0,0,38.74663162231445,-9.167799949645996,5,IN_TRANSIT_TO,2025-02-26 13:32:02,12704,2720,92-XQ-28,POINT (-9.167799949645996 38.74663162231445)
2983_71B,45266_20250101_278_0_9,278_0,0,38.736228942871094,-9.201120376586914,13,IN_TRANSIT_TO,2025-02-26 13:32:11,8826,2983,30-VM-08,POINT (-9.201120376586914 38.736228942871094)
257_55B,21534_20250101_240_0_15,240_0,0,38.758548736572266,-9.192700386047363,2,IN_TRANSIT_TO,2025-02-26 13:32:21,50515,257,AF-59-RM,POINT (-9.192700386047363 38.758548736572266)
2627_744,5849_20250101_200_0_7,200_0,1,38.76961898803711,-9.128020286560059,13,IN_TRANSIT_TO,2025-02-26 13:32:26,7604,2627,52-VP-83,POINT (-9.128020286560059 38.76961898803711)
276_79B,18661_20250101_221_0_8,221_0,0,38.71022033691406,-9.215169906616211,23,IN_TRANSIT_TO,2025-02-26 13:32:15,12401,276,AH-12-TB,POINT (-9.215169906616211 38.71022033691406)
2742_755,6709_20250101_118_0_10,118_0,0,38.75482940673828,-9.134269714355469,29,IN_TRANSIT_TO,2025-02-26 13:32:05,7404,2742,AG-94-TG,POINT (-9.134269714355469 38.75482940673828)
256_58B,19291_20250101_227_0_13,227_0,0,38.75008010864258,-9.172019958496094,6,IN_TRANSIT_TO,2025-02-26 13:32:20,50651,256,AF-57-RM,POINT (-9.172019958496094 38.75008010864258)
2731_756,6713_20250101_175_0_12,175_0,0,38.7327995300293,-9.16450023651123,15,IN_TRANSIT_TO,2025-02-26 13:32:13,1514,2731,AG-49-EI,POINT (-9.16450023651123 38.7327995300293)
2631_722,4127_20250101_196_0_9,196_0,0,38.7423210144043,-9.13640022277832,12,IN_TRANSIT_TO,2025-02-26 13:32:16,304,2631,52-VP-80,POINT (-9.13640022277832 38.7423210144043)
258_79B,18671_20250101_221_0_8,221_0,0,38.6982307434082,-9.225449562072754,1,IN_TRANSIT_TO,2025-02-26 13:32:08,4210,258,AF-56-RM,POINT (-9.225449562072754 38.6982307434082)
2735_756,6748_20250101_175_0_13,175_0,1,38.737579345703125,-9.126649856567383,20,IN_TRANSIT_TO,2025-02-26 13:32:07,9006,2735,AG-37-EI,POINT (-9.126649856567383 38.737579345703125)
279_61B,21520_20250101_241_0_11,241_0,1,38.736019134521484,-9.172030448913574,3,IN_TRANSIT_TO,2025-02-26 13:32:08,2720,279,AI-38-FG,POINT (-9.172030448913574 38.736019134521484)
2625_781,7756_20250101_151_0_10,151_0,0,38.70582962036133,-9.1431303024292,0,IN_TRANSIT_TO,2025-02-26 13:32:09,,2625,72-VP-79,POINT (-9.1431303024292 38.70582962036133)
6045_760,7044_20250101_171_0_4,171_0,1,38.70457077026367,-9.176349639892578,24,IN_TRANSIT_TO,2025-02-26 13:31:56,12101,6045,BH-32-IQ,POINT (-9.176349639892578 38.70457077026367)
2274_758,6793_20250101_150_0_10,150_0,1,38.752079010009766,-9.205430030822754,3,IN_TRANSIT_TO,2025-02-26 13:32:16,10901,2274,76-79-ZG,POINT (-9.205430030822754 38.752079010009766)
2247_765,7176_20250101_110_0_27,110_0,0,38.75238037109375,-9.206649780273438,9,IN_TRANSIT_TO,2025-02-26 13:31:55,50386,2247,22-34-ZB,POINT (-9.206649780273438 38.75238037109375)
2419_716,3734_20250101_164_0_8,164_0,1,38.73884963989258,-9.153249740600586,18,IN_TRANSIT_TO,2025-02-26 13:32:24,1504,2419,92-AO-55,POINT (-9.153249740600586 38.73884963989258)
2260_771,39065_20250101_248_0_11,248_0,1,38.72249984741211,-9.16117000579834,16,IN_TRANSIT_TO,2025-02-26 13:31:59,8608,2260,67-47-ZJ,POINT (-9.16117000579834 38.72249984741211)
2310_742,5776_20250101_114_0_9,114_0,1,38.713951110839844,-9.195630073547363,2,IN_TRANSIT_TO,2025-02-26 13:32:17,12928,2310,83-07-ZM,POINT (-9.195630073547363 38.713951110839844)
2489_726,4273_20250101_116_0_8,116_0,1,38.766780853271484,-9.202230453491211,0,IN_TRANSIT_TO,2025-02-26 13:32:11,,2489,55-BH-05,POINT (-9.202230453491211 38.766780853271484)
253_13B,21591_20250101_243_0_14,243_0,0,38.7234001159668,-9.133119583129883,4,IN_TRANSIT_TO,2025-02-26 13:32:06,708,253,AF-88-NU,POINT (-9.133119583129883 38.7234001159668)
2402_706,3260_20250101_147_0_9,147_0,1,38.731300354003906,-9.1360502243042,14,IN_TRANSIT_TO,2025-02-26 13:32:25,506,2402,50-AL-13,POINT (-9.1360502243042 38.731300354003906)
2443_703,3175_20250101_165_0_10,165_0,1,38.755531311035156,-9.185700416564941,9,IN_TRANSIT_TO,2025-02-26 13:31:36,10813,2443,29-AX-05,POINT (-9.185700416564941 38.755531311035156)
2490_708,3351_20250101_100_0_7,100_0,0,38.77146911621094,-9.097370147705078,29,IN_TRANSIT_TO,2025-02-26 13:32:16,7821,2490,55-BH-01,POINT (-9.097370147705078 38.77146911621094)
1701_735,5267_20250101_172_0_8,172_0,1,38.70566940307617,-9.146349906921387,34,IN_TRANSIT_TO,2025-02-26 13:32:16,3820,1701,39-AB-08,POINT (-9.146349906921387 38.70566940307617)
2341_703,3100_20250101_165_0_9,165_0,1,38.744781494140625,-9.198820114135742,4,IN_TRANSIT_TO,2025-02-26 13:32:09,2812,2341,67-50-ZJ,POINT (-9.198820114135742 38.744781494140625)
2750_756,6757_20250101_175_0_11,175_0,1,38.7400016784668,-9.15077018737793,12,IN_TRANSIT_TO,2025-02-26 13:32:13,33101,2750,AG-10-TH,POINT (-9.15077018737793 38.7400016784668)
2780_709,3412_20250101_148_0_14,148_0,0,38.715301513671875,-9.16491985321045,11,IN_TRANSIT_TO,2025-02-26 13:32:00,8002,2780,AI-06-BT,POINT (-9.16491985321045 38.715301513671875)
2785_713,3621_20250101_122_0_11,122_0,0,38.73706817626953,-9.146650314331055,3,IN_TRANSIT_TO,2025-02-26 13:32:10,11118,2785,AI-05-BT,POINT (-9.146650314331055 38.73706817626953)
2994_730,4969_20250101_198_0_11,198_0,0,38.72439956665039,-9.129520416259766,15,IN_TRANSIT_TO,2025-02-26 13:32:13,9103,2994,29-VM-91,POINT (-9.129520416259766 38.72439956665039)
2471_726,4325_20250101_116_0_9,116_0,0,38.72159957885742,-9.129619598388672,2,IN_TRANSIT_TO,2025-02-26 13:31:37,9105,2471,74-BC-70,POINT (-9.129619598388672 38.72159957885742)
2404_703,3158_20250101_165_0_9,165_0,0,38.76900100708008,-9.174980163574219,21,IN_TRANSIT_TO,2025-02-26 13:31:56,50391,2404,50-AL-11,POINT (-9.174980163574219 38.76900100708008)
2246_758,6889_20250101_150_0_10,150_0,1,38.72782897949219,-9.162369728088379,19,IN_TRANSIT_TO,2025-02-26 13:31:58,6122,2246,22-38-ZB,POINT (-9.162369728088379 38.72782897949219)
2304_793,7994_20250101_145_0_13,145_0,1,38.74435043334961,-9.132180213928223,1,IN_TRANSIT_TO,2025-02-26 13:32:09,50108,2304,83-10-ZM,POINT (-9.132180213928223 38.74435043334961)
1708_798,8190_20250101_194_0_17,194_0,0,38.760379791259766,-9.156530380249023,0,IN_TRANSIT_TO,2025-02-26 13:32:01,,1708,69-AL-71,POINT (-9.156530380249023 38.760379791259766)
2714_764,7135_20250101_168_0_10,168_0,1,38.75006866455078,-9.15863037109375,32,IN_TRANSIT_TO,2025-02-26 13:32:05,13509,2714,92-XQ-38,POINT (-9.15863037109375 38.75006866455078)
2822_753,6541_20250101_167_0_16,167_0,1,38.72481918334961,-9.156120300292969,4,IN_TRANSIT_TO,2025-02-26 13:32:06,8502,2822,BF-54-FZ,POINT (-9.156120300292969 38.72481918334961)
2286_758,6848_20250101_150_0_9,150_0,0,38.74142074584961,-9.169679641723633,19,IN_TRANSIT_TO,2025-02-26 13:32:00,1607,2286,67-42-ZJ,POINT (-9.169679641723633 38.74142074584961)
2760_712,3550_20250101_189_0_11,189_0,0,38.720130920410156,-9.12732982635498,7,IN_TRANSIT_TO,2025-02-26 13:32:06,9117,2760,AH-35-ND,POINT (-9.12732982635498 38.720130920410156)
2293_799,8211_20250101_120_0_15,120_0,1,38.73738098144531,-9.22387981414795,3,IN_TRANSIT_TO,2025-02-26 13:32:23,18125,2293,92-57-ZM,POINT (-9.22387981414795 38.73738098144531)
1727_701,2987_20250101_123_0_14,123_0,0,38.74885177612305,-9.14894962310791,5,IN_TRANSIT_TO,2025-02-26 13:32:03,2006,1727,25-AS-39,POINT (-9.14894962310791 38.74885177612305)
2478_729,4828_20250101_104_0_7,104_0,1,38.7388801574707,-9.202130317687988,22,IN_TRANSIT_TO,2025-02-26 13:31:59,8837,2478,91-BE-80,POINT (-9.202130317687988 38.7388801574707)
1778_755,6632_20250101_118_0_7,118_0,0,38.74298095703125,-9.10181999206543,2,IN_TRANSIT_TO,2025-02-26 13:32:20,12511,1778,63-HX-30,POINT (-9.10181999206543 38.74298095703125)
1751_717,3864_20250101_170_0_9,170_0,0,38.755218505859375,-9.139229774475098,10,IN_TRANSIT_TO,2025-02-26 13:32:04,7410,1751,34-HU-17,POINT (-9.139229774475098 38.755218505859375)
2812_718,3937_20250101_105_0_12,105_0,0,38.75157165527344,-9.111800193786621,4,IN_TRANSIT_TO,2025-02-26 13:32:16,24390,2812,90-II-61,POINT (-9.111800193786621 38.75157165527344)
4639_783,7817_20250101_203_0_2,203_0,1,38.78099822998047,-9.120030403137207,5,IN_TRANSIT_TO,2025-02-26 13:32:22,12602,4639,27-JO-13,POINT (-9.120030403137207 38.78099822998047)
4647_750,6372_20250101_106_0_7,106_0,0,38.74502944946289,-9.199830055236816,27,IN_TRANSIT_TO,2025-02-26 13:32:12,2806,4647,02-JN-88,POINT (-9.199830055236816 38.74502944946289)
2970_45B,45280_20250101_277_0_10,277_0,0,38.770301818847656,-9.173569679260254,25,IN_TRANSIT_TO,2025-02-26 13:32:04,50097,2970,29-VM-87,POINT (-9.173569679260254 38.770301818847656)
2808_781,7737_20250101_151_0_17,151_0,0,38.78879928588867,-9.123950004577637,29,IN_TRANSIT_TO,2025-01-28 20:19:57,16307,2808,01-IH-97,POINT (-9.123950004577637 38.78879928588867)
2813_718,3978_20250101_105_0_10,105_0,0,38.74251937866211,-9.133150100708008,30,IN_TRANSIT_TO,2025-02-26 13:32:24,411,2813,90-II-53,POINT (-9.133150100708008 38.74251937866211)
1746_717,3759_20250101_170_0_9,170_0,1,38.74237060546875,-9.133549690246582,37,IN_TRANSIT_TO,2025-02-26 13:32:15,308,1746,92-HR-03,POINT (-9.133549690246582 38.74237060546875)
2803_725,4239_20250101_197_0_21,197_0,0,38.78126907348633,-9.118720054626465,9,IN_TRANSIT_TO,2025-02-26 13:32:20,12319,2803,01-IH-92,POINT (-9.118720054626465 38.78126907348633)
4812_751,6454_20250101_109_0_14,109_0,1,38.70124816894531,-9.181570053100586,23,IN_TRANSIT_TO,2025-02-26 13:32:04,9503,4812,20-VQ-70,POINT (-9.181570053100586 38.70124816894531)
2802_718,3994_20250101_105_0_10,105_0,0,38.74208068847656,-9.100449562072754,11,IN_TRANSIT_TO,2025-02-26 13:32:13,12524,2802,01-IH-91,POINT (-9.100449562072754 38.74208068847656)
2968_737,5489_20250101_173_0_24,173_0,1,38.71187973022461,-9.135869979858398,6,IN_TRANSIT_TO,2025-02-26 13:32:08,913,2968,30-VM-24,POINT (-9.135869979858398 38.71187973022461)
2806_749,6201_20250101_195_0_16,195_0,0,38.746971130371094,-9.125300407409668,10,IN_TRANSIT_TO,2025-02-26 13:32:00,50228,2806,01-IH-95,POINT (-9.125300407409668 38.746971130371094)
2453_747,6110_20250101_177_0_12,177_0,0,38.7612190246582,-9.196619987487793,21,IN_TRANSIT_TO,2025-02-26 13:32:10,13907,2453,16-AZ-13,POINT (-9.196619987487793 38.7612190246582)
2459_726,4264_20250101_116_0_10,116_0,1,38.756378173828125,-9.177319526672363,10,IN_TRANSIT_TO,2025-02-26 13:32:00,13605,2459,74-BC-74,POINT (-9.177319526672363 38.756378173828125)
4640_736,18817_20250101_199_0_10,199_0,1,38.743629455566406,-9.147379875183105,20,IN_TRANSIT_TO,2025-02-26 13:32:21,2019,4640,02-JN-87,POINT (-9.147379875183105 38.743629455566406)
2810_718,3959_20250101_105_0_11,105_0,1,38.752899169921875,-9.105400085449219,25,IN_TRANSIT_TO,2025-02-26 13:32:24,24372,2810,01-IH-99,POINT (-9.105400085449219 38.752899169921875)
2816_718,3975_20250101_105_0_11,105_0,1,38.73643112182617,-9.133879661560059,4,IN_TRANSIT_TO,2025-02-26 13:32:18,402,2816,90-II-56,POINT (-9.133879661560059 38.73643112182617)
2342_731,4991_20250101_190_0_16,190_0,1,38.763099670410156,-9.127799987792969,18,IN_TRANSIT_TO,2025-02-23 18:02:33,7506,2342,67-45-ZJ,POINT (-9.127799987792969 38.763099670410156)
2455_729,4757_20250101_104_0_8,104_0,0,38.702999114990234,-9.199529647827148,32,IN_TRANSIT_TO,2025-02-26 13:31:58,13307,2455,16-AZ-12,POINT (-9.199529647827148 38.702999114990234)
2667_711,3512_20250101_101_0_7,101_0,0,38.71628189086914,-9.141929626464844,5,IN_TRANSIT_TO,2025-02-26 13:32:21,1003,2667,87-XB-45,POINT (-9.141929626464844 38.71628189086914)
2410_767,7184_20250101_112_0_6,112_0,1,38.73823165893555,-9.139599800109863,38,IN_TRANSIT_TO,2025-02-26 13:32:20,11109,2410,92-AO-46,POINT (-9.139599800109863 38.73823165893555)
2794_712,3541_20250101_189_0_11,189_0,0,38.725521087646484,-9.148480415344238,17,IN_TRANSIT_TO,2025-02-26 13:32:26,1202,2794,AJ-60-LI,POINT (-9.148480415344238 38.725521087646484)
219_773,7423_20250101_124_0_11,124_0,1,38.71501922607422,-9.150520324707031,21,IN_TRANSIT_TO,2025-02-26 13:30:15,6713,219,11-12-XO,POINT (-9.150520324707031 38.71501922607422)
2425_716,3718_20250101_164_0_15,164_0,0,38.73802185058594,-9.140780448913574,3,IN_TRANSIT_TO,2025-02-26 13:32:14,11109,2425,29-AU-20,POINT (-9.140780448913574 38.73802185058594)
2710_764,7158_20250101_168_0_10,168_0,0,38.745418548583984,-9.222220420837402,31,IN_TRANSIT_TO,2025-02-26 13:32:21,3008,2710,92-XQ-19,POINT (-9.222220420837402 38.745418548583984)
2278_731,4989_20250101_190_0_9,190_0,0,38.77227020263672,-9.110099792480469,28,IN_TRANSIT_TO,2025-02-26 13:32:16,7801,2278,67-41-ZJ,POINT (-9.110099792480469 38.77227020263672)
2734_735,5258_20250101_172_0_7,172_0,0,38.70998001098633,-9.128250122070312,4,IN_TRANSIT_TO,2025-02-26 13:32:02,4501,2734,AG-50-EI,POINT (-9.128250122070312 38.70998001098633)
215_17B,21703_20250101_247_0_9,247_0,0,38.72835159301758,-9.14264965057373,7,IN_TRANSIT_TO,2025-02-26 13:32:03,6607,215,44-42-XM,POINT (-9.14264965057373 38.72835159301758)
2756_754,6609_20250101_201_0_9,201_0,0,38.74457931518555,-9.179269790649414,11,IN_TRANSIT_TO,2025-02-26 13:32:03,10706,2756,AH-27-ND,POINT (-9.179269790649414 38.74457931518555)
2746_720,4101_20250101_143_0_8,143_0,1,38.728599548339844,-9.144499778747559,18,IN_TRANSIT_TO,2025-02-26 13:32:11,6601,2746,AG-97-TG,POINT (-9.144499778747559 38.728599548339844)
2300_723,4168_20250101_121_0_6,121_0,0,38.69512939453125,-9.215129852294922,28,IN_TRANSIT_TO,2025-02-26 13:32:14,50385,2300,83-13-ZM,POINT (-9.215129852294922 38.69512939453125)
1721_701,2947_20250101_123_0_10,123_0,1,38.75600051879883,-9.176429748535156,17,IN_TRANSIT_TO,2025-02-26 13:32:11,13617,1721,25-AS-33,POINT (-9.176429748535156 38.75600051879883)
2797_712,3566_20250101_189_0_11,189_0,1,38.725120544433594,-9.151519775390625,14,IN_TRANSIT_TO,2025-02-26 13:32:04,1224,2797,AJ-57-LI,POINT (-9.151519775390625 38.725120544433594)
1773_794,8035_20250101_115_0_7,115_0,0,38.73537826538086,-9.11709976196289,10,IN_TRANSIT_TO,2025-02-26 13:32:19,17575,1773,53-HX-06,POINT (-9.11709976196289 38.73537826538086)
2745_708,3298_20250101_100_0_6,100_0,1,38.76762008666992,-9.110150337219238,17,IN_TRANSIT_TO,2025-02-26 13:32:27,50330,2745,AG-06-TH,POINT (-9.110150337219238 38.76762008666992)
2784_713,3612_20250101_122_0_11,122_0,0,38.71770095825195,-9.157230377197266,15,IN_TRANSIT_TO,2025-02-26 13:32:04,6802,2784,AI-09-BT,POINT (-9.157230377197266 38.71770095825195)
1706_701,2960_20250101_123_0_9,123_0,1,38.72557830810547,-9.1627197265625,6,IN_TRANSIT_TO,2025-02-26 13:32:12,8508,1706,69-AL-69,POINT (-9.1627197265625 38.72557830810547)
4628_796,8152_20250101_174_0_18,174_0,1,38.76622009277344,-9.157620429992676,14,IN_TRANSIT_TO,2025-02-26 13:32:12,5902,4628,27-JO-10,POINT (-9.157620429992676 38.76622009277344)
1770_717,3800_20250101_170_0_10,170_0,1,38.75727081298828,-9.154769897460938,26,IN_TRANSIT_TO,2025-02-26 13:32:23,5806,1770,63-HX-17,POINT (-9.154769897460938 38.75727081298828)
1710_708,3289_20250101_100_0_9,100_0,1,38.725669860839844,-9.135000228881836,39,IN_TRANSIT_TO,2025-02-26 13:32:21,610,1710,69-AL-73,POINT (-9.135000228881836 38.725669860839844)
1713_794,8091_20250101_115_0_10,115_0,1,38.76755142211914,-9.10319995880127,1,IN_TRANSIT_TO,2025-02-26 13:31:58,7814,1713,69-AL-76,POINT (-9.10319995880127 38.76755142211914)
2480_767,7223_20250101_112_0_6,112_0,1,38.76042938232422,-9.170720100402832,23,IN_TRANSIT_TO,2025-02-26 13:32:05,50016,2480,91-BE-75,POINT (-9.170720100402832 38.76042938232422)
2413_778,18640_20250101_179_0_16,179_0,1,38.7622184753418,-9.190730094909668,3,IN_TRANSIT_TO,2025-02-26 13:32:24,12822,2413,92-AO-50,POINT (-9.190730094909668 38.7622184753418)
403_67B,28216_20250101_253_0_9,253_0,0,38.707618713378906,-9.151470184326172,20,IN_TRANSIT_TO,2025-02-26 13:32:13,3922,403,BF-84-TA,POINT (-9.151470184326172 38.707618713378906)
2482_726,4295_20250101_116_0_7,116_0,0,38.7565803527832,-9.177419662475586,24,IN_TRANSIT_TO,2025-02-26 13:31:59,13606,2482,55-BH-02,POINT (-9.177419662475586 38.7565803527832)
254_773,7416_20250101_124_0_17,124_0,0,38.71508026123047,-9.151100158691406,6,IN_TRANSIT_TO,2025-02-26 13:29:35,6716,254,AF-90-NU,POINT (-9.151100158691406 38.71508026123047)
2801_725,4255_20250101_197_0_20,197_0,1,38.77391815185547,-9.106430053710938,10,IN_TRANSIT_TO,2025-02-26 13:32:00,12316,2801,38-HU-27,POINT (-9.106430053710938 38.77391815185547)
1769_742,5747_20250101_114_0_8,114_0,1,38.70677185058594,-9.174819946289062,20,IN_TRANSIT_TO,2025-02-26 13:32:09,12105,1769,63-HX-24,POINT (-9.174819946289062 38.70677185058594)
2768_727,4544_20250101_103_0_4,103_0,0,38.713470458984375,-9.153280258178711,19,IN_TRANSIT_TO,2025-02-26 13:32:09,6704,2768,AH-25-ND,POINT (-9.153280258178711 38.713470458984375)
2666_727,4515_20250101_103_0_7,103_0,1,38.69786834716797,-9.204750061035156,11,IN_TRANSIT_TO,2025-02-26 13:31:54,9601,2666,87-XB-39,POINT (-9.204750061035156 38.69786834716797)
1722_701,2979_20250101_123_0_12,123_0,0,38.74964904785156,-9.17251968383789,16,IN_TRANSIT_TO,2025-02-26 13:32:19,13618,1722,25-AS-34,POINT (-9.17251968383789 38.74964904785156)
1759_717,3822_20250101_170_0_10,170_0,1,38.78792953491211,-9.145469665527344,0,IN_TRANSIT_TO,2025-02-26 13:32:25,,1759,34-HU-25,POINT (-9.145469665527344 38.78792953491211)
1756_755,6663_20250101_118_0_8,118_0,1,38.75362014770508,-9.127079963684082,15,IN_TRANSIT_TO,2025-02-26 13:32:07,7403,1756,34-HU-22,POINT (-9.127079963684082 38.75362014770508)
2487_729,4810_20250101_104_0_7,104_0,0,38.74972915649414,-9.191229820251465,11,IN_TRANSIT_TO,2025-02-26 13:32:07,10804,2487,54-BH-97,POINT (-9.191229820251465 38.74972915649414)
1757_717,3845_20250101_170_0_9,170_0,0,38.770118713378906,-9.159600257873535,19,IN_TRANSIT_TO,2025-02-26 13:32:22,5903,1757,34-HU-23,POINT (-9.159600257873535 38.770118713378906)
1754_717,3825_20250101_170_0_7,170_0,1,38.79806900024414,-9.145400047302246,1,IN_TRANSIT_TO,2025-02-26 13:31:48,16001,1754,34-HU-20,POINT (-9.145400047302246 38.79806900024414)
2470_767,7201_20250101_112_0_6,112_0,1,38.73849868774414,-9.138649940490723,37,IN_TRANSIT_TO,2025-02-26 13:32:05,6408,2470,74-BC-71,POINT (-9.138649940490723 38.73849868774414)
2433_703,3162_20250101_165_0_10,165_0,0,38.784149169921875,-9.149419784545898,6,IN_TRANSIT_TO,2025-02-26 13:32:21,6024,2433,44-BC-28,POINT (-9.149419784545898 38.784149169921875)
2239_763,46424_20250101_282_0_13,282_0,0,38.77455139160156,-9.155400276184082,0,IN_TRANSIT_TO,2025-02-26 13:32:16,,2239,06-30-XX,POINT (-9.155400276184082 38.77455139160156)
2344_758,6868_20250101_150_0_9,150_0,0,38.712928771972656,-9.143250465393066,3,IN_TRANSIT_TO,2025-02-26 13:32:17,10501,2344,53-60-ZJ,POINT (-9.143250465393066 38.712928771972656)
2771_727,4454_20250101_103_0_5,103_0,1,38.74842071533203,-9.147029876708984,44,IN_TRANSIT_TO,2025-02-26 13:32:03,2053,2771,AH-20-ND,POINT (-9.147029876708984 38.74842071533203)
1741_724,4233_20250101_178_0_3,178_0,0,38.743228912353516,-9.198129653930664,15,IN_TRANSIT_TO,2025-02-26 08:16:08,2809,1741,08-HN-24,POINT (-9.198129653930664 38.743228912353516)
2774_738,5512_20250101_117_0_10,117_0,1,38.75469970703125,-9.151080131530762,26,IN_TRANSIT_TO,2025-02-26 13:32:23,2017,2774,AH-22-ND,POINT (-9.151080131530762 38.75469970703125)
405_28E,48629_20250101_75_8_17,75_8,1,38.71044921875,-9.143269538879395,0,IN_TRANSIT_TO,2025-02-26 13:32:17,,405,BF-14-TU,POINT (-9.143269538879395 38.71044921875)
2469_747,6119_20250101_177_0_12,177_0,0,38.769020080566406,-9.188870429992676,14,IN_TRANSIT_TO,2025-02-26 13:31:08,12832,2469,16-AZ-09,POINT (-9.188870429992676 38.769020080566406)
2747_735,5206_20250101_172_0_9,172_0,0,38.74106979370117,-9.133500099182129,21,IN_TRANSIT_TO,2025-02-26 13:32:01,411,2747,AG-09-TH,POINT (-9.133500099182129 38.74106979370117)
2447_758,6885_20250101_150_0_10,150_0,1,38.715721130371094,-9.146300315856934,28,IN_TRANSIT_TO,2025-02-26 13:32:01,10606,2447,44-BC-33,POINT (-9.146300315856934 38.715721130371094)
4613_750,6313_20250101_106_0_8,106_0,0,38.76253128051758,-9.130229949951172,10,IN_TRANSIT_TO,2025-02-26 13:32:14,7515,4613,22-GP-48,POINT (-9.130229949951172 38.76253128051758)
1779_717,3781_20250101_170_0_7,170_0,1,38.7548713684082,-9.151300430297852,27,IN_TRANSIT_TO,2025-02-26 13:32:12,5706,1779,63-HX-20,POINT (-9.151300430297852 38.7548713684082)
1718_783,7854_20250101_203_0_10,203_0,1,38.73059844970703,-9.146829605102539,25,IN_TRANSIT_TO,2025-02-26 13:32:08,1714,1718,69-AL-81,POINT (-9.146829605102539 38.73059844970703)
1725_701,2978_20250101_123_0_12,123_0,0,38.716949462890625,-9.169529914855957,31,IN_TRANSIT_TO,2025-02-26 13:32:01,8013,1725,25-AS-37,POINT (-9.169529914855957 38.716949462890625)
2772_713,3605_20250101_122_0_7,122_0,0,38.70677947998047,-9.15802001953125,23,IN_TRANSIT_TO,2025-02-26 13:32:16,10009,2772,AH-24-ND,POINT (-9.15802001953125 38.70677947998047)
2467_729,4788_20250101_104_0_8,104_0,0,38.7447509765625,-9.198869705200195,18,IN_TRANSIT_TO,2025-02-26 13:32:15,2805,2467,16-AZ-14,POINT (-9.198869705200195 38.7447509765625)
2752_720,4066_20250101_143_0_10,143_0,1,38.70240020751953,-9.188300132751465,0,IN_TRANSIT_TO,2025-02-26 13:32:19,,2752,AG-18-TH,POINT (-9.188300132751465 38.70240020751953)
1760_717,3879_20250101_170_0_10,170_0,0,38.74087142944336,-9.133529663085938,3,IN_TRANSIT_TO,2025-02-26 13:32:26,411,1760,34-HU-26,POINT (-9.133529663085938 38.74087142944336)
2757_713,3592_20250101_122_0_10,122_0,1,38.706871032714844,-9.173850059509277,7,IN_TRANSIT_TO,2025-02-26 13:32:18,9425,2757,AH-32-ND,POINT (-9.173850059509277 38.706871032714844)
2333_794,8073_20250101_115_0_9,115_0,1,38.75923156738281,-9.124679565429688,17,IN_TRANSIT_TO,2025-02-26 13:32:15,14705,2333,62-97-ZG,POINT (-9.124679565429688 38.75923156738281)
2497_742,5782_20250101_114_0_5,114_0,0,38.70624923706055,-9.17549991607666,39,IN_TRANSIT_TO,2025-02-26 13:32:23,12110,2497,88-BL-71,POINT (-9.17549991607666 38.70624923706055)
2461_729,4817_20250101_104_0_7,104_0,1,38.77151870727539,-9.192299842834473,40,IN_TRANSIT_TO,2025-02-26 13:32:09,14102,2461,55-BH-04,POINT (-9.192299842834473 38.77151870727539)
2422_729,4779_20250101_104_0_6,104_0,0,38.70132827758789,-9.199769973754883,32,IN_TRANSIT_TO,2025-02-26 13:32:00,13307,2422,29-AU-17,POINT (-9.199769973754883 38.70132827758789)
2775_714,3697_20250101_102_0_9,102_0,0,38.6975212097168,-9.195429801940918,17,IN_TRANSIT_TO,2025-02-26 13:32:15,9508,2775,AH-31-ND,POINT (-9.195429801940918 38.6975212097168)
2449_703,3124_20250101_165_0_9,165_0,0,38.749420166015625,-9.191269874572754,33,IN_TRANSIT_TO,2025-02-26 13:32:21,10804,2449,44-BC-35,POINT (-9.191269874572754 38.749420166015625)
2967_737,5475_20250101_173_0_21,173_0,0,38.71002960205078,-9.135780334472656,1,IN_TRANSIT_TO,2025-02-26 13:32:08,912,2967,30-VM-05,POINT (-9.135780334472656 38.71002960205078)
2809_749,6205_20250101_195_0_13,195_0,1,38.74440002441406,-9.113419532775879,12,IN_TRANSIT_TO,2025-02-26 13:32:09,3713,2809,01-IH-98,POINT (-9.113419532775879 38.74440002441406)
2445_703,3173_20250101_165_0_8,165_0,1,38.770301818847656,-9.173629760742188,20,IN_TRANSIT_TO,2025-02-26 13:32:02,50161,2445,44-BC-31,POINT (-9.173629760742188 38.770301818847656)
2437_747,6122_20250101_177_0_13,177_0,0,38.76219940185547,-9.166930198669434,6,IN_TRANSIT_TO,2025-02-26 13:32:22,50003,2437,29-AX-09,POINT (-9.166930198669434 38.76219940185547)
2758_727,4502_20250101_103_0_6,103_0,1,38.70463180541992,-9.167329788208008,22,IN_TRANSIT_TO,2025-02-26 13:32:17,10209,2758,AH-36-ND,POINT (-9.167329788208008 38.70463180541992)
2833_728,4724_20250101_204_4_6,204_4,0,38.70724868774414,-9.14115047454834,11,IN_TRANSIT_TO,2025-02-26 13:32:22,3824,2833,BF-65-FZ,POINT (-9.14115047454834 38.70724868774414)
1703_798,8198_20250101_194_0_16,194_0,1,38.79072952270508,-9.150699615478516,1,IN_TRANSIT_TO,2025-02-26 13:31:57,11608,1703,35-AL-13,POINT (-9.150699615478516 38.79072952270508)
4622_796,8140_20250101_174_0_46,174_0,1,38.79191970825195,-9.150679588317871,0,IN_TRANSIT_TO,2025-02-25 23:04:46,,4622,90-JI-91,POINT (-9.150679588317871 38.79191970825195)
2465_767,7294_20250101_112_0_7,112_0,0,38.76055145263672,-9.169569969177246,23,IN_TRANSIT_TO,2025-02-26 13:31:59,50011,2465,55-BH-00,POINT (-9.169569969177246 38.76055145263672)
1715_708,3358_20250101_100_0_8,100_0,0,38.763370513916016,-9.115469932556152,21,IN_TRANSIT_TO,2025-02-26 13:32:14,8419,1715,69-AL-78,POINT (-9.115469932556152 38.763370513916016)
2307_793,8007_20250101_145_0_12,145_0,0,38.74222946166992,-9.131850242614746,27,IN_TRANSIT_TO,2025-02-26 13:32:12,301,2307,83-20-ZM,POINT (-9.131850242614746 38.74222946166992)
1765_742,5783_20250101_114_0_7,114_0,0,38.721580505371094,-9.167149543762207,32,IN_TRANSIT_TO,2025-02-26 13:32:19,8010,1765,63-HX-28,POINT (-9.167149543762207 38.721580505371094)
2498_720,4087_20250101_143_0_11,143_0,0,38.72549819946289,-9.148520469665527,14,IN_TRANSIT_TO,2025-02-26 13:32:15,1202,2498,03-BM-57,POINT (-9.148520469665527 38.72549819946289)
4612_728,4706_20250101_204_0_7,204_0,1,38.7087287902832,-9.13422966003418,32,IN_TRANSIT_TO,2025-02-26 13:32:18,4502,4612,96-GL-89,POINT (-9.13422966003418 38.7087287902832)
1761_717,3803_20250101_170_0_10,170_0,1,38.77439880371094,-9.156729698181152,18,IN_TRANSIT_TO,2025-02-26 13:32:15,11510,1761,63-HX-19,POINT (-9.156729698181152 38.77439880371094)
1712_798,8202_20250101_194_0_17,194_0,0,38.780548095703125,-9.150279998779297,13,IN_TRANSIT_TO,2025-02-26 13:32:24,6018,1712,69-AL-75,POINT (-9.150279998779297 38.780548095703125)
220_773,7398_20250101_124_0_15,124_0,1,38.7056999206543,-9.171870231628418,2,IN_TRANSIT_TO,2025-02-26 13:31:57,9418,220,11-07-XO,POINT (-9.171870231628418 38.7056999206543)
605_15E,11228_20250101_76_0_10,76_0,1,38.704368591308594,-9.178380012512207,13,IN_TRANSIT_TO,2025-02-26 13:32:26,12111,605,,POINT (-9.178380012512207 38.704368591308594)
2240_763,49570_20250101_282_0_14,282_0,1,38.76403045654297,-9.196999549865723,5,IN_TRANSIT_TO,2025-02-26 13:32:20,13904,2240,06-31-XX,POINT (-9.196999549865723 38.76403045654297)
2297_731,5018_20250101_190_0_7,190_0,0,38.740028381347656,-9.16707992553711,1,IN_TRANSIT_TO,2025-02-26 13:31:59,50038,2297,83-06-ZM,POINT (-9.16707992553711 38.740028381347656)
2403_706,3266_20250101_147_0_8,147_0,0,38.72010040283203,-9.11752986907959,29,IN_TRANSIT_TO,2025-02-26 13:32:14,9825,2403,50-AL-12,POINT (-9.11752986907959 38.72010040283203)
1707_717,3844_20250101_170_0_9,170_0,0,38.77735137939453,-9.14663028717041,29,IN_TRANSIT_TO,2025-02-26 13:32:12,11511,1707,69-AL-70,POINT (-9.14663028717041 38.77735137939453)
2426_716,3744_20250101_164_0_12,164_0,1,38.742279052734375,-9.172019958496094,12,IN_TRANSIT_TO,2025-02-26 13:32:11,1615,2426,29-AU-21,POINT (-9.172019958496094 38.742279052734375)
221_773,7408_20250101_124_0_17,124_0,0,38.71268081665039,-9.167499542236328,19,IN_TRANSIT_TO,2025-02-26 13:32:06,10107,221,11-06-XO,POINT (-9.167499542236328 38.71268081665039)
408_10B,21749_20250101_242_0_14,242_0,0,38.70962142944336,-9.135069847106934,1,IN_TRANSIT_TO,2025-02-26 13:31:00,4504,408,BF-24-TS,POINT (-9.135069847106934 38.70962142944336)
2401_716,3747_20250101_164_0_13,164_0,0,38.75067901611328,-9.20287036895752,23,IN_TRANSIT_TO,2025-02-26 13:32:00,10904,2401,50-AL-14,POINT (-9.20287036895752 38.75067901611328)
2485_726,4286_20250101_116_0_9,116_0,0,38.7606201171875,-9.194780349731445,29,IN_TRANSIT_TO,2025-02-26 13:32:02,12812,2485,91-BE-77,POINT (-9.194780349731445 38.7606201171875)
2408_703,3170_20250101_165_0_10,165_0,1,38.77558135986328,-9.16051959991455,26,IN_TRANSIT_TO,2025-02-26 13:31:58,5924,2408,50-AL-08,POINT (-9.16051959991455 38.77558135986328)
2309_742,5737_20250101_114_0_6,114_0,1,38.734981536865234,-9.14756965637207,36,IN_TRANSIT_TO,2025-02-26 13:32:16,1410,2309,83-15-ZM,POINT (-9.14756965637207 38.734981536865234)
2334_794,8108_20250101_115_0_10,115_0,0,38.75748062133789,-9.126420021057129,22,IN_TRANSIT_TO,2025-02-26 13:32:13,14708,2334,53-53-ZJ,POINT (-9.126420021057129 38.75748062133789)
2942_29B,17524_20250101_209_0_12,209_0,0,38.758548736572266,-9.108779907226562,3,IN_TRANSIT_TO,2025-02-26 13:31:51,8439,2942,51-GL-82,POINT (-9.108779907226562 38.758548736572266)
606_15E,11202_20250101_76_0_11,76_0,0,38.70610046386719,-9.143320083618164,1,IN_TRANSIT_TO,2025-02-26 13:32:20,3802,606,,POINT (-9.143320083618164 38.70610046386719)
2283_799,8222_20250101_120_0_12,120_0,0,38.755699157714844,-9.194379806518555,2,IN_TRANSIT_TO,2025-02-26 13:32:17,50242,2283,67-39-ZJ,POINT (-9.194379806518555 38.755699157714844)
4840_736,5299_20250101_199_0_9,199_0,0,38.75667953491211,-9.154450416564941,28,IN_TRANSIT_TO,2025-02-26 13:32:26,50083,4840,45-VX-93,POINT (-9.154450416564941 38.75667953491211)
2335_794,8101_20250101_115_0_9,115_0,0,38.7669792175293,-9.104049682617188,37,IN_TRANSIT_TO,2025-02-26 13:31:08,2315,2335,62-98-ZG,POINT (-9.104049682617188 38.7669792175293)
2481_726,4350_20250101_116_0_8,116_0,1,38.738868713378906,-9.165229797363281,16,IN_TRANSIT_TO,2025-02-26 13:32:11,1620,2481,54-BH-99,POINT (-9.165229797363281 38.738868713378906)
2406_767,7250_20250101_112_0_7,112_0,1,38.75672149658203,-9.201530456542969,9,IN_TRANSIT_TO,2025-02-26 13:32:12,13712,2406,50-AL-09,POINT (-9.201530456542969 38.75672149658203)
2753_735,5232_20250101_172_0_9,172_0,0,38.727378845214844,-9.119330406188965,0,IN_TRANSIT_TO,2025-02-26 13:32:05,,2753,AG-08-TH,POINT (-9.119330406188965 38.727378845214844)
2289_724,4204_20250101_178_0_14,178_0,1,38.75143051147461,-9.197369575500488,9,IN_TRANSIT_TO,2025-02-26 13:32:03,10913,2289,92-60-ZM,POINT (-9.197369575500488 38.75143051147461)
2451_729,4836_20250101_104_0_6,104_0,1,38.69728088378906,-9.204649925231934,5,IN_TRANSIT_TO,2025-02-26 13:32:15,13209,2451,75-AQ-16,POINT (-9.204649925231934 38.69728088378906)
2788_713,3576_20250101_122_0_10,122_0,1,38.71247863769531,-9.160420417785645,18,IN_TRANSIT_TO,2025-02-26 13:32:15,10012,2788,AI-51-TL,POINT (-9.160420417785645 38.71247863769531)
2792_754,6584_20250101_201_0_8,201_0,1,38.73347854614258,-9.219550132751465,8,IN_TRANSIT_TO,2025-02-26 13:32:06,18103,2792,AJ-53-LI,POINT (-9.219550132751465 38.73347854614258)
1723_717,3863_20250101_170_0_9,170_0,0,38.770320892333984,-9.159680366516113,19,IN_TRANSIT_TO,2025-02-26 13:32:12,5903,1723,25-AS-35,POINT (-9.159680366516113 38.770320892333984)
2291_724,4191_20250101_178_0_12,178_0,1,38.718299865722656,-9.184579849243164,23,IN_TRANSIT_TO,2025-02-26 13:32:01,21306,2291,92-56-ZM,POINT (-9.184579849243164 38.718299865722656)
2290_724,4222_20250101_178_0_13,178_0,0,38.76512145996094,-9.198419570922852,27,IN_TRANSIT_TO,2025-02-26 13:24:24,13912,2290,92-55-ZM,POINT (-9.198419570922852 38.76512145996094)
4838_736,5319_20250101_199_0_10,199_0,1,38.7730712890625,-9.161479949951172,10,IN_TRANSIT_TO,2025-02-26 13:31:52,5906,4838,34-VR-22,POINT (-9.161479949951172 38.7730712890625)
2438_767,7286_20250101_112_0_7,112_0,0,38.760101318359375,-9.178279876708984,25,IN_TRANSIT_TO,2025-02-26 13:32:18,50141,2438,44-BC-29,POINT (-9.178279876708984 38.760101318359375)
2825_753,6573_20250101_167_0_15,167_0,0,38.72434997558594,-9.160969734191895,6,IN_TRANSIT_TO,2025-02-26 13:32:26,8501,2825,BF-53-FZ,POINT (-9.160969734191895 38.72434997558594)
2276_731,5022_20250101_190_0_8,190_0,1,38.7476692199707,-9.157170295715332,25,IN_TRANSIT_TO,2025-02-26 13:32:05,13507,2276,53-57-ZJ,POINT (-9.157170295715332 38.7476692199707)
2418_778,18644_20250101_179_0_12,179_0,0,38.77042007446289,-9.172599792480469,14,IN_TRANSIT_TO,2025-02-26 13:32:01,50096,2418,92-AO-54,POINT (-9.172599792480469 38.77042007446289)
2245_767,7281_20250101_112_0_5,112_0,0,38.754520416259766,-9.196649551391602,34,IN_TRANSIT_TO,2025-02-26 13:32:06,10912,2245,22-35-ZB,POINT (-9.196649551391602 38.754520416259766)
2668_711,3454_20250101_101_0_9,101_0,1,38.724849700927734,-9.15552043914795,27,IN_TRANSIT_TO,2025-02-26 13:32:17,8502,2668,87-XB-36,POINT (-9.15552043914795 38.724849700927734)
4829_736,5408_20250101_199_0_9,199_0,0,38.743080139160156,-9.146869659423828,9,IN_TRANSIT_TO,2025-02-26 13:32:10,1901,4829,34-VR-21,POINT (-9.146869659423828 38.743080139160156)
208_49B,22225_20250101_251_0_11,251_0,0,38.74483108520508,-9.131400108337402,12,IN_TRANSIT_TO,2025-02-26 13:32:00,9007,208,33-47-XH,POINT (-9.131400108337402 38.74483108520508)
2296_724,4230_20250101_178_0_15,178_0,0,38.75468063354492,-9.196319580078125,21,IN_TRANSIT_TO,2025-02-26 13:32:10,10912,2296,92-51-ZM,POINT (-9.196319580078125 38.75468063354492)
2770_727,4463_20250101_103_0_6,103_0,1,38.74100112915039,-9.146369934082031,41,IN_TRANSIT_TO,2025-02-26 13:32:23,1805,2770,AH-30-ND,POINT (-9.146369934082031 38.74100112915039)
212_773,7378_20250101_124_0_18,124_0,1,38.710269927978516,-9.159879684448242,16,IN_TRANSIT_TO,2025-02-26 13:32:13,10006,212,44-11-XL,POINT (-9.159879684448242 38.710269927978516)
564_28E,14946_20250101_75_0_11,75_0,1,38.709869384765625,-9.133919715881348,7,IN_TRANSIT_TO,2025-02-26 13:32:10,5601,564,,POINT (-9.133919715881348 38.709869384765625)
2225_742,5687_20250101_114_0_9,114_0,0,38.7329216003418,-9.114299774169922,1,IN_TRANSIT_TO,2025-02-26 13:32:13,17574,2225,08-03-XS,POINT (-9.114299774169922 38.7329216003418)
410_61B,21530_20250101_241_0_15,241_0,0,38.725929260253906,-9.170129776000977,2,IN_TRANSIT_TO,2025-02-26 13:32:01,50502,410,BF-21-VF,POINT (-9.170129776000977 38.725929260253906)
2789_712,3558_20250101_189_0_10,189_0,1,38.71466827392578,-9.121430397033691,37,IN_TRANSIT_TO,2025-02-26 13:32:11,2128,2789,AI-53-TL,POINT (-9.121430397033691 38.71466827392578)
2214_708,3333_20250101_100_0_8,100_0,1,38.794921875,-9.097169876098633,3,IN_TRANSIT_TO,2025-02-26 13:31:58,50451,2214,08-02-XS,POINT (-9.097169876098633 38.794921875)
2781_15E,11544_20250101_76_0_10,76_0,0,38.70349884033203,-9.16942024230957,5,IN_TRANSIT_TO,2025-02-26 13:32:11,10202,2781,AI-00-BT,POINT (-9.16942024230957 38.70349884033203)
2205_735,5182_20250101_172_0_10,172_0,1,38.75611877441406,-9.14568042755127,4,IN_TRANSIT_TO,2025-02-26 13:32:26,5706,2205,01-71-XO,POINT (-9.14568042755127 38.75611877441406)
2208_742,5777_20250101_114_0_7,114_0,1,38.71369934082031,-9.198699951171875,1,IN_TRANSIT_TO,2025-02-26 13:32:23,10315,2208,01-69-XO,POINT (-9.198699951171875 38.71369934082031)
2216_708,3311_20250101_100_0_9,100_0,1,38.779319763183594,-9.095769882202148,10,IN_TRANSIT_TO,2025-02-26 13:32:18,50127,2216,08-00-XS,POINT (-9.095769882202148 38.779319763183594)
2220_742,5666_20250101_114_0_7,114_0,0,38.73500061035156,-9.139849662780762,20,IN_TRANSIT_TO,2025-02-26 13:31:55,11106,2220,07-96-XS,POINT (-9.139849662780762 38.73500061035156)
2712_764,7142_20250101_168_0_11,168_0,1,38.75080108642578,-9.190899848937988,19,IN_TRANSIT_TO,2025-02-26 13:32:23,10807,2712,92-XQ-33,POINT (-9.190899848937988 38.75080108642578)
2223_742,5720_20250101_114_0_8,114_0,1,38.72758102416992,-9.119669914245605,46,IN_TRANSIT_TO,2025-02-26 13:32:20,11702,2223,08-16-XS,POINT (-9.119669914245605 38.72758102416992)
2221_708,3365_20250101_100_0_10,100_0,0,38.725521087646484,-9.135000228881836,5,IN_TRANSIT_TO,2025-02-26 13:32:12,607,2221,07-95-XS,POINT (-9.135000228881836 38.725521087646484)
563_12E,11025_20250101_77_0_10,77_0,0,38.71717834472656,-9.129500389099121,1,IN_TRANSIT_TO,2025-02-26 13:32:01,819,563,,POINT (-9.129500389099121 38.71717834472656)
234_49B,22224_20250101_251_0_11,251_0,0,38.74544906616211,-9.135120391845703,17,IN_TRANSIT_TO,2025-02-26 13:26:08,50109,234,13-31-XZ,POINT (-9.135120391845703 38.74544906616211)
412_19B,21687_20250101_245_0_23,245_0,0,38.7224006652832,-9.140700340270996,0,IN_TRANSIT_TO,2025-02-17 19:56:24,,412,BF-65-TC,POINT (-9.140700340270996 38.7224006652832)
568_28E,15024_20250101_75_0_3,75_0,1,38.709781646728516,-9.133769989013672,8,IN_TRANSIT_TO,2025-02-26 13:32:08,13801,568,,POINT (-9.133769989013672 38.709781646728516)
2228_742,5731_20250101_114_0_7,114_0,1,38.735198974609375,-9.145879745483398,37,IN_TRANSIT_TO,2025-02-26 13:32:19,1806,2228,06-24-XX,POINT (-9.145879745483398 38.735198974609375)
2230_758,6853_20250101_150_0_7,150_0,0,38.73997116088867,-9.166979789733887,17,IN_TRANSIT_TO,2025-02-26 13:32:13,2713,2230,06-36-XX,POINT (-9.166979789733887 38.73997116088867)
2222_742,5759_20250101_114_0_8,114_0,1,38.702598571777344,-9.180299758911133,18,IN_TRANSIT_TO,2025-02-26 13:32:26,12005,2222,08-17-XS,POINT (-9.180299758911133 38.702598571777344)
2207_742,5788_20250101_114_0_6,114_0,0,38.72488021850586,-9.16427993774414,30,IN_TRANSIT_TO,2025-02-26 13:32:11,8507,2207,01-70-XO,POINT (-9.16427993774414 38.72488021850586)
4615_750,6401_20250101_106_0_8,106_0,0,38.762081146240234,-9.130669593811035,10,IN_TRANSIT_TO,2025-02-26 13:32:14,7515,4615,22-GP-49,POINT (-9.130669593811035 38.762081146240234)
560_28E,14920_20250101_75_0_13,75_0,1,38.72146987915039,-9.135370254516602,22,IN_TRANSIT_TO,2025-02-26 13:32:07,704,560,,POINT (-9.135370254516602 38.72146987915039)
2233_758,6831_20250101_150_0_8,150_0,0,38.74761962890625,-9.190400123596191,25,IN_TRANSIT_TO,2025-02-26 13:32:18,10826,2233,06-38-XX,POINT (-9.190400123596191 38.74761962890625)
2231_758,6877_20250101_150_0_8,150_0,1,38.70637130737305,-9.143799781799316,33,IN_TRANSIT_TO,2025-02-26 13:32:26,3826,2231,06-28-XX,POINT (-9.143799781799316 38.70637130737305)
2232_767,7228_20250101_112_0_6,112_0,1,38.75270080566406,-9.18828010559082,17,IN_TRANSIT_TO,2025-02-26 13:32:21,10813,2232,06-23-XX,POINT (-9.18828010559082 38.75270080566406)
2238_763,46422_20250101_282_0_11,282_0,0,38.76184844970703,-9.19713020324707,17,IN_TRANSIT_TO,2025-02-26 13:32:00,13909,2238,06-29-XX,POINT (-9.19713020324707 38.76184844970703)
2201_742,5676_20250101_114_0_6,114_0,0,38.732730865478516,-9.130379676818848,16,IN_TRANSIT_TO,2025-02-26 13:32:11,501,2201,72-15-XN,POINT (-9.130379676818848 38.732730865478516)
230_773,20155_20250101_124_0_16,124_0,1,38.71242904663086,-9.155750274658203,18,IN_TRANSIT_TO,2025-02-26 13:32:22,6708,230,13-33-XZ,POINT (-9.155750274658203 38.71242904663086)
2234_768,7319_20250101_111_0_13,111_0,0,38.760318756103516,-9.184670448303223,16,IN_TRANSIT_TO,2025-02-26 13:32:17,12804,2234,06-26-XX,POINT (-9.184670448303223 38.760318756103516)
414_22B,19420_20250101_236_0_15,236_0,0,38.70869827270508,-9.143269538879395,3,IN_TRANSIT_TO,2025-02-26 13:32:09,3825,414,BF-95-TP,POINT (-9.143269538879395 38.70869827270508)
407_67B,28217_20250101_253_0_9,253_0,0,38.711700439453125,-9.163880348205566,3,IN_TRANSIT_TO,2025-02-26 13:32:04,10109,407,BF-55-TT,POINT (-9.163880348205566 38.711700439453125)
613_15E,11303_20250101_76_0_9,76_0,0,38.698421478271484,-9.188420295715332,10,IN_TRANSIT_TO,2025-02-26 13:32:21,9506,613,,POINT (-9.188420295715332 38.698421478271484)
2265_768,7335_20250101_111_0_12,111_0,1,38.744651794433594,-9.168479919433594,19,IN_TRANSIT_TO,2025-02-26 13:32:13,1603,2265,76-91-ZG,POINT (-9.168479919433594 38.744651794433594)
2273_771,21936_20250101_248_0_11,248_0,0,38.72169876098633,-9.1970796585083,13,IN_TRANSIT_TO,2025-02-26 13:32:09,21301,2273,76-81-ZG,POINT (-9.1970796585083 38.72169876098633)
2267_768,7341_20250101_111_0_13,111_0,1,38.743431091308594,-9.175169944763184,17,IN_TRANSIT_TO,2025-02-26 13:32:17,10705,2267,76-86-ZG,POINT (-9.175169944763184 38.743431091308594)
2266_703,3135_20250101_165_0_9,165_0,0,38.759300231933594,-9.180700302124023,28,IN_TRANSIT_TO,2025-02-26 13:32:00,12828,2266,76-92-ZG,POINT (-9.180700302124023 38.759300231933594)
