id,trip_id,route_id,direction_id,latitude,longitude,current_stop_sequence,current_status,timestamp,stop_id,vehicle_id,license_plate,geometry
6032_760,7022_20250901_171_0_8,171_0,0,38.70372009277344,-9.190779685974121,24,IN_TRANSIT_TO,2025-09-26 13:34:43,13406,6032,BF-93-BC,POINT (-9.190779685974121 38.70372009277344)
4645_750,6372_20250901_106_0_8,106_0,1,38.75511932373047,-9.15060043334961,26,IN_TRANSIT_TO,2025-09-26 13:34:47,5712,4645,98-JO-46,POINT (-9.15060043334961 38.75511932373047)
557_28E,15024_20250901_75_0_9,75_0,1,38.711551666259766,-9.130629539489746,21,IN_TRANSIT_TO,2025-09-26 13:34:51,13803,557,,POINT (-9.130629539489746 38.711551666259766)
2302_793,8007_20250901_145_0_14,145_0,0,38.736900329589844,-9.112649917602539,7,IN_TRANSIT_TO,2025-09-26 13:34:38,17579,2302,83-08-ZM,POINT (-9.112649917602539 38.736900329589844)
611_15E,11186_20250901_76_0_10,76_0,1,38.69607925415039,-9.219550132751465,4,IN_TRANSIT_TO,2025-09-26 13:34:57,13203,611,,POINT (-9.219550132751465 38.69607925415039)
304_708,3351_20250901_100_0_8,100_0,1,38.76102828979492,-9.120129585266113,27,IN_TRANSIT_TO,2025-09-26 13:34:51,8408,304,22-SP-91,POINT (-9.120129585266113 38.76102828979492)
2254_731,4996_20250901_190_0_8,190_0,1,38.74776840209961,-9.157230377197266,27,IN_TRANSIT_TO,2025-09-26 13:34:53,13507,2254,80-51-ZE,POINT (-9.157230377197266 38.74776840209961)
2992_702,3053_20250901_146_0_26,146_0,1,38.72809982299805,-9.167949676513672,7,IN_TRANSIT_TO,2025-09-26 13:34:57,6112,2992,29-VM-95,POINT (-9.167949676513672 38.72809982299805)
2250_731,19403_20240727_190_0_8,190_0,1,38.78303146362305,-9.114009857177734,3,IN_TRANSIT_TO,2024-08-10 10:41:27,12610,2250,80-41-ZE,POINT (-9.114009857177734 38.78303146362305)
6021_760,7085_20250901_171_0_8,171_0,1,38.70624923706055,-9.145000457763672,30,IN_TRANSIT_TO,2025-09-26 13:34:28,3803,6021,BD-91-QG,POINT (-9.145000457763672 38.70624923706055)
612_15E,11288_20250901_76_0_12,76_0,1,38.7064208984375,-9.154950141906738,18,IN_TRANSIT_TO,2025-09-26 13:34:35,3901,612,,POINT (-9.154950141906738 38.7064208984375)
2494_735,5275_20250901_172_0_9,172_0,0,38.749969482421875,-9.142219543457031,25,IN_TRANSIT_TO,2025-09-26 13:34:35,201,2494,88-BL-68,POINT (-9.142219543457031 38.749969482421875)
2346_763,46424_20250901_282_0_14,282_0,1,38.777000427246094,-9.17549991607666,12,IN_TRANSIT_TO,2025-09-26 13:30:32,50313,2346,62-93-ZG,POINT (-9.17549991607666 38.777000427246094)
2955_52B,21671_20250901_244_0_11,244_0,0,38.741119384765625,-9.167900085449219,22,IN_TRANSIT_TO,2025-09-26 13:34:42,50472,2955,27-GU-70,POINT (-9.167900085449219 38.741119384765625)
2951_29B,17524_20250901_209_0_13,209_0,0,38.7690315246582,-9.117480278015137,25,IN_TRANSIT_TO,2025-09-26 13:34:45,7704,2951,62-GQ-53,POINT (-9.117480278015137 38.7690315246582)
4642_728,4681_20250901_204_0_8,204_0,0,38.742530822753906,-9.102069854736328,32,IN_TRANSIT_TO,2025-09-26 13:34:34,12509,4642,90-JI-99,POINT (-9.102069854736328 38.742530822753906)
4614_750,6262_20250901_106_0_9,106_0,0,38.758399963378906,-9.160479545593262,16,IN_TRANSIT_TO,2025-09-26 13:34:28,5810,4614,96-GL-90,POINT (-9.160479545593262 38.758399963378906)
4611_750,6335_20250901_106_0_8,106_0,1,38.76100158691406,-9.121230125427246,31,IN_TRANSIT_TO,2025-09-26 13:26:58,7503,4611,96-GL-88,POINT (-9.121230125427246 38.76100158691406)
4641_728,4714_20250901_204_0_8,204_0,0,38.699520111083984,-9.205679893493652,9,IN_TRANSIT_TO,2025-09-26 13:34:46,9607,4641,90-JI-98,POINT (-9.205679893493652 38.699520111083984)
4646_750,6421_20250901_106_0_9,106_0,0,38.75407028198242,-9.18595027923584,20,IN_TRANSIT_TO,2025-09-26 13:34:34,10810,4646,11-JM-79,POINT (-9.18595027923584 38.75407028198242)
2973_737,5475_20250901_173_0_25,173_0,0,38.70991897583008,-9.133979797363281,2,IN_TRANSIT_TO,2025-09-26 13:34:31,5601,2973,30-VM-13,POINT (-9.133979797363281 38.70991897583008)
2699_727,4537_20250901_103_0_7,103_0,1,38.709381103515625,-9.153120040893555,29,IN_TRANSIT_TO,2025-09-26 13:34:52,7103,2699,92-XQ-25,POINT (-9.153120040893555 38.709381103515625)
2692_723,4176_20250901_121_0_9,121_0,1,38.72481918334961,-9.156949996948242,27,IN_TRANSIT_TO,2025-09-26 13:34:39,8502,2692,90-XF-62,POINT (-9.156949996948242 38.72481918334961)
2691_713,3605_20250901_122_0_8,122_0,1,38.728248596191406,-9.160079956054688,28,IN_TRANSIT_TO,2025-09-26 13:34:30,6106,2691,90-XF-45,POINT (-9.160079956054688 38.728248596191406)
2690_727,4536_20250901_103_0_7,103_0,1,38.7122802734375,-9.152870178222656,30,IN_TRANSIT_TO,2025-09-26 13:33:11,6701,2690,99-XE-57,POINT (-9.152870178222656 38.7122802734375)
2693_713,3621_20250901_122_0_12,122_0,1,38.72367858886719,-9.17467975616455,2,IN_TRANSIT_TO,2025-09-26 13:34:45,2704,2693,90-XF-46,POINT (-9.17467975616455 38.72367858886719)
2694_714,3662_20250901_102_0_11,102_0,0,38.70441818237305,-9.165719985961914,8,IN_TRANSIT_TO,2025-09-26 13:34:29,10212,2694,90-XF-49,POINT (-9.165719985961914 38.70441818237305)
6048_732,5080_20250901_107_0_6,107_0,1,38.709571838378906,-9.135820388793945,30,IN_TRANSIT_TO,2025-09-26 13:34:32,5519,6048,BH-46-IR,POINT (-9.135820388793945 38.709571838378906)
2695_754,6584_20250901_201_0_9,201_0,0,38.74480056762695,-9.179880142211914,12,IN_TRANSIT_TO,2025-09-26 13:34:49,10704,2695,90-XF-50,POINT (-9.179880142211914 38.74480056762695)
6047_732,5096_20250901_107_0_5,107_0,0,38.70473098754883,-9.207249641418457,38,IN_TRANSIT_TO,2025-09-26 13:34:27,13108,6047,BH-20-IP,POINT (-9.207249641418457 38.70473098754883)
6046_760,7081_20250901_171_0_10,171_0,1,38.72002029418945,-9.138429641723633,37,IN_TRANSIT_TO,2025-09-26 13:34:51,812,6046,BH-73-IR,POINT (-9.138429641723633 38.72002029418945)
2946_26B,17520_20250901_208_0_13,208_0,0,38.77482986450195,-9.10496997833252,10,IN_TRANSIT_TO,2025-09-26 13:34:51,7908,2946,75-GO-15,POINT (-9.10496997833252 38.77482986450195)
2948_26B,17510_20250901_208_0_14,208_0,1,38.7671012878418,-9.098819732666016,6,IN_TRANSIT_TO,2025-09-26 13:34:38,2512,2948,51-GL-85,POINT (-9.098819732666016 38.7671012878418)
4643_750,6401_20250901_106_0_9,106_0,1,38.706321716308594,-9.222880363464355,5,IN_TRANSIT_TO,2025-09-26 13:34:36,18402,4643,98-JO-45,POINT (-9.222880363464355 38.706321716308594)
2957_40B,19262_20250901_212_0_13,212_0,0,38.79151916503906,-9.144869804382324,9,IN_TRANSIT_TO,2025-09-26 13:34:40,50206,2957,27-GU-72,POINT (-9.144869804382324 38.79151916503906)
2677_713,3612_20250901_122_0_12,122_0,1,38.7288818359375,-9.159350395202637,28,IN_TRANSIT_TO,2025-09-26 13:34:50,6106,2677,87-XB-41,POINT (-9.159350395202637 38.7288818359375)
2680_738,5535_20250901_117_0_8,117_0,0,38.719970703125,-9.155280113220215,24,IN_TRANSIT_TO,2025-09-26 13:34:52,6804,2680,93-XA-36,POINT (-9.155280113220215 38.719970703125)
2681_714,3697_20250901_102_0_10,102_0,1,38.697601318359375,-9.204629898071289,20,IN_TRANSIT_TO,2025-09-26 13:34:48,9607,2681,93-XA-41,POINT (-9.204629898071289 38.697601318359375)
2673_746,5986_20250901_108_0_13,108_0,0,38.73414993286133,-9.153779983520508,3,IN_TRANSIT_TO,2025-09-26 13:34:30,1401,2673,87-XB-37,POINT (-9.153779983520508 38.73414993286133)
2679_709,3401_20250901_148_0_21,148_0,1,38.714420318603516,-9.14009952545166,10,IN_TRANSIT_TO,2025-09-26 13:34:42,1004,2679,93-XA-34,POINT (-9.14009952545166 38.714420318603516)
2670_738,5566_20250901_117_0_9,117_0,1,38.71900177001953,-9.156299591064453,13,IN_TRANSIT_TO,2025-09-26 13:34:54,6801,2670,87-XB-32,POINT (-9.156299591064453 38.71900177001953)
2674_764,7166_20250901_168_0_10,168_0,1,38.74462127685547,-9.198519706726074,15,IN_TRANSIT_TO,2025-09-26 13:34:44,2811,2674,87-XB-38,POINT (-9.198519706726074 38.74462127685547)
2964_730,4947_20250901_198_0_13,198_0,1,38.7224006652832,-9.139080047607422,6,IN_TRANSIT_TO,2025-09-26 13:34:30,9204,2964,30-VM-19,POINT (-9.139080047607422 38.7224006652832)
2962_737,5502_20250901_173_0_23,173_0,0,38.71221923828125,-9.131629943847656,5,IN_TRANSIT_TO,2025-09-26 13:34:42,13807,2962,30-VM-07,POINT (-9.131629943847656 38.71221923828125)
6031_732,5076_20250901_107_0_6,107_0,1,38.74102020263672,-9.146719932556152,39,IN_TRANSIT_TO,2025-09-26 13:34:49,1809,6031,BF-87-AX,POINT (-9.146719932556152 38.74102020263672)
547_25E,14255_20250901_79_0_16,79_0,0,38.712928771972656,-9.13778018951416,0,IN_TRANSIT_TO,2025-09-26 13:34:57,,547,,POINT (-9.13778018951416 38.712928771972656)
6049_732,5089_20250901_107_0_7,107_0,1,38.70642852783203,-9.154569625854492,26,IN_TRANSIT_TO,2025-09-12 17:10:25,3901,6049,BH-47-IR,POINT (-9.154569625854492 38.70642852783203)
2741_756,6761_20250901_175_0_14,175_0,0,38.71556854248047,-9.175829887390137,20,IN_TRANSIT_TO,2025-09-26 13:34:39,11904,2741,AG-99-TG,POINT (-9.175829887390137 38.71556854248047)
2658_776,7476_20250901_193_0_36,193_0,0,38.70137023925781,-9.250880241394043,6,IN_TRANSIT_TO,2025-09-26 13:28:12,4302,2658,05-VZ-71,POINT (-9.250880241394043 38.70137023925781)
2479_767,7305_20250901_112_0_7,112_0,0,38.751468658447266,-9.19729995727539,33,IN_TRANSIT_TO,2025-09-26 13:34:36,10914,2479,91-BE-74,POINT (-9.19729995727539 38.751468658447266)
2414_767,7286_20250901_112_0_8,112_0,1,38.76116943359375,-9.166729927062988,25,IN_TRANSIT_TO,2025-09-26 13:34:46,50006,2414,92-AO-51,POINT (-9.166729927062988 38.76116943359375)
2844_751,6454_20250901_109_0_16,109_0,1,38.71202850341797,-9.225529670715332,5,IN_TRANSIT_TO,2025-09-26 13:34:44,14309,2844,BF-73-FZ,POINT (-9.225529670715332 38.71202850341797)
2763_713,3592_20250901_122_0_11,122_0,0,38.728031158447266,-9.160499572753906,9,IN_TRANSIT_TO,2025-09-26 13:34:52,6115,2763,AH-23-ND,POINT (-9.160499572753906 38.728031158447266)
2755_717,3803_20250901_170_0_11,170_0,0,38.75508117675781,-9.151100158691406,13,IN_TRANSIT_TO,2025-09-26 13:34:39,11301,2755,AG-95-TG,POINT (-9.151100158691406 38.75508117675781)
2298_756,6757_20250901_175_0_13,175_0,1,38.70663070678711,-9.17632007598877,3,IN_TRANSIT_TO,2025-09-26 13:34:46,12105,2298,83-05-ZM,POINT (-9.17632007598877 38.70663070678711)
608_15E,11238_20250901_76_0_9,76_0,0,38.698551177978516,-9.18787956237793,12,IN_TRANSIT_TO,2025-09-26 13:34:32,9504,608,,POINT (-9.18787956237793 38.698551177978516)
2257_716,3734_20250901_164_0_10,164_0,1,38.749698638916016,-9.193599700927734,5,IN_TRANSIT_TO,2025-09-26 13:34:46,10801,2257,80-50-ZE,POINT (-9.193599700927734 38.749698638916016)
2282_726,4334_20250901_116_0_7,116_0,0,38.7659797668457,-9.198880195617676,30,IN_TRANSIT_TO,2025-09-26 13:34:24,13910,2282,67-35-ZJ,POINT (-9.198880195617676 38.7659797668457)
2628_722,4119_20250901_196_0_10,196_0,0,38.733699798583984,-9.14490032196045,5,IN_TRANSIT_TO,2025-09-26 13:34:31,1703,2628,52-VP-82,POINT (-9.14490032196045 38.733699798583984)
281_79B,18661_20250901_221_0_10,221_0,0,38.70574951171875,-9.202300071716309,31,IN_TRANSIT_TO,2025-09-26 13:34:54,13309,281,AI-48-OJ,POINT (-9.202300071716309 38.70574951171875)
6015_706,3259_20250901_147_0_4,147_0,0,38.73270034790039,-9.13053035736084,23,IN_TRANSIT_TO,2025-09-26 13:34:39,502,6015,69-ZF-01,POINT (-9.13053035736084 38.73270034790039)
2717_709,3384_20250901_148_0_20,148_0,0,38.723880767822266,-9.148870468139648,4,IN_TRANSIT_TO,2025-09-26 13:34:36,1103,2717,92-XQ-16,POINT (-9.148870468139648 38.723880767822266)
2629_759,6943_20250901_144_0_9,144_0,0,38.70840072631836,-9.136300086975098,4,IN_TRANSIT_TO,2025-09-26 13:34:50,5501,2629,52-VP-81,POINT (-9.136300086975098 38.70840072631836)
4835_783,7846_20250901_203_0_10,203_0,1,38.77922058105469,-9.120169639587402,6,IN_TRANSIT_TO,2025-09-26 13:34:36,12604,4835,53-VR-06,POINT (-9.120169639587402 38.77922058105469)
4624_736,5379_20250901_199_0_8,199_0,1,38.73870086669922,-9.145930290222168,21,IN_TRANSIT_TO,2025-09-26 13:34:33,1902,4624,11-JM-75,POINT (-9.145930290222168 38.73870086669922)
4811_728,4581_20250901_204_0_9,204_0,1,38.70209884643555,-9.175620079040527,40,IN_TRANSIT_TO,2025-09-26 13:34:54,4002,4811,34-VR-20,POINT (-9.175620079040527 38.70209884643555)
306_708,3289_20250901_100_0_10,100_0,0,38.77909851074219,-9.095470428466797,32,IN_TRANSIT_TO,2025-09-26 13:34:56,50124,306,73-ST-81,POINT (-9.095470428466797 38.77909851074219)
2738_742,5737_20250901_114_0_7,114_0,0,38.733299255371094,-9.15464973449707,26,IN_TRANSIT_TO,2025-09-26 13:34:39,1405,2738,AG-46-EI,POINT (-9.15464973449707 38.733299255371094)
2765_727,4485_20250901_103_0_8,103_0,0,38.737571716308594,-9.145819664001465,9,IN_TRANSIT_TO,2025-09-26 13:34:33,1810,2765,AH-37-ND,POINT (-9.145819664001465 38.737571716308594)
4633_796,8135_20250901_174_0_19,174_0,1,38.765281677246094,-9.157270431518555,15,IN_TRANSIT_TO,2025-09-23 16:41:00,5814,4633,90-JI-94,POINT (-9.157270431518555 38.765281677246094)
2259_758,6770_20250901_150_0_11,150_0,0,38.723880767822266,-9.160619735717773,11,IN_TRANSIT_TO,2025-09-26 13:34:34,8511,2259,67-44-ZJ,POINT (-9.160619735717773 38.723880767822266)
2270_767,7223_20250901_112_0_7,112_0,0,38.74082946777344,-9.137120246887207,9,IN_TRANSIT_TO,2025-09-26 13:34:39,11104,2270,76-82-ZG,POINT (-9.137120246887207 38.74082946777344)
2430_703,3170_20250901_165_0_12,165_0,1,38.747650146484375,-9.20697021484375,0,IN_TRANSIT_TO,2025-09-26 13:34:34,,2430,29-AX-12,POINT (-9.20697021484375 38.747650146484375)
2442_767,7272_20250901_112_0_8,112_0,1,38.74092102050781,-9.137680053710938,36,IN_TRANSIT_TO,2025-09-26 13:34:41,306,2442,29-AX-06,POINT (-9.137680053710938 38.74092102050781)
2703_746,5964_20250901_108_0_14,108_0,1,38.75067138671875,-9.201470375061035,5,IN_TRANSIT_TO,2025-09-26 13:34:37,10903,2703,92-XQ-24,POINT (-9.201470375061035 38.75067138671875)
2495_742,5768_20250901_114_0_6,114_0,1,38.732051849365234,-9.114450454711914,56,IN_TRANSIT_TO,2025-09-26 13:34:40,17569,2495,88-BL-69,POINT (-9.114450454711914 38.732051849365234)
6038_732,5038_20250901_107_0_6,107_0,0,38.704769134521484,-9.159049987792969,22,IN_TRANSIT_TO,2025-09-26 13:34:31,3902,6038,BG-46-LV,POINT (-9.159049987792969 38.704769134521484)
251_37B,18839_20250901_224_0_16,224_0,0,38.73429870605469,-9.125100135803223,17,IN_TRANSIT_TO,2025-09-26 13:34:42,8911,251,AF-87-NU,POINT (-9.125100135803223 38.73429870605469)
4833_736,18816_20250901_199_0_9,199_0,0,38.78715133666992,-9.171270370483398,27,IN_TRANSIT_TO,2025-09-26 13:34:32,7211,4833,20-VQ-65,POINT (-9.171270370483398 38.78715133666992)
2796_764,7142_20250901_168_0_12,168_0,0,38.74407958984375,-9.210920333862305,26,IN_TRANSIT_TO,2025-09-26 13:34:50,8824,2796,AJ-59-LI,POINT (-9.210920333862305 38.74407958984375)
4825_755,6702_20250901_118_0_11,118_0,1,38.754669189453125,-9.139120101928711,11,IN_TRANSIT_TO,2025-09-26 13:34:44,105,4825,20-VQ-72,POINT (-9.139120101928711 38.754669189453125)
2345_706,3235_20250901_147_0_5,147_0,1,38.72669982910156,-9.14490032196045,20,IN_TRANSIT_TO,2025-09-26 13:34:46,6610,2345,53-59-ZJ,POINT (-9.14490032196045 38.72669982910156)
2614_705,3180_20250901_176_0_12,176_0,1,38.7747688293457,-9.102919578552246,21,IN_TRANSIT_TO,2025-09-26 13:34:43,7812,2614,66-VI-24,POINT (-9.102919578552246 38.7747688293457)
2965_765,18944_20250901_110_0_32,110_0,1,38.75463104248047,-9.196100234985352,8,IN_TRANSIT_TO,2025-09-26 13:34:58,10909,2965,29-VM-97,POINT (-9.196100234985352 38.75463104248047)
6023_706,3266_20250901_147_0_10,147_0,0,38.70637893676758,-9.14721965789795,2,IN_TRANSIT_TO,2025-09-26 13:34:43,50339,6023,BF-03-BD,POINT (-9.14721965789795 38.70637893676758)
4815_748,6182_20250901_169_0_9,169_0,1,38.72325134277344,-9.17609977722168,6,IN_TRANSIT_TO,2025-09-26 13:34:41,14311,4815,34-VR-24,POINT (-9.17609977722168 38.72325134277344)
4821_736,5408_20250901_199_0_10,199_0,1,38.781700134277344,-9.164400100708008,7,IN_TRANSIT_TO,2025-09-26 13:34:47,7202,4821,20-VQ-68,POINT (-9.164400100708008 38.781700134277344)
2697_711,3475_20250901_101_0_11,101_0,0,38.71445083618164,-9.139650344848633,4,IN_TRANSIT_TO,2025-09-26 13:34:38,919,2697,90-XF-59,POINT (-9.139650344848633 38.71445083618164)
2601_759,6921_20250901_144_0_9,144_0,0,38.73643112182617,-9.113149642944336,19,IN_TRANSIT_TO,2025-09-26 13:34:16,17579,2601,04-VA-70,POINT (-9.113149642944336 38.73643112182617)
2264_731,5007_20250901_190_0_8,190_0,1,38.769081115722656,-9.118229866027832,16,IN_TRANSIT_TO,2025-09-26 13:34:23,7704,2264,76-90-ZG,POINT (-9.118229866027832 38.769081115722656)
6036_760,7095_20250901_171_0_4,171_0,1,38.7046012878418,-9.176619529724121,23,IN_TRANSIT_TO,2025-09-26 13:34:41,12119,6036,BG-90-LX,POINT (-9.176619529724121 38.7046012878418)
2706_754,6622_20250901_201_0_9,201_0,0,38.73604965209961,-9.209349632263184,33,IN_TRANSIT_TO,2025-09-26 13:34:44,8844,2706,92-XQ-46,POINT (-9.209349632263184 38.73604965209961)
2739_735,5232_20250901_172_0_2,172_0,1,38.71778106689453,-9.119150161743164,26,IN_TRANSIT_TO,2025-09-26 05:39:38,2104,2739,AG-31-EI,POINT (-9.119150161743164 38.71778106689453)
2602_781,7722_20250901_151_0_11,151_0,1,38.77056884765625,-9.10990047454834,10,IN_TRANSIT_TO,2025-09-26 13:34:25,7802,2602,16-VF-81,POINT (-9.10990047454834 38.77056884765625)
2653_705,3186_20250901_176_0_12,176_0,1,38.7452507019043,-9.135820388793945,0,IN_TRANSIT_TO,2025-09-26 13:34:56,,2653,05-VZ-52,POINT (-9.135820388793945 38.7452507019043)
4806_751,6514_20250901_109_0_11,109_0,1,38.7067985534668,-9.175230026245117,25,IN_TRANSIT_TO,2025-09-26 13:34:27,12105,4806,20-VQ-74,POINT (-9.175230026245117 38.7067985534668)
2988_797,8172_20250901_163_0_23,163_0,0,38.73183059692383,-9.12798023223877,4,IN_TRANSIT_TO,2025-09-26 13:34:47,502,2988,29-VM-94,POINT (-9.12798023223877 38.73183059692383)
4826_736,5319_20250901_199_0_11,199_0,0,38.72983169555664,-9.14723014831543,5,IN_TRANSIT_TO,2025-09-26 13:34:45,1701,4826,53-VR-05,POINT (-9.14723014831543 38.72983169555664)
2617_722,4127_20250901_196_0_10,196_0,1,38.742530822753906,-9.137999534606934,25,IN_TRANSIT_TO,2025-09-26 13:34:42,305,2617,66-VI-28,POINT (-9.137999534606934 38.742530822753906)
6005_706,3218_20250901_147_0_3,147_0,1,38.70650100708008,-9.150449752807617,32,IN_TRANSIT_TO,2025-09-26 13:34:46,3927,6005,81-ZC-91,POINT (-9.150449752807617 38.70650100708008)
2619_781,7747_20250901_151_0_10,151_0,0,38.75571823120117,-9.102620124816895,13,IN_TRANSIT_TO,2025-09-26 13:34:46,2316,2619,66-VI-37,POINT (-9.102620124816895 38.75571823120117)
6025_706,3260_20250901_147_0_10,147_0,0,38.72037124633789,-9.15369987487793,12,IN_TRANSIT_TO,2025-09-26 13:34:30,6811,6025,BF-92-AX,POINT (-9.15369987487793 38.72037124633789)
2704_750,6290_20250901_106_0_9,106_0,0,38.7590217590332,-9.113450050354004,7,IN_TRANSIT_TO,2025-09-26 13:34:39,8406,2704,92-XQ-18,POINT (-9.113450050354004 38.7590217590332)
283_734,5138_20250801_205_0_6,205_0,0,38.71443176269531,-9.123080253601074,16,IN_TRANSIT_TO,2025-08-07 08:52:19,2110,283,AI-49-OJ,POINT (-9.123080253601074 38.71443176269531)
6041_760,7105_20250901_171_0_7,171_0,0,38.713951110839844,-9.198129653930664,31,IN_TRANSIT_TO,2025-09-26 13:34:28,10315,6041,BG-20-LV,POINT (-9.198129653930664 38.713951110839844)
2989_774,7430_20250901_192_0_21,192_0,0,38.72037887573242,-9.155550003051758,8,IN_TRANSIT_TO,2025-09-26 13:34:54,6823,2989,29-VM-85,POINT (-9.155550003051758 38.72037887573242)
2642_749,59015_20250901_195_5_15,195_5,1,38.74810028076172,-9.14799976348877,3,IN_TRANSIT_TO,2025-09-26 13:34:51,2022,2642,75-VS-51,POINT (-9.14799976348877 38.74810028076172)
2724_723,4149_20250901_121_0_11,121_0,0,38.70669937133789,-9.216130256652832,24,IN_TRANSIT_TO,2025-09-26 13:34:31,12407,2724,92-XQ-40,POINT (-9.216130256652832 38.70669937133789)
273_61B,21530_20250901_241_0_17,241_0,0,38.72394943237305,-9.165650367736816,5,IN_TRANSIT_TO,2025-09-26 13:34:56,50504,273,AH-15-TB,POINT (-9.165650367736816 38.72394943237305)
2737_756,6713_20250901_175_0_14,175_0,0,38.73970031738281,-9.15172004699707,12,IN_TRANSIT_TO,2025-09-26 13:34:35,33102,2737,AG-45-EI,POINT (-9.15172004699707 38.73970031738281)
2721_746,5977_20250901_108_0_15,108_0,0,38.74953079223633,-9.192119598388672,17,IN_TRANSIT_TO,2025-09-26 13:34:36,10814,2721,92-XQ-37,POINT (-9.192119598388672 38.74953079223633)
2326_714,3640_20250901_102_0_11,102_0,0,38.706050872802734,-9.175729751586914,12,IN_TRANSIT_TO,2025-09-26 13:34:27,12110,2326,67-49-ZJ,POINT (-9.175729751586914 38.706050872802734)
2632_781,57699_20250901_151_0_10,151_0,1,38.734619140625,-9.104029655456543,23,IN_TRANSIT_TO,2025-09-26 13:34:13,12514,2632,52-VP-88,POINT (-9.104029655456543 38.734619140625)
6030_732,5093_20250901_107_0_7,107_0,1,38.713279724121094,-9.214599609375,2,IN_TRANSIT_TO,2025-09-26 13:34:50,10403,6030,BF-39-AU,POINT (-9.214599609375 38.713279724121094)
2618_759,6961_20250901_144_0_8,144_0,1,38.71004867553711,-9.135129928588867,44,IN_TRANSIT_TO,2025-09-26 13:34:43,4506,2618,66-VI-42,POINT (-9.135129928588867 38.71004867553711)
2646_742,5698_20250901_114_0_8,114_0,0,38.70487976074219,-9.186980247497559,43,IN_TRANSIT_TO,2025-09-26 13:34:34,12002,2646,75-VS-48,POINT (-9.186980247497559 38.70487976074219)
2993_52B,21661_20250901_244_0_12,244_0,0,38.73672103881836,-9.1496000289917,14,IN_TRANSIT_TO,2025-09-26 13:34:34,1811,2993,29-VM-93,POINT (-9.1496000289917 38.73672103881836)
2468_729,4810_20250901_104_0_8,104_0,1,38.69736862182617,-9.203630447387695,6,IN_TRANSIT_TO,2025-09-26 13:34:57,9603,2468,16-AZ-10,POINT (-9.203630447387695 38.69736862182617)
2664_764,7135_20250901_168_0_12,168_0,1,38.74705123901367,-9.222530364990234,2,IN_TRANSIT_TO,2025-09-26 13:34:42,3006,2664,05-VZ-68,POINT (-9.222530364990234 38.74705123901367)
2654_705,3195_20250901_176_0_12,176_0,0,38.781349182128906,-9.11886978149414,10,IN_TRANSIT_TO,2025-09-26 13:32:31,12603,2654,05-VZ-69,POINT (-9.11886978149414 38.781349182128906)
541_18E,12202_20250901_78_0_14,78_0,1,38.70623016357422,-9.155750274658203,18,IN_TRANSIT_TO,2025-09-26 13:34:25,3901,541,,POINT (-9.155750274658203 38.70623016357422)
2707_738,5553_20250901_117_0_9,117_0,0,38.74285125732422,-9.147120475769043,15,IN_TRANSIT_TO,2025-09-26 13:34:40,2020,2707,92-XQ-39,POINT (-9.147120475769043 38.74285125732422)
2612_744,5830_20250901_200_0_8,200_0,1,38.756370544433594,-9.13992977142334,18,IN_TRANSIT_TO,2025-09-26 13:34:30,11314,2612,66-VI-29,POINT (-9.13992977142334 38.756370544433594)
2736_756,6748_20250901_175_0_15,175_0,1,38.742130279541016,-9.141070365905762,15,IN_TRANSIT_TO,2025-09-26 13:34:52,1908,2736,AG-47-EI,POINT (-9.141070365905762 38.742130279541016)
6042_732,5062_20250901_107_0_7,107_0,0,38.74903106689453,-9.157870292663574,1,IN_TRANSIT_TO,2025-09-26 13:34:50,13506,6042,BG-97-LU,POINT (-9.157870292663574 38.74903106689453)
2635_722,4107_20250901_196_0_9,196_0,0,38.766719818115234,-9.128870010375977,20,IN_TRANSIT_TO,2025-09-26 13:34:46,7511,2635,52-VP-90,POINT (-9.128870010375977 38.766719818115234)
2258_758,6815_20250901_150_0_11,150_0,0,38.70668029785156,-9.14330005645752,16,IN_TRANSIT_TO,2025-09-26 13:34:47,2711,2258,53-58-ZJ,POINT (-9.14330005645752 38.70668029785156)
2996_55B,21534_20250901_240_0_17,240_0,0,38.75978088378906,-9.192230224609375,3,IN_TRANSIT_TO,2025-09-26 13:34:41,12822,2996,30-VM-03,POINT (-9.192230224609375 38.75978088378906)
2769_723,4183_20250901_121_0_12,121_0,1,38.71372985839844,-9.197480201721191,18,IN_TRANSIT_TO,2025-09-26 13:34:56,12928,2769,AH-19-ND,POINT (-9.197480201721191 38.71372985839844)
549_12E,11025_20250901_77_0_12,77_0,0,38.71044921875,-9.142250061035156,13,IN_TRANSIT_TO,2025-09-26 13:32:51,10514,549,,POINT (-9.142250061035156 38.71044921875)
2686_723,4136_20250901_121_0_11,121_0,0,38.69581985473633,-9.214969635009766,28,IN_TRANSIT_TO,2025-09-26 13:34:51,50385,2686,99-XE-58,POINT (-9.214969635009766 38.69581985473633)
2652_759,6981_20250901_144_0_10,144_0,1,38.775081634521484,-9.102519989013672,5,IN_TRANSIT_TO,2025-09-26 13:34:37,7908,2652,05-VZ-61,POINT (-9.102519989013672 38.775081634521484)
2620_781,7737_20250901_151_0_10,151_0,0,38.780548095703125,-9.11989974975586,25,IN_TRANSIT_TO,2025-09-26 13:34:33,12603,2620,66-VI-33,POINT (-9.11989974975586 38.780548095703125)
2829_753,6573_20250901_167_0_17,167_0,0,38.72570037841797,-9.150930404663086,3,IN_TRANSIT_TO,2025-09-26 13:34:40,1202,2829,BF-58-FZ,POINT (-9.150930404663086 38.72570037841797)
503_15E,11228_20250901_76_0_11,76_0,0,38.69721984863281,-9.205100059509277,17,IN_TRANSIT_TO,2025-09-26 13:34:33,9610,503,,POINT (-9.205100059509277 38.69721984863281)
2621_759,6970_20250901_144_0_8,144_0,1,38.74388122558594,-9.113419532775879,25,IN_TRANSIT_TO,2025-09-26 13:34:46,3706,2621,66-VI-45,POINT (-9.113419532775879 38.74388122558594)
2622_744,5841_20250901_200_0_9,200_0,0,38.767818450927734,-9.1287202835083,18,IN_TRANSIT_TO,2025-09-26 13:34:53,7601,2622,66-VI-21,POINT (-9.1287202835083 38.767818450927734)
263_61B,21520_20250901_241_0_17,241_0,1,38.736778259277344,-9.168600082397461,3,IN_TRANSIT_TO,2025-09-26 13:34:35,2720,263,AG-26-NH,POINT (-9.168600082397461 38.736778259277344)
2649_755,6682_20250901_118_0_10,118_0,0,38.75672912597656,-9.112899780273438,15,IN_TRANSIT_TO,2025-09-26 13:34:42,24370,2649,75-VS-42,POINT (-9.112899780273438 38.75672912597656)
2656_759,6973_20250901_144_0_10,144_0,1,38.758419036865234,-9.112420082092285,19,IN_TRANSIT_TO,2025-09-26 13:34:53,8413,2656,05-VZ-53,POINT (-9.112420082092285 38.758419036865234)
2975_34B,19141_20250901_226_0_9,226_0,0,38.74232864379883,-9.116820335388184,36,IN_TRANSIT_TO,2025-09-26 13:34:50,3604,2975,30-VM-11,POINT (-9.116820335388184 38.74232864379883)
2985_730,4949_20250901_198_0_12,198_0,0,38.730350494384766,-9.145380020141602,25,IN_TRANSIT_TO,2025-09-26 13:34:49,1707,2985,30-VM-14,POINT (-9.145380020141602 38.730350494384766)
2701_751,6520_20250901_109_0_9,109_0,1,38.70547866821289,-9.176329612731934,25,IN_TRANSIT_TO,2025-09-26 13:34:37,12105,2701,92-XQ-35,POINT (-9.176329612731934 38.70547866821289)
551_24E,17842_20250901_213_0_21,213_0,1,38.71076965332031,-9.143070220947266,10,IN_TRANSIT_TO,2025-09-26 13:34:00,10504,551,,POINT (-9.143070220947266 38.71076965332031)
2990_730,4967_20250901_198_0_14,198_0,0,38.73112106323242,-9.127829551696777,12,IN_TRANSIT_TO,2025-09-26 13:34:49,7004,2990,30-VM-06,POINT (-9.127829551696777 38.73112106323242)
2711_711,3484_20250901_101_0_8,101_0,1,38.70827102661133,-9.136899948120117,33,IN_TRANSIT_TO,2025-09-26 13:34:29,5510,2711,92-XQ-44,POINT (-9.136899948120117 38.70827102661133)
2976_34B,19151_20250901_226_0_9,226_0,0,38.74692916870117,-9.118069648742676,3,IN_TRANSIT_TO,2025-09-26 13:34:26,3613,2976,30-VM-00,POINT (-9.118069648742676 38.74692916870117)
2616_781,7756_20250901_151_0_11,151_0,0,38.708431243896484,-9.136280059814453,3,IN_TRANSIT_TO,2025-09-26 13:34:40,5501,2616,66-VI-44,POINT (-9.136280059814453 38.708431243896484)
2702_754,6609_20250901_201_0_10,201_0,1,38.74407958984375,-9.177669525146484,26,IN_TRANSIT_TO,2025-09-26 13:34:43,10703,2702,92-XQ-21,POINT (-9.177669525146484 38.74407958984375)
2980_797,8161_20250901_163_0_29,163_0,1,38.729949951171875,-9.130929946899414,5,IN_TRANSIT_TO,2025-09-26 13:34:26,50395,2980,29-VM-90,POINT (-9.130929946899414 38.729949951171875)
2663_714,3697_20240914_102_0_16,102_0,1,38.72127151489258,-9.221500396728516,4,IN_TRANSIT_TO,2024-10-22 20:26:58,18703,2663,05-VZ-62,POINT (-9.221500396728516 38.72127151489258)
2659_713,3614_20250901_122_0_8,122_0,1,38.71207809448242,-9.156970024108887,17,IN_TRANSIT_TO,2025-09-26 13:34:53,10004,2659,05-VZ-57,POINT (-9.156970024108887 38.71207809448242)
576_28E,15012_20250901_75_0_7,75_0,1,38.71242141723633,-9.13051986694336,23,IN_TRANSIT_TO,2025-09-26 13:34:52,13811,576,,POINT (-9.13051986694336 38.71242141723633)
2685_754,6592_20250901_201_0_11,201_0,0,38.742801666259766,-9.146699905395508,3,IN_TRANSIT_TO,2025-09-26 13:34:50,1903,2685,93-XA-46,POINT (-9.146699905395508 38.742801666259766)
6043_732,5057_20250901_107_0_7,107_0,0,38.72610092163086,-9.150079727172852,12,IN_TRANSIT_TO,2025-09-26 13:34:56,1202,6043,BG-93-LT,POINT (-9.150079727172852 38.72610092163086)
554_25E,14252_20250901_79_0_14,79_0,0,38.71046829223633,-9.161879539489746,10,IN_TRANSIT_TO,2025-09-26 13:34:46,10016,554,,POINT (-9.161879539489746 38.71046829223633)
1714_701,2978_20250901_123_0_14,123_0,0,38.74869918823242,-9.148870468139648,5,IN_TRANSIT_TO,2025-09-26 13:34:56,2006,1714,69-AL-77,POINT (-9.148870468139648 38.74869918823242)
545_28E,14960_20250901_75_0_8,75_0,0,38.72071838378906,-9.130080223083496,7,IN_TRANSIT_TO,2025-09-26 13:34:43,9129,545,,POINT (-9.130080223083496 38.72071838378906)
580_25E,14263_20250901_79_0_15,79_0,1,38.713531494140625,-9.159549713134766,6,IN_TRANSIT_TO,2025-09-26 13:34:41,8111,580,,POINT (-9.159549713134766 38.713531494140625)
505_15E,11254_20250901_76_0_11,76_0,0,38.7100715637207,-9.135820388793945,1,IN_TRANSIT_TO,2025-09-26 13:34:44,50620,505,,POINT (-9.135820388793945 38.7100715637207)
2963_71B,45266_20250901_278_0_10,278_0,0,38.75407028198242,-9.197319984436035,27,IN_TRANSIT_TO,2025-09-26 13:34:43,10909,2963,29-VM-88,POINT (-9.197319984436035 38.75407028198242)
404_19B,62308_20250901_245_0_8,245_0,0,38.715370178222656,-9.14175033569336,18,IN_TRANSIT_TO,2025-09-26 13:34:56,50245,404,BF-14-TQ,POINT (-9.14175033569336 38.715370178222656)
265_67B,28216_20250901_253_0_10,253_0,0,38.71107864379883,-9.153650283813477,23,IN_TRANSIT_TO,2025-09-26 13:23:38,6701,265,AG-40-OV,POINT (-9.153650283813477 38.71107864379883)
2708_723,4182_20250901_121_0_9,121_0,1,38.7222785949707,-9.171669960021973,25,IN_TRANSIT_TO,2025-09-26 13:34:46,50324,2708,92-XQ-32,POINT (-9.171669960021973 38.7222785949707)
2644_718,3937_20250901_105_0_13,105_0,1,38.72751998901367,-9.119549751281738,10,IN_TRANSIT_TO,2025-09-26 13:34:31,11704,2644,87-VS-52,POINT (-9.119549751281738 38.72751998901367)
2662_754,6615_20250901_201_0_10,201_0,1,38.74089813232422,-9.20989990234375,13,IN_TRANSIT_TO,2025-09-26 13:34:44,8819,2662,05-VZ-51,POINT (-9.20989990234375 38.74089813232422)
507_15E,11303_20250901_76_0_10,76_0,1,38.70439910888672,-9.17477035522461,14,IN_TRANSIT_TO,2025-09-26 13:34:35,12115,507,,POINT (-9.17477035522461 38.70439910888672)
2977_774,7467_20250901_192_0_15,192_0,0,38.727230072021484,-9.144220352172852,12,IN_TRANSIT_TO,2025-09-26 13:34:33,6609,2977,30-VM-21,POINT (-9.144220352172852 38.727230072021484)
572_28E,14934_20250901_75_0_10,75_0,0,38.708499908447266,-9.139599800109863,17,IN_TRANSIT_TO,2025-09-26 13:33:07,5604,572,,POINT (-9.139599800109863 38.708499908447266)
264_67B,28217_20250901_253_0_10,253_0,0,38.70808029174805,-9.1737699508667,11,IN_TRANSIT_TO,2025-09-26 13:34:57,9425,264,AG-42-OV,POINT (-9.1737699508667 38.70808029174805)
4824_736,18817_20250901_199_0_11,199_0,0,38.77315139770508,-9.161279678344727,20,IN_TRANSIT_TO,2025-09-26 13:34:56,5907,4824,34-VR-19,POINT (-9.161279678344727 38.77315139770508)
2778_727,4463_20250901_103_0_7,103_0,0,38.71017837524414,-9.153499603271484,20,IN_TRANSIT_TO,2025-09-26 13:34:36,6702,2778,AI-03-BT,POINT (-9.153499603271484 38.71017837524414)
2641_722,4129_20250901_196_0_9,196_0,1,38.781070709228516,-9.111780166625977,5,IN_TRANSIT_TO,2025-09-26 13:34:33,12615,2641,75-VS-49,POINT (-9.111780166625977 38.781070709228516)
555_25E,14260_20250901_79_0_15,79_0,1,38.70682144165039,-9.155500411987305,14,IN_TRANSIT_TO,2025-09-26 13:34:34,3913,555,,POINT (-9.155500411987305 38.70682144165039)
4817_728,4589_20250901_204_0_9,204_0,1,38.71002960205078,-9.12837028503418,30,IN_TRANSIT_TO,2025-09-26 13:34:43,8204,4817,00-VV-37,POINT (-9.12837028503418 38.71002960205078)
2987_45B,45280_20250901_277_0_12,277_0,0,38.76171875,-9.163869857788086,13,IN_TRANSIT_TO,2025-09-26 13:34:35,5823,2987,29-VM-99,POINT (-9.163869857788086 38.76171875)
575_28E,14895_20250901_75_0_8,75_0,0,38.71553039550781,-9.164019584655762,31,IN_TRANSIT_TO,2025-09-26 13:34:40,8108,575,,POINT (-9.164019584655762 38.71553039550781)
2660_714,3689_20250901_102_0_8,102_0,1,38.704349517822266,-9.166000366210938,31,IN_TRANSIT_TO,2025-09-26 13:34:40,10209,2660,05-VZ-60,POINT (-9.166000366210938 38.704349517822266)
2655_744,5849_20250901_200_0_8,200_0,0,38.75703048706055,-9.139080047607422,14,IN_TRANSIT_TO,2025-09-26 13:34:29,11315,2655,05-VZ-67,POINT (-9.139080047607422 38.75703048706055)
4807_728,4609_20250901_204_0_9,204_0,1,38.743900299072266,-9.101420402526855,19,IN_TRANSIT_TO,2025-09-26 13:34:35,12504,4807,20-VQ-69,POINT (-9.101420402526855 38.743900299072266)
2650_744,5838_20250901_200_0_10,200_0,1,38.76702880859375,-9.098830223083496,6,IN_TRANSIT_TO,2025-09-26 13:34:32,7825,2650,75-VS-50,POINT (-9.098830223083496 38.76702880859375)
2740_798,8198_20250901_194_0_18,194_0,1,38.787750244140625,-9.14680004119873,3,IN_TRANSIT_TO,2025-09-26 13:34:46,6001,2740,AG-43-EI,POINT (-9.14680004119873 38.787750244140625)
2630_722,4121_20250901_196_0_9,196_0,1,38.72050094604492,-9.14579963684082,32,IN_TRANSIT_TO,2025-09-26 13:34:28,1206,2630,52-VP-89,POINT (-9.14579963684082 38.72050094604492)
2744_755,6654_20250901_118_0_10,118_0,0,38.75090026855469,-9.158869743347168,36,IN_TRANSIT_TO,2025-09-26 13:34:39,5701,2744,AG-13-TH,POINT (-9.158869743347168 38.75090026855469)
2720_746,5993_20250901_108_0_10,108_0,1,38.7252311706543,-9.14894962310791,25,IN_TRANSIT_TO,2025-09-26 13:34:33,1212,2720,92-XQ-28,POINT (-9.14894962310791 38.7252311706543)
2645_759,6896_20250901_144_0_7,144_0,0,38.76287078857422,-9.113750457763672,29,IN_TRANSIT_TO,2025-09-26 13:34:01,8414,2645,87-VS-49,POINT (-9.113750457763672 38.76287078857422)
262_734,5133_20250901_205_0_19,205_0,0,38.72208023071289,-9.135370254516602,3,IN_TRANSIT_TO,2025-09-26 13:32:50,701,262,AF-49-ZD,POINT (-9.135370254516602 38.72208023071289)
4635_783,7835_20250901_203_0_10,203_0,1,38.74251937866211,-9.146849632263184,21,IN_TRANSIT_TO,2025-09-26 13:34:51,2019,4635,90-JI-95,POINT (-9.146849632263184 38.74251937866211)
2715_709,3412_20250901_148_0_17,148_0,1,38.714298248291016,-9.169870376586914,0,IN_TRANSIT_TO,2025-09-26 13:34:50,,2715,92-XQ-22,POINT (-9.169870376586914 38.714298248291016)
2966_71B,45267_20250901_278_0_10,278_0,0,38.74266815185547,-9.20186996459961,9,IN_TRANSIT_TO,2025-09-26 13:34:44,2814,2966,30-VM-20,POINT (-9.20186996459961 38.74266815185547)
2731_783,7854_20250901_203_0_11,203_0,0,38.76337814331055,-9.129249572753906,18,IN_TRANSIT_TO,2025-09-26 13:34:53,7513,2731,AG-49-EI,POINT (-9.129249572753906 38.76337814331055)
2719_711,3517_20250901_101_0_9,101_0,0,38.745948791503906,-9.217430114746094,28,IN_TRANSIT_TO,2025-09-26 13:34:36,3014,2719,92-XQ-17,POINT (-9.217430114746094 38.745948791503906)
2631_744,5850_20250901_200_0_9,200_0,0,38.73316955566406,-9.14525032043457,5,IN_TRANSIT_TO,2025-09-26 13:34:15,1713,2631,52-VP-80,POINT (-9.14525032043457 38.73316955566406)
2722_711,3501_20250901_101_0_10,101_0,1,38.724151611328125,-9.160699844360352,27,IN_TRANSIT_TO,2025-09-26 13:34:11,8502,2722,92-XQ-36,POINT (-9.160699844360352 38.724151611328125)
2972_79B,18671_20250901_221_0_9,221_0,0,38.698951721191406,-9.227049827575684,40,IN_TRANSIT_TO,2025-09-26 13:34:42,4208,2972,29-VM-96,POINT (-9.227049827575684 38.698951721191406)
6045_732,5088_20250901_107_0_5,107_0,1,38.704078674316406,-9.160799980163574,25,IN_TRANSIT_TO,2025-09-26 13:34:53,3905,6045,BH-32-IQ,POINT (-9.160799980163574 38.704078674316406)
2247_758,6885_20250901_150_0_11,150_0,0,38.74909973144531,-9.191049575805664,26,IN_TRANSIT_TO,2025-09-26 13:34:47,10814,2247,22-34-ZB,POINT (-9.191049575805664 38.74909973144531)
2428_716,3744_20250901_164_0_13,164_0,0,38.74776840209961,-9.190799713134766,19,IN_TRANSIT_TO,2025-09-26 13:34:12,10826,2428,29-AX-13,POINT (-9.190799713134766 38.74776840209961)
2310_742,5783_20250901_114_0_8,114_0,1,38.702999114990234,-9.179780006408691,19,IN_TRANSIT_TO,2025-09-26 13:34:55,12107,2310,83-07-ZM,POINT (-9.179780006408691 38.702999114990234)
2489_726,4350_20250901_116_0_9,116_0,0,38.74216842651367,-9.167130470275879,18,IN_TRANSIT_TO,2025-09-26 13:34:20,1621,2489,55-BH-05,POINT (-9.167130470275879 38.74216842651367)
2402_765,7176_20250901_110_0_31,110_0,0,38.75537872314453,-9.204830169677734,7,IN_TRANSIT_TO,2025-09-26 13:34:37,13702,2402,50-AL-13,POINT (-9.204830169677734 38.75537872314453)
2443_716,3753_20250901_164_0_14,164_0,1,38.73664855957031,-9.134149551391602,25,IN_TRANSIT_TO,2025-09-26 13:34:41,406,2443,29-AX-05,POINT (-9.134149551391602 38.73664855957031)
6044_706,3241_20250901_147_0_11,147_0,1,38.71342086791992,-9.12285041809082,0,IN_TRANSIT_TO,2025-09-26 13:34:50,,6044,BG-87-LX,POINT (-9.12285041809082 38.71342086791992)
2341_768,7319_20250901_111_0_14,111_0,1,38.75027847290039,-9.158320426940918,22,IN_TRANSIT_TO,2025-09-26 13:34:45,13509,2341,67-50-ZJ,POINT (-9.158320426940918 38.75027847290039)
2780_727,4552_20250901_103_0_8,103_0,1,38.69858169555664,-9.187600135803223,15,IN_TRANSIT_TO,2025-09-26 13:34:46,9507,2780,AI-06-BT,POINT (-9.187600135803223 38.69858169555664)
2994_45B,49562_20250901_277_0_12,277_0,1,38.762569427490234,-9.156800270080566,15,IN_TRANSIT_TO,2025-09-26 13:34:57,5807,2994,29-VM-91,POINT (-9.156800270080566 38.762569427490234)
2471_726,4295_20250901_116_0_8,116_0,1,38.73828125,-9.162280082702637,18,IN_TRANSIT_TO,2025-09-26 13:34:42,1602,2471,74-BC-70,POINT (-9.162280082702637 38.73828125)
2404_703,3158_20250901_165_0_10,165_0,1,38.7559814453125,-9.18554973602295,9,IN_TRANSIT_TO,2025-09-26 13:34:40,10813,2404,50-AL-11,POINT (-9.18554973602295 38.7559814453125)
2246_758,6877_20250901_150_0_9,150_0,0,38.7504997253418,-9.196900367736816,27,IN_TRANSIT_TO,2025-09-26 13:34:06,10802,2246,22-38-ZB,POINT (-9.196900367736816 38.7504997253418)
2304_794,8101_20250901_115_0_10,115_0,1,38.70856857299805,-9.131070137023926,38,IN_TRANSIT_TO,2025-09-26 13:34:46,8202,2304,83-10-ZM,POINT (-9.131070137023926 38.70856857299805)
2709_738,5550_20250901_117_0_9,117_0,0,38.73957061767578,-9.146220207214355,16,IN_TRANSIT_TO,2025-09-26 13:34:40,1906,2709,92-XQ-42,POINT (-9.146220207214355 38.73957061767578)
2244_758,6860_20250901_150_0_10,150_0,1,38.73672866821289,-9.16781997680664,16,IN_TRANSIT_TO,2025-09-26 13:34:32,2718,2244,22-44-ZB,POINT (-9.16781997680664 38.73672866821289)
2714_711,3454_20250901_101_0_10,101_0,0,38.73215103149414,-9.189749717712402,12,IN_TRANSIT_TO,2025-09-26 13:34:51,8703,2714,92-XQ-38,POINT (-9.189749717712402 38.73215103149414)
2822_753,6541_20250901_167_0_16,167_0,1,38.72943115234375,-9.143400192260742,8,IN_TRANSIT_TO,2025-09-26 13:34:30,6601,2822,BF-54-FZ,POINT (-9.143400192260742 38.72943115234375)
2286_799,8211_20250901_120_0_17,120_0,1,38.73653030395508,-9.22052001953125,5,IN_TRANSIT_TO,2025-09-26 13:34:41,18121,2286,67-42-ZJ,POINT (-9.22052001953125 38.73653030395508)
2299_798,8202_20250901_194_0_19,194_0,0,38.779781341552734,-9.148500442504883,12,IN_TRANSIT_TO,2025-09-26 13:34:31,11509,2299,83-14-ZM,POINT (-9.148500442504883 38.779781341552734)
2293_724,4191_20250901_178_0_14,178_0,1,38.76018142700195,-9.20145034790039,2,IN_TRANSIT_TO,2025-09-26 13:34:43,13911,2293,92-57-ZM,POINT (-9.20145034790039 38.76018142700195)
2478_726,4273_20250901_116_0_9,116_0,0,38.723880767822266,-9.132019996643066,3,IN_TRANSIT_TO,2025-09-26 13:34:32,601,2478,91-BE-80,POINT (-9.132019996643066 38.723880767822266)
2496_735,5206_20250901_172_0_10,172_0,1,38.71726989746094,-9.119680404663086,26,IN_TRANSIT_TO,2025-09-26 13:34:25,2104,2496,88-BL-70,POINT (-9.119680404663086 38.71726989746094)
4621_755,6694_20250901_118_0_11,118_0,1,38.746421813964844,-9.104880332946777,37,IN_TRANSIT_TO,2025-09-26 13:34:56,2209,4621,90-JI-90,POINT (-9.104880332946777 38.746421813964844)
2815_718,3978_20250901_105_0_12,105_0,0,38.73981857299805,-9.102849960327148,12,IN_TRANSIT_TO,2025-09-26 13:34:48,12512,2815,90-II-55,POINT (-9.102849960327148 38.73981857299805)
4647_728,4706_20250901_204_0_8,204_0,0,38.701499938964844,-9.17609977722168,13,IN_TRANSIT_TO,2025-09-26 13:34:31,9501,4647,02-JN-88,POINT (-9.17609977722168 38.701499938964844)
1749_735,5191_20250901_172_0_8,172_0,1,38.707801818847656,-9.139269828796387,33,IN_TRANSIT_TO,2025-09-26 13:34:42,5504,1749,92-HR-06,POINT (-9.139269828796387 38.707801818847656)
2970_72B,45275_20250901_279_0_11,279_0,0,38.742549896240234,-9.20403003692627,14,IN_TRANSIT_TO,2025-09-26 13:34:20,8814,2970,29-VM-87,POINT (-9.20403003692627 38.742549896240234)
2813_718,3994_20250901_105_0_11,105_0,1,38.73775100708008,-9.102970123291016,19,IN_TRANSIT_TO,2025-09-26 13:34:45,12505,2813,90-II-53,POINT (-9.102970123291016 38.73775100708008)
1747_717,3845_20250901_170_0_10,170_0,1,38.74869918823242,-9.132100105285645,33,IN_TRANSIT_TO,2025-09-26 13:34:32,11204,1747,92-HR-04,POINT (-9.132100105285645 38.74869918823242)
2969_774,7450_20250901_192_0_18,192_0,1,38.72119903564453,-9.163370132446289,11,IN_TRANSIT_TO,2025-09-26 13:34:44,8025,2969,30-VM-09,POINT (-9.163370132446289 38.72119903564453)
2971_770,7364_20250901_191_0_15,191_0,0,38.74042892456055,-9.17827033996582,7,IN_TRANSIT_TO,2025-09-26 13:34:28,10719,2971,29-VM-98,POINT (-9.17827033996582 38.74042892456055)
2803_718,3959_20250901_105_0_13,105_0,1,38.73741912841797,-9.133819580078125,3,IN_TRANSIT_TO,2025-09-26 13:34:30,404,2803,01-IH-92,POINT (-9.133819580078125 38.73741912841797)
2968_774,7457_20250901_192_0_20,192_0,1,38.72291946411133,-9.149169921875,5,IN_TRANSIT_TO,2025-09-26 13:34:51,1211,2968,30-VM-24,POINT (-9.149169921875 38.72291946411133)
2453_726,4264_20250901_116_0_11,116_0,0,38.737098693847656,-9.147080421447754,11,IN_TRANSIT_TO,2025-09-26 13:34:33,1811,2453,16-AZ-13,POINT (-9.147080421447754 38.737098693847656)
4831_736,5399_20250901_199_0_10,199_0,1,38.75394821166992,-9.15250015258789,16,IN_TRANSIT_TO,2025-09-26 13:34:27,5704,4831,20-VQ-61,POINT (-9.15250015258789 38.75394821166992)
1753_755,6663_20250901_118_0_9,118_0,0,38.75413131713867,-9.144379615783691,33,IN_TRANSIT_TO,2025-09-26 13:34:29,103,1753,34-HU-19,POINT (-9.144379615783691 38.75413131713867)
1750_717,3781_20250901_170_0_8,170_0,0,38.7777214050293,-9.147520065307617,29,IN_TRANSIT_TO,2025-09-26 13:34:30,11511,1750,92-HR-07,POINT (-9.147520065307617 38.7777214050293)
2816_718,3975_20250901_105_0_12,105_0,0,38.7304801940918,-9.1254301071167,25,IN_TRANSIT_TO,2025-09-26 13:34:33,7013,2816,90-II-56,POINT (-9.1254301071167 38.7304801940918)
1752_717,3844_20250901_170_0_10,170_0,1,38.74871826171875,-9.132200241088867,34,IN_TRANSIT_TO,2025-09-26 13:34:43,7302,1752,34-HU-18,POINT (-9.132200241088867 38.74871826171875)
2700_727,4515_20250901_103_0_7,103_0,1,38.74734878540039,-9.136630058288574,47,IN_TRANSIT_TO,2025-09-26 13:34:53,11210,2700,92-XQ-26,POINT (-9.136630058288574 38.74734878540039)
2311_708,3276_20250901_100_0_10,100_0,0,38.78647994995117,-9.09708023071289,36,IN_TRANSIT_TO,2025-09-26 13:34:28,50300,2311,72-23-XN,POINT (-9.09708023071289 38.78647994995117)
2410_778,18640_20250901_179_0_18,179_0,1,38.759849548339844,-9.192070007324219,3,IN_TRANSIT_TO,2025-09-26 13:34:49,12822,2410,92-AO-46,POINT (-9.192070007324219 38.759849548339844)
2777_764,7158_20250901_168_0_12,168_0,0,38.750179290771484,-9.15999984741211,2,IN_TRANSIT_TO,2025-09-26 13:34:57,13507,2777,AI-01-BT,POINT (-9.15999984741211 38.750179290771484)
2734_720,4101_20250901_143_0_9,143_0,0,38.71147918701172,-9.16415023803711,20,IN_TRANSIT_TO,2025-09-26 13:34:54,8102,2734,AG-50-EI,POINT (-9.16415023803711 38.71147918701172)
2790_738,5512_20250901_117_0_10,117_0,1,38.70444869995117,-9.175370216369629,5,IN_TRANSIT_TO,2025-09-26 13:34:29,12101,2790,AI-54-TL,POINT (-9.175370216369629 38.70444869995117)
2756_720,4086_20250901_143_0_11,143_0,1,38.73862838745117,-9.127280235290527,29,IN_TRANSIT_TO,2025-09-26 13:30:37,9006,2756,AH-27-ND,POINT (-9.127280235290527 38.73862838745117)
2450_799,8222_20250901_120_0_14,120_0,0,38.75175094604492,-9.197319984436035,3,IN_TRANSIT_TO,2025-09-26 13:34:55,10911,2450,44-BC-36,POINT (-9.197319984436035 38.75175094604492)
301_708,3365_20250901_100_0_11,100_0,1,38.786048889160156,-9.096870422363281,6,IN_TRANSIT_TO,2025-09-26 13:34:09,50305,301,74-SM-62,POINT (-9.096870422363281 38.786048889160156)
2483_729,4788_20250901_104_0_9,104_0,1,38.7224006652832,-9.196680068969727,20,IN_TRANSIT_TO,2025-09-26 13:34:17,21302,2483,74-BC-66,POINT (-9.196680068969727 38.7224006652832)
2499_720,4094_20250901_143_0_12,143_0,1,38.71337127685547,-9.161879539489746,11,IN_TRANSIT_TO,2025-09-26 13:34:30,8101,2499,03-BM-58,POINT (-9.161879539489746 38.71337127685547)
2300_40B,17558_20250901_212_0_13,212_0,1,38.79167938232422,-9.1451997756958,21,IN_TRANSIT_TO,2025-09-26 13:34:28,50393,2300,83-13-ZM,POINT (-9.1451997756958 38.79167938232422)
1721_796,8127_20250901_174_0_24,174_0,1,38.79267883300781,-9.156020164489746,4,IN_TRANSIT_TO,2025-09-26 13:34:53,11607,1721,25-AS-33,POINT (-9.156020164489746 38.79267883300781)
2797_738,5572_20250901_117_0_10,117_0,1,38.717079162597656,-9.157730102539062,12,IN_TRANSIT_TO,2025-09-26 13:34:42,8103,2797,AJ-57-LI,POINT (-9.157730102539062 38.717079162597656)
2759_712,3525_20250901_189_0_9,189_0,0,38.71820068359375,-9.127679824829102,6,IN_TRANSIT_TO,2025-09-26 13:34:38,9119,2759,AH-21-ND,POINT (-9.127679824829102 38.71820068359375)
1705_717,3800_20250901_170_0_11,170_0,0,38.77388000488281,-9.161149978637695,20,IN_TRANSIT_TO,2025-09-26 13:34:55,5905,1705,69-AL-68,POINT (-9.161149978637695 38.77388000488281)
2745_708,3358_20250901_100_0_9,100_0,1,38.767330169677734,-9.097979545593262,14,IN_TRANSIT_TO,2025-09-26 13:34:36,7822,2745,AG-06-TH,POINT (-9.097979545593262 38.767330169677734)
2754_742,5731_20250901_114_0_8,114_0,0,38.73133087158203,-9.156000137329102,26,IN_TRANSIT_TO,2025-09-26 13:34:43,1405,2754,AG-01-TH,POINT (-9.156000137329102 38.73133087158203)
2243_731,4974_20250901_190_0_6,190_0,1,38.73944854736328,-9.167519569396973,35,IN_TRANSIT_TO,2025-09-26 13:18:23,1620,2243,22-36-ZB,POINT (-9.167519569396973 38.73944854736328)
4628_796,8144_20250901_174_0_25,174_0,0,38.779571533203125,-9.164119720458984,7,IN_TRANSIT_TO,2025-09-26 13:34:48,5923,4628,27-JO-10,POINT (-9.164119720458984 38.779571533203125)
1770_794,8035_20250901_115_0_8,115_0,1,38.75197982788086,-9.1048002243042,6,IN_TRANSIT_TO,2025-09-26 13:34:41,2312,1770,63-HX-17,POINT (-9.1048002243042 38.75197982788086)
1710_783,7809_20250901_203_0_11,203_0,0,38.736148834228516,-9.145350456237793,7,IN_TRANSIT_TO,2025-09-26 13:34:07,1807,1710,69-AL-73,POINT (-9.145350456237793 38.736148834228516)
2480_767,7184_20250901_112_0_7,112_0,0,38.75941848754883,-9.179869651794434,26,IN_TRANSIT_TO,2025-09-26 13:34:43,12828,2480,91-BE-75,POINT (-9.179869651794434 38.75941848754883)
2252_758,6848_20250901_150_0_10,150_0,1,38.712581634521484,-9.143150329589844,31,IN_TRANSIT_TO,2025-09-26 13:34:46,10504,2252,80-40-ZE,POINT (-9.143150329589844 38.712581634521484)
2767_723,4158_20250901_121_0_11,121_0,0,38.71371841430664,-9.197219848632812,15,IN_TRANSIT_TO,2025-09-26 13:34:36,12928,2767,AH-34-ND,POINT (-9.197219848632812 38.71371841430664)
403_10B,21749_20250901_242_0_16,242_0,0,38.71038055419922,-9.131699562072754,3,IN_TRANSIT_TO,2025-09-26 13:34:39,13801,403,BF-84-TA,POINT (-9.131699562072754 38.71038055419922)
2482_767,7294_20250901_112_0_8,112_0,1,38.74977111816406,-9.1939697265625,15,IN_TRANSIT_TO,2025-09-26 13:34:52,10835,2482,55-BH-02,POINT (-9.1939697265625 38.74977111816406)
2801_725,4239_20250901_197_0_23,197_0,0,38.786598205566406,-9.123749732971191,12,IN_TRANSIT_TO,2025-09-26 13:28:42,16305,2801,38-HU-27,POINT (-9.123749732971191 38.786598205566406)
2666_764,7151_20250901_168_0_10,168_0,0,38.75893020629883,-9.180649757385254,10,IN_TRANSIT_TO,2025-09-26 13:34:56,13606,2666,87-XB-39,POINT (-9.180649757385254 38.75893020629883)
2470_767,7201_20250901_112_0_7,112_0,0,38.7601203918457,-9.175219535827637,24,IN_TRANSIT_TO,2025-09-26 13:34:42,50015,2470,74-BC-71,POINT (-9.175219535827637 38.7601203918457)
1762_717,3822_20250901_170_0_11,170_0,0,38.74851989746094,-9.130880355834961,5,IN_TRANSIT_TO,2025-09-26 13:34:43,313,1762,63-HX-32,POINT (-9.130880355834961 38.74851989746094)
2433_747,6079_20250901_177_0_14,177_0,1,38.766971588134766,-9.165749549865723,17,IN_TRANSIT_TO,2025-09-26 13:34:35,50008,2433,44-BC-28,POINT (-9.165749549865723 38.766971588134766)
2239_768,7341_20250901_111_0_15,111_0,1,38.76599884033203,-9.198320388793945,3,IN_TRANSIT_TO,2025-09-26 13:34:31,14111,2239,06-30-XX,POINT (-9.198320388793945 38.76599884033203)
2344_771,39065_20250901_248_0_13,248_0,1,38.7128791809082,-9.195520401000977,8,IN_TRANSIT_TO,2025-09-26 13:34:46,50140,2344,53-60-ZJ,POINT (-9.195520401000977 38.7128791809082)
2322_712,3550_20250901_189_0_12,189_0,1,38.72468185424805,-9.15073013305664,15,IN_TRANSIT_TO,2025-09-26 13:34:56,1212,2322,67-46-ZJ,POINT (-9.15073013305664 38.72468185424805)
2412_747,6110_20250901_177_0_14,177_0,0,38.763328552246094,-9.19771957397461,20,IN_TRANSIT_TO,2025-09-26 13:34:47,13909,2412,92-AO-48,POINT (-9.19771957397461 38.763328552246094)
2774_727,4441_20250901_103_0_7,103_0,0,38.697418212890625,-9.20376968383789,36,IN_TRANSIT_TO,2025-09-26 13:34:30,4112,2774,AH-22-ND,POINT (-9.20376968383789 38.697418212890625)
2268_760,7044_20250901_171_0_5,171_0,0,38.70867919921875,-9.135470390319824,11,IN_TRANSIT_TO,2025-09-26 13:33:51,3820,2268,76-87-ZG,POINT (-9.135470390319824 38.70867919921875)
1771_735,5283_20250901_172_0_9,172_0,0,38.726619720458984,-9.128219604492188,14,IN_TRANSIT_TO,2025-09-26 13:34:51,9107,1771,63-HX-27,POINT (-9.128219604492188 38.726619720458984)
202_46B,21499_20250901_239_0_10,239_0,0,38.759521484375,-9.149230003356934,17,IN_TRANSIT_TO,2025-09-26 13:30:05,50498,202,89-58-XD,POINT (-9.149230003356934 38.759521484375)
2772_727,4528_20250901_103_0_7,103_0,1,38.7409782409668,-9.146719932556152,41,IN_TRANSIT_TO,2025-09-26 13:34:55,1805,2772,AH-24-ND,POINT (-9.146719932556152 38.7409782409668)
2467_729,4836_20250901_104_0_7,104_0,0,38.76332092285156,-9.197569847106934,6,IN_TRANSIT_TO,2025-09-26 13:34:53,13909,2467,16-AZ-14,POINT (-9.197569847106934 38.76332092285156)
2752_755,6709_20250901_118_0_11,118_0,1,38.7530517578125,-9.123720169067383,18,IN_TRANSIT_TO,2025-09-26 13:34:43,14711,2752,AG-18-TH,POINT (-9.123720169067383 38.7530517578125)
1760_755,6632_20250901_118_0_8,118_0,1,38.74169921875,-9.167799949645996,2,IN_TRANSIT_TO,2025-09-26 13:34:41,1603,1760,34-HU-26,POINT (-9.167799949645996 38.74169921875)
2823_728,4698_20250901_204_0_6,204_0,0,38.707950592041016,-9.132280349731445,22,IN_TRANSIT_TO,2025-09-26 13:34:52,4505,2823,BF-64-FZ,POINT (-9.132280349731445 38.707950592041016)
2473_729,4825_20250901_104_0_7,104_0,0,38.74440002441406,-9.196749687194824,18,IN_TRANSIT_TO,2025-09-26 13:34:07,2805,2473,74-BC-68,POINT (-9.196749687194824 38.74440002441406)
1758_742,5782_20250901_114_0_6,114_0,1,38.71403121948242,-9.174079895019531,24,IN_TRANSIT_TO,2025-09-26 13:34:35,9406,1758,34-HU-24,POINT (-9.174079895019531 38.71403121948242)
2775_727,4544_20250901_103_0_5,103_0,1,38.70011901855469,-9.18358039855957,16,IN_TRANSIT_TO,2025-09-26 13:34:36,9505,2775,AH-31-ND,POINT (-9.18358039855957 38.70011901855469)
2285_771,21936_20250901_248_0_13,248_0,0,38.72383117675781,-9.177949905395508,11,IN_TRANSIT_TO,2025-09-26 13:34:27,8607,2285,67-55-ZJ,POINT (-9.177949905395508 38.72383117675781)
2449_747,6122_20250901_177_0_15,177_0,0,38.76084899902344,-9.157130241394043,2,IN_TRANSIT_TO,2025-09-26 13:34:43,5807,2449,44-BC-35,POINT (-9.157130241394043 38.76084899902344)
1719_701,2987_20250901_123_0_15,123_0,1,38.74298095703125,-9.165980339050293,12,IN_TRANSIT_TO,2025-09-26 13:34:56,1621,1719,25-AS-31,POINT (-9.165980339050293 38.74298095703125)
2269_731,5022_20250901_190_0_9,190_0,0,38.78485107421875,-9.111379623413086,35,IN_TRANSIT_TO,2025-09-26 13:34:57,12627,2269,76-88-ZG,POINT (-9.111379623413086 38.78485107421875)
2338_712,3541_20250901_189_0_11,189_0,1,38.721031188964844,-9.126729965209961,24,IN_TRANSIT_TO,2025-09-26 13:34:39,9112,2338,53-62-ZJ,POINT (-9.126729965209961 38.721031188964844)
2420_778,7529_20250901_179_0_16,179_0,1,38.759521484375,-9.15684986114502,24,IN_TRANSIT_TO,2025-09-26 13:34:50,5808,2420,29-AU-15,POINT (-9.15684986114502 38.759521484375)
2839_728,4724_20250901_204_4_7,204_4,1,38.697731018066406,-9.204520225524902,15,IN_TRANSIT_TO,2025-09-26 13:34:56,4102,2839,BF-69-FZ,POINT (-9.204520225524902 38.697731018066406)
1766_717,3759_20250901_170_0_10,170_0,0,38.79113006591797,-9.150679588317871,36,IN_TRANSIT_TO,2025-09-26 13:34:51,11602,1766,63-HX-33,POINT (-9.150679588317871 38.79113006591797)
2465_778,18644_20250901_179_0_14,179_0,0,38.76805114746094,-9.169830322265625,10,IN_TRANSIT_TO,2025-09-26 13:34:32,50027,2465,55-BH-00,POINT (-9.169830322265625 38.76805114746094)
1715_701,2947_20250901_123_0_11,123_0,0,38.727928161621094,-9.162369728088379,25,IN_TRANSIT_TO,2025-09-26 13:34:41,6122,1715,69-AL-78,POINT (-9.162369728088379 38.727928161621094)
2271_758,6793_20250901_150_0_11,150_0,0,38.713321685791016,-9.143420219421387,4,IN_TRANSIT_TO,2025-09-26 13:34:47,10503,2271,92-54-ZM,POINT (-9.143420219421387 38.713321685791016)
2305_793,7973_20250901_145_0_14,145_0,1,38.74747085571289,-9.118269920349121,9,IN_TRANSIT_TO,2025-09-26 13:34:30,3608,2305,83-18-ZM,POINT (-9.118269920349121 38.74747085571289)
4605_728,4569_20250901_204_0_7,204_0,1,38.705169677734375,-9.205329895019531,46,IN_TRANSIT_TO,2025-09-26 13:34:42,13107,4605,31-GN-72,POINT (-9.205329895019531 38.705169677734375)
2477_726,4286_20250901_116_0_10,116_0,1,38.73217010498047,-9.141079902648926,27,IN_TRANSIT_TO,2025-09-26 13:34:45,6501,2477,91-BE-73,POINT (-9.141079902648926 38.73217010498047)
1712_701,2939_20250901_123_0_15,123_0,1,38.72657012939453,-9.162269592285156,7,IN_TRANSIT_TO,2025-09-26 13:34:49,6104,1712,69-AL-75,POINT (-9.162269592285156 38.72657012939453)
2484_729,4828_20250901_104_0_8,104_0,0,38.750770568847656,-9.198800086975098,13,IN_TRANSIT_TO,2025-09-26 13:34:25,10906,2484,91-BE-76,POINT (-9.198800086975098 38.750770568847656)
601_15E,11212_20250901_76_0_11,76_0,0,38.69662094116211,-9.207500457763672,17,IN_TRANSIT_TO,2025-09-26 13:34:41,9610,601,,POINT (-9.207500457763672 38.69662094116211)
2240_747,6101_20250901_177_0_14,177_0,1,38.76852035522461,-9.196080207824707,3,IN_TRANSIT_TO,2025-09-26 13:34:28,14110,2240,06-31-XX,POINT (-9.196080207824707 38.76852035522461)
2297_724,4230_20250901_178_0_17,178_0,0,38.72600173950195,-9.198699951171875,9,IN_TRANSIT_TO,2025-09-26 13:34:57,8712,2297,83-06-ZM,POINT (-9.198699951171875 38.72600173950195)
1707_794,8067_20250901_115_0_10,115_0,0,38.75157928466797,-9.104269981384277,31,IN_TRANSIT_TO,2025-09-26 13:34:52,24371,1707,69-AL-70,POINT (-9.104269981384277 38.75157928466797)
2426_703,3124_20250901_165_0_10,165_0,1,38.77497100830078,-9.161470413208008,26,IN_TRANSIT_TO,2025-09-26 13:34:40,5905,2426,29-AU-21,POINT (-9.161470413208008 38.77497100830078)
2838_751,6498_20250901_109_0_14,109_0,0,38.697471618652344,-9.197850227355957,14,IN_TRANSIT_TO,2025-09-26 13:34:33,4114,2838,BF-59-FZ,POINT (-9.197850227355957 38.697471618652344)
221_58B,19291_20250901_227_0_13,227_0,0,38.741668701171875,-9.173629760742188,21,IN_TRANSIT_TO,2025-09-26 13:34:38,50416,221,11-06-XO,POINT (-9.173629760742188 38.741668701171875)
2408_747,6119_20250901_177_0_14,177_0,0,38.761131286621094,-9.166780471801758,7,IN_TRANSIT_TO,2025-09-26 13:34:38,50005,2408,50-AL-08,POINT (-9.166780471801758 38.761131286621094)
2764_764,7162_20250901_168_0_12,168_0,1,38.750099182128906,-9.162079811096191,31,IN_TRANSIT_TO,2025-09-26 13:34:33,12705,2764,AH-29-ND,POINT (-9.162079811096191 38.750099182128906)
2776_746,5958_20250901_108_0_14,108_0,1,38.748348236083984,-9.192620277404785,8,IN_TRANSIT_TO,2025-09-26 13:33:59,10803,2776,AI-07-BT,POINT (-9.192620277404785 38.748348236083984)
228_773,7416_20250901_124_0_19,124_0,0,38.71807861328125,-9.151969909667969,3,IN_TRANSIT_TO,2025-09-26 13:34:41,50146,228,84-39-XQ,POINT (-9.151969909667969 38.71807861328125)
2303_742,5666_20250901_114_0_8,114_0,1,38.71372985839844,-9.19752025604248,2,IN_TRANSIT_TO,2025-09-26 13:34:30,12928,2303,83-11-ZM,POINT (-9.19752025604248 38.71372985839844)
606_15E,11318_20250901_76_0_12,76_0,1,38.697200775146484,-9.200730323791504,7,IN_TRANSIT_TO,2025-09-26 13:34:50,9609,606,,POINT (-9.200730323791504 38.697200775146484)
4840_736,5299_20250901_199_0_9,199_0,0,38.74263000488281,-9.146699905395508,8,IN_TRANSIT_TO,2025-09-26 13:34:48,1809,4840,45-VX-93,POINT (-9.146699905395508 38.74263000488281)
2335_712,3565_20250901_189_0_11,189_0,0,38.72779846191406,-9.159279823303223,20,IN_TRANSIT_TO,2025-09-26 13:34:55,6103,2335,62-98-ZG,POINT (-9.159279823303223 38.72779846191406)
2481_758,6868_20250901_150_0_10,150_0,1,38.74787902832031,-9.191320419311523,7,IN_TRANSIT_TO,2025-09-26 13:34:51,10803,2481,54-BH-99,POINT (-9.191320419311523 38.74787902832031)
2406_767,7308_20250901_112_0_7,112_0,0,38.75318145751953,-9.187999725341797,29,IN_TRANSIT_TO,2025-09-26 13:34:39,12802,2406,50-AL-09,POINT (-9.187999725341797 38.75318145751953)
2941_32B,17548_20250901_211_0_13,211_0,0,38.742820739746094,-9.10593032836914,21,IN_TRANSIT_TO,2025-09-26 13:34:32,50655,2941,51-GL-81,POINT (-9.10593032836914 38.742820739746094)
2289_724,4236_20250901_178_0_14,178_0,1,38.739078521728516,-9.203530311584473,14,IN_TRANSIT_TO,2025-09-26 13:34:45,2810,2289,92-60-ZM,POINT (-9.203530311584473 38.739078521728516)
2451_703,3162_20250901_165_0_11,165_0,1,38.749820709228516,-9.1943998336792,7,IN_TRANSIT_TO,2025-09-26 13:34:36,10835,2451,75-AQ-16,POINT (-9.1943998336792 38.749820709228516)
2792_727,4502_20250901_103_0_7,103_0,0,38.74745178222656,-9.148329734802246,5,IN_TRANSIT_TO,2025-09-26 13:34:31,2016,2792,AJ-53-LI,POINT (-9.148329734802246 38.74745178222656)
2434_729,4757_20250901_104_0_9,104_0,1,38.75988006591797,-9.192119598388672,35,IN_TRANSIT_TO,2025-09-26 13:34:20,12822,2434,29-AU-24,POINT (-9.192119598388672 38.75988006591797)
2464_716,3747_20250901_164_0_15,164_0,0,38.739349365234375,-9.15011978149414,6,IN_TRANSIT_TO,2025-09-26 13:34:42,1407,2464,91-BE-71,POINT (-9.15011978149414 38.739349365234375)
1723_701,2979_20250901_123_0_13,123_0,1,38.75320053100586,-9.150030136108398,26,IN_TRANSIT_TO,2025-09-26 13:34:41,2015,1723,25-AS-35,POINT (-9.150030136108398 38.75320053100586)
2291_724,4222_20250901_178_0_15,178_0,0,38.74235153198242,-9.199170112609863,14,IN_TRANSIT_TO,2025-09-26 13:34:51,8829,2291,92-56-ZM,POINT (-9.199170112609863 38.74235153198242)
4610_750,6390_20250901_106_0_9,106_0,1,38.744930267333984,-9.198049545288086,13,IN_TRANSIT_TO,2025-09-26 13:34:48,2812,4610,96-GL-87,POINT (-9.198049545288086 38.744930267333984)
2610_781,7762_20250901_151_0_10,151_0,1,38.70534896850586,-9.143819808959961,29,IN_TRANSIT_TO,2025-09-26 13:34:32,3820,2610,66-VI-20,POINT (-9.143819808959961 38.70534896850586)
2751_720,4100_20250901_143_0_11,143_0,0,38.70372009277344,-9.186100006103516,29,IN_TRANSIT_TO,2025-09-26 13:34:49,12002,2751,AG-12-TH,POINT (-9.186100006103516 38.70372009277344)
2438_716,3718_20250901_164_0_16,164_0,1,38.7382698059082,-9.158920288085938,17,IN_TRANSIT_TO,2025-09-26 13:34:57,1508,2438,44-BC-29,POINT (-9.158920288085938 38.7382698059082)
2825_753,6564_20250901_167_0_17,167_0,0,38.673828125,-9.173930168151855,8,IN_TRANSIT_TO,2025-09-26 13:34:16,14601,2825,BF-53-FZ,POINT (-9.173930168151855 38.673828125)
1709_796,8152_20250901_174_0_20,174_0,1,38.75962829589844,-9.154930114746094,16,IN_TRANSIT_TO,2025-09-26 13:34:42,5808,1709,69-AL-72,POINT (-9.154930114746094 38.75962829589844)
2276_703,3175_20250901_165_0_11,165_0,0,38.782081604003906,-9.158720016479492,13,IN_TRANSIT_TO,2025-09-26 13:34:47,5931,2276,53-57-ZJ,POINT (-9.158720016479492 38.782081604003906)
2418_703,3173_20250901_165_0_9,165_0,0,38.75967025756836,-9.179750442504883,29,IN_TRANSIT_TO,2025-09-26 13:34:29,12828,2418,92-AO-54,POINT (-9.179750442504883 38.75967025756836)
2944_31B,17538_20250901_210_0_12,210_0,0,38.74123001098633,-9.112119674682617,16,IN_TRANSIT_TO,2025-09-26 13:34:27,3701,2944,75-GO-13,POINT (-9.112119674682617 38.74123001098633)
2245_731,41474_20250901_190_0_9,190_0,0,38.762428283691406,-9.130080223083496,19,IN_TRANSIT_TO,2025-09-26 13:34:30,7501,2245,22-35-ZB,POINT (-9.130080223083496 38.762428283691406)
2466_767,7281_20250901_112_0_6,112_0,1,38.75333023071289,-9.144280433654785,32,IN_TRANSIT_TO,2025-09-26 13:34:47,104,2466,16-AZ-16,POINT (-9.144280433654785 38.75333023071289)
2668_714,3709_20250901_102_0_9,102_0,0,38.721248626708984,-9.221449851989746,36,IN_TRANSIT_TO,2025-09-26 13:34:23,18702,2668,87-XB-36,POINT (-9.221449851989746 38.721248626708984)
4834_736,5422_20250901_199_0_10,199_0,1,38.78892135620117,-9.17590045928955,4,IN_TRANSIT_TO,2025-09-26 13:34:47,15107,4834,20-VQ-71,POINT (-9.17590045928955 38.78892135620117)
2843_751,6510_20250901_109_0_11,109_0,0,38.71200180053711,-9.175169944763184,6,IN_TRANSIT_TO,2025-09-26 13:34:38,9412,2843,BF-63-FZ,POINT (-9.175169944763184 38.71200180053711)
2296_731,5025_20250901_190_0_7,190_0,0,38.776031494140625,-9.10122013092041,30,IN_TRANSIT_TO,2025-09-26 13:34:44,7909,2296,92-51-ZM,POINT (-9.10122013092041 38.776031494140625)
2209_742,5769_20250901_114_0_7,114_0,1,38.73516845703125,-9.142569541931152,38,IN_TRANSIT_TO,2025-09-26 13:34:47,11101,2209,01-68-XO,POINT (-9.142569541931152 38.73516845703125)
564_24E,17832_20250901_213_0_20,213_0,0,38.720680236816406,-9.15565013885498,7,IN_TRANSIT_TO,2025-09-26 13:34:32,50361,564,,POINT (-9.15565013885498 38.720680236816406)
2225_720,4044_20250901_143_0_11,143_0,0,38.72615051269531,-9.14995002746582,14,IN_TRANSIT_TO,2025-09-26 13:34:51,1202,2225,08-03-XS,POINT (-9.14995002746582 38.72615051269531)
2235_763,49570_20250901_282_0_16,282_0,1,38.752601623535156,-9.189430236816406,0,IN_TRANSIT_TO,2025-09-26 13:34:58,,2235,06-32-XX,POINT (-9.189430236816406 38.752601623535156)
410_73B,18773_20250901_220_0_10,220_0,0,38.704471588134766,-9.182950019836426,29,IN_TRANSIT_TO,2025-09-26 13:34:55,12114,410,BF-21-VF,POINT (-9.182950019836426 38.704471588134766)
2210_793,7994_20250901_145_0_14,145_0,0,38.74747085571289,-9.118820190429688,21,IN_TRANSIT_TO,2025-09-26 13:34:50,3605,2210,01-66-XO,POINT (-9.118820190429688 38.74747085571289)
2789_727,4454_20250901_103_0_6,103_0,0,38.7046012878418,-9.163479804992676,24,IN_TRANSIT_TO,2025-09-26 13:34:37,3908,2789,AI-53-TL,POINT (-9.163479804992676 38.7046012878418)
2213_742,5777_20250901_114_0_7,114_0,1,38.7351188659668,-9.146400451660156,37,IN_TRANSIT_TO,2025-09-26 13:34:56,1806,2213,08-04-XS,POINT (-9.146400451660156 38.7351188659668)
2215_742,5747_20250901_114_0_9,114_0,0,38.73469924926758,-9.137080192565918,18,IN_TRANSIT_TO,2025-09-26 13:34:49,518,2215,08-01-XS,POINT (-9.137080192565918 38.73469924926758)
2781_723,4168_20250901_121_0_9,121_0,1,38.72505187988281,-9.153980255126953,28,IN_TRANSIT_TO,2025-09-26 13:34:30,1224,2781,AI-00-BT,POINT (-9.153980255126953 38.72505187988281)
2205_742,5788_20250901_114_0_7,114_0,1,38.702880859375,-9.195079803466797,13,IN_TRANSIT_TO,2025-09-26 13:34:33,13305,2205,01-71-XO,POINT (-9.195079803466797 38.702880859375)
2203_717,3864_20250901_170_0_9,170_0,0,38.79787826538086,-9.145119667053223,40,IN_TRANSIT_TO,2025-09-26 13:34:45,16002,2203,72-19-XN,POINT (-9.145119667053223 38.79787826538086)
2216_742,5776_20250901_114_0_9,114_0,1,38.735198974609375,-9.1427001953125,38,IN_TRANSIT_TO,2025-09-26 13:34:37,11101,2216,08-00-XS,POINT (-9.1427001953125 38.735198974609375)
2712_714,3705_20250901_102_0_10,102_0,1,38.729000091552734,-9.21150016784668,7,IN_TRANSIT_TO,2025-09-26 13:34:50,18707,2712,92-XQ-33,POINT (-9.21150016784668 38.729000091552734)
229_773,7378_20250901_124_0_20,124_0,1,38.71097183227539,-9.158780097961426,16,IN_TRANSIT_TO,2025-09-26 13:34:53,10006,229,97-24-XT,POINT (-9.158780097961426 38.71097183227539)
2221_742,5720_20250901_114_0_9,114_0,0,38.72679901123047,-9.162249565124512,29,IN_TRANSIT_TO,2025-09-26 13:34:34,6113,2221,07-95-XS,POINT (-9.162249565124512 38.72679901123047)
6028_760,7098_20250901_171_0_8,171_0,1,38.7111701965332,-9.195719718933105,12,IN_TRANSIT_TO,2025-09-26 13:34:48,50139,6028,BF-68-AX,POINT (-9.195719718933105 38.7111701965332)
234_17B,21703_20250901_247_0_12,247_0,0,38.72447967529297,-9.13241958618164,17,IN_TRANSIT_TO,2025-09-26 13:34:32,601,234,13-31-XZ,POINT (-9.13241958618164 38.72447967529297)
561_28E,15038_20250901_75_0_8,75_0,1,38.708770751953125,-9.139519691467285,17,IN_TRANSIT_TO,2025-09-26 13:32:29,10521,561,,POINT (-9.139519691467285 38.708770751953125)
412_22B,19420_20250901_236_0_17,236_0,0,38.70977020263672,-9.143219947814941,3,IN_TRANSIT_TO,2025-09-26 13:34:57,3825,412,BF-65-TC,POINT (-9.143219947814941 38.70977020263672)
566_28E,14920_20250901_75_0_10,75_0,0,38.71371841430664,-9.160099983215332,29,IN_TRANSIT_TO,2025-09-26 13:34:48,8112,566,,POINT (-9.160099983215332 38.71371841430664)
568_28E,14946_20250901_75_0_6,75_0,0,38.7122802734375,-9.130430221557617,13,IN_TRANSIT_TO,2025-09-26 13:34:50,13812,568,,POINT (-9.130430221557617 38.7122802734375)
2226_720,4066_20250901_143_0_11,143_0,0,38.741580963134766,-9.128479957580566,5,IN_TRANSIT_TO,2025-09-26 13:34:31,9007,2226,06-35-XX,POINT (-9.128479957580566 38.741580963134766)
2230_768,7347_20250901_111_0_11,111_0,0,38.75661849975586,-9.177350044250488,14,IN_TRANSIT_TO,2025-09-26 13:34:27,13606,2230,06-36-XX,POINT (-9.177350044250488 38.75661849975586)
2222_742,5687_20250901_114_0_9,114_0,0,38.70481872558594,-9.186829566955566,43,IN_TRANSIT_TO,2025-09-26 13:34:45,12002,2222,08-17-XS,POINT (-9.186829566955566 38.70481872558594)
562_28E,14908_20250901_75_0_8,75_0,0,38.715179443359375,-9.163229942321777,31,IN_TRANSIT_TO,2025-09-26 13:34:30,8108,562,,POINT (-9.163229942321777 38.715179443359375)
560_28E,15050_20250901_75_0_9,75_0,1,38.713401794433594,-9.159279823303223,6,IN_TRANSIT_TO,2025-09-26 13:34:09,8111,560,,POINT (-9.159279823303223 38.713401794433594)
2229_796,8113_20250901_174_0_18,174_0,1,38.76689910888672,-9.157919883728027,14,IN_TRANSIT_TO,2025-09-26 13:34:41,5902,2229,06-37-XX,POINT (-9.157919883728027 38.76689910888672)
2231_703,3135_20250901_165_0_10,165_0,1,38.77455139160156,-9.163749694824219,25,IN_TRANSIT_TO,2025-09-26 13:34:36,5915,2231,06-28-XX,POINT (-9.163749694824219 38.77455139160156)
2232_758,6853_20250901_150_0_8,150_0,1,38.718868255615234,-9.1533203125,26,IN_TRANSIT_TO,2025-09-26 13:34:36,6807,2232,06-23-XX,POINT (-9.1533203125 38.718868255615234)
2237_758,6869_20250901_150_0_12,150_0,1,38.750770568847656,-9.201700210571289,3,IN_TRANSIT_TO,2025-09-26 13:34:57,10901,2237,06-27-XX,POINT (-9.201700210571289 38.750770568847656)
2201_708,3311_20250901_100_0_10,100_0,0,38.740779876708984,-9.133350372314453,9,IN_TRANSIT_TO,2025-09-26 13:34:36,411,2201,72-15-XN,POINT (-9.133350372314453 38.740779876708984)
2242_763,46422_20250901_282_0_13,282_0,0,38.77098083496094,-9.18677043914795,12,IN_TRANSIT_TO,2025-09-26 13:34:30,14116,2242,22-42-ZB,POINT (-9.18677043914795 38.77098083496094)
2241_768,7335_20250901_111_0_14,111_0,1,38.754249572753906,-9.180330276489258,12,IN_TRANSIT_TO,2025-09-26 13:34:25,13611,2241,22-37-ZB,POINT (-9.180330276489258 38.754249572753906)
2265_729,4817_20250901_104_0_8,104_0,0,38.69892120361328,-9.225370407104492,39,IN_TRANSIT_TO,2025-09-26 13:34:53,4208,2265,76-91-ZG,POINT (-9.225370407104492 38.69892120361328)
2261_708,3347_20250901_100_0_7,100_0,1,38.736080169677734,-9.133899688720703,37,IN_TRANSIT_TO,2025-09-26 13:34:36,410,2261,80-49-ZE,POINT (-9.133899688720703 38.736080169677734)
2832_753,6577_20250901_167_0_15,167_0,0,38.66619873046875,-9.16681957244873,8,IN_TRANSIT_TO,2025-09-26 13:25:35,14601,2832,BF-68-FZ,POINT (-9.16681957244873 38.66619873046875)
303_708,3298_20250901_100_0_7,100_0,0,38.762901306152344,-9.113869667053223,20,IN_TRANSIT_TO,2025-09-26 13:34:29,8414,303,22-SP-90,POINT (-9.113869667053223 38.762901306152344)
2267_731,5018_20250901_190_0_7,190_0,1,38.776519775390625,-9.10276985168457,10,IN_TRANSIT_TO,2025-09-26 13:34:49,7906,2267,76-86-ZG,POINT (-9.10276985168457 38.776519775390625)
2266_758,6889_20250901_150_0_11,150_0,0,38.7399787902832,-9.167320251464844,18,IN_TRANSIT_TO,2025-09-26 13:34:50,50472,2266,76-92-ZG,POINT (-9.167320251464844 38.7399787902832)
