id,trip_id,route_id,direction_id,latitude,longitude,current_stop_sequence,current_status,timestamp,stop_id,vehicle_id,license_plate,geometry
6032_706,19494_20250901_147_0_8,147_0,0,38.72600173950195,-9.122679710388184,25,IN_TRANSIT_TO,2025-09-27 18:32:44,11706,6032,BF-93-BC,POINT (-9.122679710388184 38.72600173950195)
4645_750,6311_20250901_106_0_15,106_0,0,38.749969482421875,-9.194729804992676,22,IN_TRANSIT_TO,2025-09-27 18:32:51,10806,4645,98-JO-46,POINT (-9.194729804992676 38.749969482421875)
611_15E,11281_20250901_76_0_17,76_0,0,38.69641876220703,-9.220379829406738,20,IN_TRANSIT_TO,2025-09-27 18:32:41,13204,611,,POINT (-9.220379829406738 38.69641876220703)
4606_750,6302_20250901_106_0_14,106_0,0,38.70957946777344,-9.224969863891602,35,IN_TRANSIT_TO,2025-09-27 18:32:40,14311,4606,96-GL-83,POINT (-9.224969863891602 38.70957946777344)
2254_758,6838_20250901_150_0_13,150_0,0,38.74367904663086,-9.17566967010498,21,IN_TRANSIT_TO,2025-09-27 18:32:41,10706,2254,80-51-ZE,POINT (-9.17566967010498 38.74367904663086)
6022_760,51291_20250901_171_0_14,171_0,1,38.721771240234375,-9.139030456542969,38,IN_TRANSIT_TO,2025-09-27 18:32:47,9213,6022,BF-48-BB,POINT (-9.139030456542969 38.721771240234375)
2448_716,3716_20250901_164_0_21,164_0,0,38.75041961669922,-9.196720123291016,21,IN_TRANSIT_TO,2025-09-27 18:32:38,10802,2448,44-BC-34,POINT (-9.196720123291016 38.75041961669922)
2250_731,19403_20240727_190_0_8,190_0,1,38.78303146362305,-9.114009857177734,3,IN_TRANSIT_TO,2024-08-10 10:41:27,12610,2250,80-41-ZE,POINT (-9.114009857177734 38.78303146362305)
6021_732,5069_20250901_107_2_11,107_2,0,38.70640182495117,-9.152099609375,10,IN_TRANSIT_TO,2025-09-27 18:32:33,7102,6021,BD-91-QG,POINT (-9.152099609375 38.70640182495117)
612_15E,11255_20250901_76_0_11,76_0,0,38.69927978515625,-9.231949806213379,22,IN_TRANSIT_TO,2025-09-27 18:32:53,4218,612,,POINT (-9.231949806213379 38.69927978515625)
2795_764,7143_20250901_168_2_32,168_2,1,38.745750427246094,-9.190469741821289,17,IN_TRANSIT_TO,2025-09-27 18:32:44,10838,2795,AJ-55-LI,POINT (-9.190469741821289 38.745750427246094)
2830_728,4597_20250901_204_0_9,204_0,1,38.7132682800293,-9.12302017211914,29,IN_TRANSIT_TO,2025-09-27 18:32:28,2114,2830,BF-57-FZ,POINT (-9.12302017211914 38.7132682800293)
6033_706,3236_20250901_147_0_6,147_0,1,38.731048583984375,-9.137550354003906,15,IN_TRANSIT_TO,2025-09-27 18:32:47,510,6033,BF-92-AZ,POINT (-9.137550354003906 38.731048583984375)
2624_755,6679_20250901_118_0_9,118_0,1,38.753150939941406,-9.143500328063965,10,IN_TRANSIT_TO,2025-09-27 18:32:32,104,2624,72-VP-82,POINT (-9.143500328063965 38.753150939941406)
4646_750,6374_20250901_106_0_2,106_0,1,38.76097106933594,-9.103449821472168,36,IN_TRANSIT_TO,2025-09-27 18:32:47,2311,4646,11-JM-79,POINT (-9.103449821472168 38.76097106933594)
2973_774,7473_20250901_192_1_13,192_1,0,38.724430084228516,-9.146369934082031,28,IN_TRANSIT_TO,2025-09-27 18:32:39,1216,2973,30-VM-13,POINT (-9.146369934082031 38.724430084228516)
2688_711,3489_20250901_101_0_16,101_0,1,38.724849700927734,-9.156519889831543,27,IN_TRANSIT_TO,2025-09-27 18:32:44,8502,2688,93-XA-35,POINT (-9.156519889831543 38.724849700927734)
2699_748,6135_20250901_169_0_32,169_0,1,38.723018646240234,-9.167329788208008,6,IN_TRANSIT_TO,2025-09-27 18:32:29,14311,2699,92-XQ-25,POINT (-9.167329788208008 38.723018646240234)
2691_711,3492_20250901_101_0_16,101_0,1,38.74802017211914,-9.215129852294922,4,IN_TRANSIT_TO,2025-09-27 18:32:37,3015,2691,90-XF-45,POINT (-9.215129852294922 38.74802017211914)
2694_754,6581_20250901_201_2_24,201_2,1,38.74457931518555,-9.191869735717773,20,IN_TRANSIT_TO,2025-09-27 18:32:51,10838,2694,90-XF-49,POINT (-9.191869735717773 38.74457931518555)
2669_738,5537_20250901_117_0_16,117_0,1,38.755550384521484,-9.176170349121094,34,IN_TRANSIT_TO,2025-09-27 18:32:53,50143,2669,87-XB-34,POINT (-9.176170349121094 38.755550384521484)
2695_709,3385_20250901_148_0_36,148_0,0,38.71649932861328,-9.142279624938965,3,IN_TRANSIT_TO,2025-09-27 18:32:46,1003,2695,90-XF-50,POINT (-9.142279624938965 38.71649932861328)
2705_748,6138_20250901_169_0_31,169_0,0,38.72562026977539,-9.191129684448242,5,IN_TRANSIT_TO,2025-09-27 18:32:42,8607,2705,92-XQ-29,POINT (-9.191129684448242 38.72562026977539)
2683_714,3676_20250901_102_0_16,102_0,1,38.6976203918457,-9.19417953491211,22,IN_TRANSIT_TO,2025-09-27 18:32:32,4113,2683,99-XE-55,POINT (-9.19417953491211 38.6976203918457)
2682_754,6601_20250901_201_2_23,201_2,0,38.74504852294922,-9.199569702148438,10,IN_TRANSIT_TO,2025-09-27 18:32:43,10818,2682,93-XA-42,POINT (-9.199569702148438 38.74504852294922)
6047_760,7038_20250901_171_0_9,171_0,1,38.704349517822266,-9.174320220947266,24,IN_TRANSIT_TO,2025-09-27 18:32:32,12101,6047,BH-20-IP,POINT (-9.174320220947266 38.704349517822266)
2947_26B,17511_20250901_208_2_8,208_2,1,38.76873016357422,-9.097519874572754,7,IN_TRANSIT_TO,2025-09-27 09:16:26,7825,2947,51-GL-84,POINT (-9.097519874572754 38.76873016357422)
2958_40B,19269_20250901_212_0_23,212_0,0,38.78158187866211,-9.141249656677246,14,IN_TRANSIT_TO,2025-09-27 18:32:44,6011,2958,27-GU-73,POINT (-9.141249656677246 38.78158187866211)
4643_750,6328_20250901_106_0_15,106_0,0,38.761680603027344,-9.122050285339355,9,IN_TRANSIT_TO,2025-09-27 18:31:29,7506,4643,98-JO-45,POINT (-9.122050285339355 38.761680603027344)
2964_797,8162_20250901_163_0_45,163_0,1,38.73331832885742,-9.132550239562988,10,IN_TRANSIT_TO,2025-09-27 18:32:57,509,2964,30-VM-19,POINT (-9.132550239562988 38.73331832885742)
547_18E,12183_20250901_78_0_27,78_0,0,38.703529357910156,-9.170519828796387,5,IN_TRANSIT_TO,2025-09-27 18:32:30,10202,547,,POINT (-9.170519828796387 38.703529357910156)
6049_732,5089_20250901_107_0_7,107_0,1,38.70642852783203,-9.154569625854492,26,IN_TRANSIT_TO,2025-09-12 17:10:25,3901,6049,BH-47-IR,POINT (-9.154569625854492 38.70642852783203)
2441_716,3739_20250901_164_0_20,164_0,1,38.74436950683594,-9.178179740905762,10,IN_TRANSIT_TO,2025-09-27 18:32:38,10703,2441,29-AX-07,POINT (-9.178179740905762 38.74436950683594)
2479_747,6098_20250901_177_0_24,177_0,1,38.76628112792969,-9.157600402832031,19,IN_TRANSIT_TO,2025-09-27 18:32:42,5816,2479,91-BE-74,POINT (-9.157600402832031 38.76628112792969)
2493_720,4059_20250901_143_0_19,143_0,0,38.738250732421875,-9.137849807739258,8,IN_TRANSIT_TO,2025-09-27 18:32:43,407,2493,88-BL-65,POINT (-9.137849807739258 38.738250732421875)
2414_726,4270_20250901_116_0_17,116_0,0,38.75632095336914,-9.177020072937012,22,IN_TRANSIT_TO,2025-09-27 18:32:46,13617,2414,92-AO-51,POINT (-9.177020072937012 38.75632095336914)
2295_731,57524_20250901_190_0_13,190_0,0,38.75571823120117,-9.148770332336426,15,IN_TRANSIT_TO,2025-09-27 18:32:52,5712,2295,92-53-ZM,POINT (-9.148770332336426 38.75571823120117)
2755_720,4081_20250901_143_0_20,143_0,1,38.72896957397461,-9.143930435180664,18,IN_TRANSIT_TO,2025-09-27 18:32:29,6601,2755,AG-95-TG,POINT (-9.143930435180664 38.72896957397461)
608_15E,11213_20250901_76_0_12,76_0,1,38.71268081665039,-9.137619972229004,23,IN_TRANSIT_TO,2025-09-27 18:32:33,50621,608,,POINT (-9.137619972229004 38.71268081665039)
2979_702,3031_20250901_146_0_38,146_0,1,38.72534942626953,-9.157270431518555,11,IN_TRANSIT_TO,2025-09-27 18:32:49,6128,2979,30-VM-17,POINT (-9.157270431518555 38.72534942626953)
2282_758,6832_20250901_150_0_17,150_0,0,38.75278091430664,-9.207650184631348,30,IN_TRANSIT_TO,2025-09-27 18:32:46,10902,2282,67-35-ZJ,POINT (-9.207650184631348 38.75278091430664)
2281_768,7322_20250901_111_2_19,111_2,0,38.76184844970703,-9.196920394897461,20,IN_TRANSIT_TO,2025-09-27 18:32:31,13904,2281,67-56-ZJ,POINT (-9.196920394897461 38.76184844970703)
2841_753,6533_20250901_167_0_27,167_0,0,38.717620849609375,-9.176349639892578,7,IN_TRANSIT_TO,2025-09-27 18:31:28,8607,2841,BF-55-FZ,POINT (-9.176349639892578 38.717620849609375)
1717_742,5705_20250901_114_0_13,114_0,0,38.723419189453125,-9.115320205688477,9,IN_TRANSIT_TO,2025-09-27 18:32:47,9806,1717,69-AL-80,POINT (-9.115320205688477 38.723419189453125)
4832_736,18825_20250901_199_0_16,199_0,1,38.755279541015625,-9.153450012207031,15,IN_TRANSIT_TO,2025-09-27 18:32:53,5806,4832,68-VQ-51,POINT (-9.153450012207031 38.755279541015625)
281_64B,35076_20250901_238_0_27,238_0,0,38.71780014038086,-9.166399955749512,3,IN_TRANSIT_TO,2025-09-27 18:32:41,50481,281,AI-48-OJ,POINT (-9.166399955749512 38.71780014038086)
2629_759,6901_20250901_144_0_15,144_0,0,38.71046829223633,-9.138429641723633,3,IN_TRANSIT_TO,2025-09-27 18:32:40,5510,2629,52-VP-81,POINT (-9.138429641723633 38.71046829223633)
2765_728,4637_20250901_204_0_3,204_0,1,38.78107833862305,-9.111749649047852,2,IN_TRANSIT_TO,2025-09-27 18:31:05,12615,2765,AH-37-ND,POINT (-9.111749649047852 38.78107833862305)
2978_55B,35094_20250901_240_0_27,240_0,0,38.75907897949219,-9.192669868469238,3,IN_TRANSIT_TO,2025-09-27 18:32:44,12822,2978,29-VM-92,POINT (-9.192669868469238 38.75907897949219)
4633_796,8135_20250901_174_0_19,174_0,1,38.765281677246094,-9.157270431518555,15,IN_TRANSIT_TO,2025-09-23 16:41:00,5814,4633,90-JI-94,POINT (-9.157270431518555 38.765281677246094)
2442_767,7199_20250901_112_0_13,112_0,0,38.74892044067383,-9.141570091247559,12,IN_TRANSIT_TO,2025-09-27 18:32:45,201,2442,29-AX-06,POINT (-9.141570091247559 38.74892044067383)
2495_735,5233_20250901_172_0_16,172_0,1,38.731319427490234,-9.127779960632324,17,IN_TRANSIT_TO,2025-09-27 18:32:46,7004,2495,88-BL-69,POINT (-9.127779960632324 38.731319427490234)
2842_728,4693_20250901_204_0_12,204_0,0,38.7105712890625,-9.12732982635498,23,IN_TRANSIT_TO,2025-09-27 18:32:33,8201,2842,BF-56-FZ,POINT (-9.12732982635498 38.7105712890625)
251_58B,35097_20250901_227_0_15,227_0,0,38.74702072143555,-9.181050300598145,15,IN_TRANSIT_TO,2025-09-27 18:32:31,10709,251,AF-87-NU,POINT (-9.181050300598145 38.74702072143555)
4825_736,5327_20250901_199_0_17,199_0,0,38.78586959838867,-9.172100067138672,28,IN_TRANSIT_TO,2025-09-27 18:32:50,50083,4825,20-VQ-72,POINT (-9.172100067138672 38.78586959838867)
275_61B,35061_20250901_241_0_30,241_0,0,38.72352981567383,-9.170849800109863,17,IN_TRANSIT_TO,2025-09-27 18:32:52,50085,275,AH-16-TB,POINT (-9.170849800109863 38.72352981567383)
2607_744,5807_20250901_200_0_16,200_0,1,38.72447967529297,-9.149800300598145,31,IN_TRANSIT_TO,2025-09-27 18:32:34,1212,2607,AA-95-TQ,POINT (-9.149800300598145 38.72447967529297)
6023_732,5066_20250901_107_2_13,107_2,0,38.70927047729492,-9.208379745483398,29,IN_TRANSIT_TO,2025-09-27 18:32:55,13104,6023,BF-03-BD,POINT (-9.208379745483398 38.70927047729492)
4815_751,6473_20250901_109_0_25,109_0,0,38.706268310546875,-9.17549991607666,8,IN_TRANSIT_TO,2025-09-27 18:32:33,12110,4815,34-VR-24,POINT (-9.17549991607666 38.706268310546875)
2824_728,4577_20250901_204_0_11,204_0,1,38.709320068359375,-9.211620330810547,50,IN_TRANSIT_TO,2025-09-27 18:32:56,12406,2824,BF-67-FZ,POINT (-9.211620330810547 38.709320068359375)
6026_732,5051_20250901_107_2_14,107_2,1,38.70328140258789,-9.195480346679688,14,IN_TRANSIT_TO,2025-09-27 18:32:37,13305,6026,BF-39-BB,POINT (-9.195480346679688 38.70328140258789)
2706_711,3449_20250901_101_0_15,101_0,0,38.722599029541016,-9.17300033569336,10,IN_TRANSIT_TO,2025-09-27 18:32:38,8607,2706,92-XQ-46,POINT (-9.17300033569336 38.722599029541016)
2739_735,5232_20250901_172_0_2,172_0,1,38.71778106689453,-9.119150161743164,26,IN_TRANSIT_TO,2025-09-26 05:39:38,2104,2739,AG-31-EI,POINT (-9.119150161743164 38.71778106689453)
2653_744,22979_20250901_200_0_14,200_0,1,38.715721130371094,-9.142029762268066,32,IN_TRANSIT_TO,2025-09-27 18:32:30,1102,2653,05-VZ-52,POINT (-9.142029762268066 38.715721130371094)
2988_71B,45279_20250901_278_0_19,278_0,0,38.749568939208984,-9.191229820251465,2,IN_TRANSIT_TO,2025-09-27 18:32:10,10804,2988,29-VM-94,POINT (-9.191229820251465 38.749568939208984)
4826_736,5347_20250901_199_0_17,199_0,0,38.760501861572266,-9.155550003051758,15,IN_TRANSIT_TO,2025-09-27 18:32:33,5805,4826,53-VR-05,POINT (-9.155550003051758 38.760501861572266)
2638_755,6657_20250901_118_0_9,118_0,1,38.7482795715332,-9.107930183410645,35,IN_TRANSIT_TO,2025-09-27 18:32:29,2218,2638,87-VS-48,POINT (-9.107930183410645 38.7482795715332)
2617_718,3955_20250901_105_0_22,105_0,0,38.73564910888672,-9.10431957244873,13,IN_TRANSIT_TO,2025-09-27 18:31:00,12510,2617,66-VI-28,POINT (-9.10431957244873 38.73564910888672)
2619_783,7819_20250901_203_2_20,203_2,1,38.7577018737793,-9.142950057983398,15,IN_TRANSIT_TO,2025-09-27 18:32:42,11306,2619,66-VI-37,POINT (-9.142950057983398 38.7577018737793)
2698_738,5521_20250901_117_0_15,117_0,0,38.70262908935547,-9.187829971313477,37,IN_TRANSIT_TO,2025-09-27 18:32:35,12010,2698,92-XQ-20,POINT (-9.187829971313477 38.70262908935547)
6039_760,51290_20250901_171_0_10,171_0,0,38.70634841918945,-9.145130157470703,12,IN_TRANSIT_TO,2025-09-27 18:32:24,50339,6039,BG-96-LU,POINT (-9.145130157470703 38.70634841918945)
6025_760,7060_20250901_171_0_9,171_0,1,38.711669921875,-9.21033000946045,3,IN_TRANSIT_TO,2025-09-27 18:32:52,12912,6025,BF-92-AX,POINT (-9.21033000946045 38.711669921875)
2991_702,3054_20250901_146_0_5,146_0,0,38.73373031616211,-9.171150207519531,11,IN_TRANSIT_TO,2025-09-27 18:32:35,2707,2991,29-VM-89,POINT (-9.171150207519531 38.73373031616211)
283_734,5138_20250801_205_0_6,205_0,0,38.71443176269531,-9.123080253601074,16,IN_TRANSIT_TO,2025-08-07 08:52:19,2110,283,AI-49-OJ,POINT (-9.123080253601074 38.71443176269531)
2647_722,4110_20250901_196_0_17,196_0,1,38.78247833251953,-9.10846996307373,0,IN_TRANSIT_TO,2025-09-27 18:32:52,,2647,75-VS-45,POINT (-9.10846996307373 38.78247833251953)
2826_753,6544_20250901_167_0_26,167_0,1,38.72489929199219,-9.15077018737793,5,IN_TRANSIT_TO,2025-09-27 18:32:35,1224,2826,BF-74-FZ,POINT (-9.15077018737793 38.72489929199219)
2642_708,3284_20250901_100_0_15,100_0,1,38.76919937133789,-9.097900390625,14,IN_TRANSIT_TO,2025-09-27 18:32:56,7822,2642,75-VS-51,POINT (-9.097900390625 38.76919937133789)
573_28E,15025_20250901_75_0_15,75_0,1,38.70983123779297,-9.142399787902832,14,IN_TRANSIT_TO,2025-09-27 18:32:12,10515,573,,POINT (-9.142399787902832 38.70983123779297)
2724_746,5984_20250901_108_0_22,108_0,1,38.736751556396484,-9.155949592590332,19,IN_TRANSIT_TO,2025-09-27 18:32:28,1506,2724,92-XQ-40,POINT (-9.155949592590332 38.736751556396484)
273_22B,35059_20250901_236_0_26,236_0,0,38.70650100708008,-9.143199920654297,1,IN_TRANSIT_TO,2025-09-27 18:32:39,3805,273,AH-15-TB,POINT (-9.143199920654297 38.70650100708008)
2609_759,6954_20250901_144_0_15,144_0,0,38.734771728515625,-9.112580299377441,18,IN_TRANSIT_TO,2025-09-27 18:32:53,17571,2609,66-VI-36,POINT (-9.112580299377441 38.734771728515625)
2611_759,6934_20250901_144_0_14,144_0,1,38.77043151855469,-9.097330093383789,2,IN_TRANSIT_TO,2025-09-27 18:32:34,7805,2611,66-VI-38,POINT (-9.097330093383789 38.77043151855469)
6030_760,51289_20250901_171_0_12,171_0,1,38.711978912353516,-9.1358003616333,32,IN_TRANSIT_TO,2025-09-27 18:32:41,5519,6030,BF-39-AU,POINT (-9.1358003616333 38.711978912353516)
2618_755,21759_20250901_118_0_8,118_0,0,38.75642013549805,-9.113730430603027,15,IN_TRANSIT_TO,2025-09-27 18:32:32,24370,2618,66-VI-42,POINT (-9.113730430603027 38.75642013549805)
548_28E,14961_20250901_75_0_15,75_0,1,38.715118408203125,-9.12874984741211,25,IN_TRANSIT_TO,2025-09-27 18:32:44,50561,548,,POINT (-9.12874984741211 38.715118408203125)
2468_729,4807_20250901_104_0_16,104_0,0,38.76332092285156,-9.197680473327637,6,IN_TRANSIT_TO,2025-09-27 18:32:31,13909,2468,16-AZ-10,POINT (-9.197680473327637 38.76332092285156)
2654_793,7997_20250901_145_0_22,145_0,0,38.740779876708984,-9.105850219726562,0,IN_TRANSIT_TO,2025-09-27 18:31:52,,2654,05-VZ-69,POINT (-9.105850219726562 38.740779876708984)
2713_746,5979_20250901_108_0_22,108_0,0,38.738868713378906,-9.164730072021484,8,IN_TRANSIT_TO,2025-09-27 18:32:42,1601,2713,92-XQ-34,POINT (-9.164730072021484 38.738868713378906)
544_28E,14973_20250901_75_0_13,75_0,1,38.714378356933594,-9.128430366516113,25,IN_TRANSIT_TO,2025-09-27 18:32:34,50561,544,,POINT (-9.128430366516113 38.714378356933594)
2996_770,7365_20250901_191_0_22,191_0,0,38.743019104003906,-9.165969848632812,17,IN_TRANSIT_TO,2025-09-27 18:32:57,1621,2996,30-VM-03,POINT (-9.165969848632812 38.743019104003906)
556_28E,14896_20250901_75_0_15,75_0,1,38.71067810058594,-9.143899917602539,13,IN_TRANSIT_TO,2025-09-27 18:32:41,10513,556,,POINT (-9.143899917602539 38.71067810058594)
2636_759,6912_20250901_144_0_14,144_0,1,38.71950149536133,-9.116499900817871,39,IN_TRANSIT_TO,2025-09-27 18:32:33,9814,2636,87-VS-50,POINT (-9.116499900817871 38.71950149536133)
2652_708,3328_20250901_100_0_13,100_0,0,38.73310089111328,-9.134129524230957,7,IN_TRANSIT_TO,2025-09-27 18:32:46,505,2652,05-VZ-61,POINT (-9.134129524230957 38.73310089111328)
2626_708,3281_20250901_100_0_15,100_0,1,38.745521545410156,-9.131099700927734,33,IN_TRANSIT_TO,2025-09-27 18:32:56,7308,2626,52-VP-86,POINT (-9.131099700927734 38.745521545410156)
2829_728,4593_20250901_204_0_11,204_0,1,38.706520080566406,-9.154379844665527,36,IN_TRANSIT_TO,2025-09-27 18:32:46,7102,2829,BF-58-FZ,POINT (-9.154379844665527 38.706520080566406)
503_15E,11239_20250901_76_0_18,76_0,1,38.6973991394043,-9.20365047454834,7,IN_TRANSIT_TO,2025-09-27 18:32:30,9609,503,,POINT (-9.20365047454834 38.6973991394043)
2621_708,3306_20250901_100_0_16,100_0,0,38.773231506347656,-9.097249984741211,29,IN_TRANSIT_TO,2025-09-27 18:20:40,7821,2621,66-VI-45,POINT (-9.097249984741211 38.773231506347656)
2622_759,6937_20250901_144_0_15,144_0,0,38.76832962036133,-9.097900390625,46,IN_TRANSIT_TO,2025-09-27 18:32:45,7822,2622,66-VI-21,POINT (-9.097900390625 38.76832962036133)
263_37B,35067_20250901_224_0_24,224_0,0,38.72719955444336,-9.128299713134766,11,IN_TRANSIT_TO,2025-09-27 18:32:28,7006,263,AG-26-NH,POINT (-9.128299713134766 38.72719955444336)
2649_722,4116_20250901_196_0_17,196_0,0,38.76985168457031,-9.126219749450684,22,IN_TRANSIT_TO,2025-09-27 18:30:10,7603,2649,75-VS-42,POINT (-9.126219749450684 38.76985168457031)
2975_34B,35064_20250901_226_0_14,226_0,0,38.73939895629883,-9.12421989440918,39,IN_TRANSIT_TO,2025-09-27 18:31:27,8912,2975,30-VM-11,POINT (-9.12421989440918 38.73939895629883)
2986_774,7438_20250901_192_1_19,192_1,0,38.707481384277344,-9.143119812011719,3,IN_TRANSIT_TO,2025-09-27 18:32:56,3821,2986,30-VM-12,POINT (-9.143119812011719 38.707481384277344)
551_28E,14999_20250901_75_0_11,75_0,1,38.71432113647461,-9.128399848937988,25,IN_TRANSIT_TO,2025-09-27 18:32:38,50561,551,,POINT (-9.128399848937988 38.71432113647461)
2990_730,4960_20250901_198_0_22,198_0,1,38.72547149658203,-9.144430160522461,3,IN_TRANSIT_TO,2025-09-27 18:32:40,6606,2990,30-VM-06,POINT (-9.144430160522461 38.72547149658203)
2604_708,3325_20250901_100_0_16,100_0,0,38.76179885864258,-9.112469673156738,20,IN_TRANSIT_TO,2025-09-27 18:32:32,8414,2604,66-VI-32,POINT (-9.112469673156738 38.76179885864258)
2663_714,3697_20240914_102_0_16,102_0,1,38.72127151489258,-9.221500396728516,4,IN_TRANSIT_TO,2024-10-22 20:26:58,18703,2663,05-VZ-62,POINT (-9.221500396728516 38.72127151489258)
581_18E,12187_20250901_78_0_27,78_0,0,38.7046012878418,-9.175649642944336,6,IN_TRANSIT_TO,2025-09-27 18:32:56,4004,581,,POINT (-9.175649642944336 38.7046012878418)
2685_754,6595_20250901_201_2_25,201_2,1,38.73297119140625,-9.216429710388184,6,IN_TRANSIT_TO,2025-09-27 18:32:37,18113,2685,93-XA-46,POINT (-9.216429710388184 38.73297119140625)
2615_759,6915_20250901_144_0_16,144_0,1,38.76298141479492,-9.117500305175781,16,IN_TRANSIT_TO,2025-09-27 18:32:20,8404,2615,66-VI-27,POINT (-9.117500305175781 38.76298141479492)
6043_760,7080_20250901_171_0_9,171_0,0,38.711448669433594,-9.210350036621094,36,IN_TRANSIT_TO,2025-09-27 18:32:47,12922,6043,BG-93-LT,POINT (-9.210350036621094 38.711448669433594)
554_12E,11026_20250901_77_0_19,77_0,1,38.712928771972656,-9.129349708557129,12,IN_TRANSIT_TO,2025-09-27 18:32:36,13813,554,,POINT (-9.129349708557129 38.712928771972656)
1714_742,5744_20250901_114_0_13,114_0,1,38.72697067260742,-9.16217041015625,30,IN_TRANSIT_TO,2025-09-27 18:32:47,6104,1714,69-AL-77,POINT (-9.16217041015625 38.72697067260742)
545_28E,14909_20250901_75_0_13,75_0,1,38.71403121948242,-9.161450386047363,5,IN_TRANSIT_TO,2025-09-27 18:32:31,8109,545,,POINT (-9.161450386047363 38.71403121948242)
2995_730,4940_20250901_198_0_24,198_0,0,38.72148132324219,-9.129579544067383,16,IN_TRANSIT_TO,2025-09-27 18:32:57,9105,2995,30-VM-15,POINT (-9.129579544067383 38.72148132324219)
580_28E,15051_20250901_75_0_10,75_0,0,38.713748931884766,-9.160699844360352,29,IN_TRANSIT_TO,2025-09-27 18:32:09,8112,580,,POINT (-9.160699844360352 38.713748931884766)
404_19B,35088_20250901_245_0_14,245_0,0,38.71554946899414,-9.14109992980957,19,IN_TRANSIT_TO,2025-09-27 18:32:32,50686,404,BF-14-TQ,POINT (-9.14109992980957 38.71554946899414)
265_73B,35078_20250901_220_0_16,220_0,0,38.70317077636719,-9.191080093383789,34,IN_TRANSIT_TO,2025-09-27 18:32:35,13406,265,AG-40-OV,POINT (-9.191080093383789 38.70317077636719)
2644_722,41523_20250901_196_0_11,196_0,1,38.74576950073242,-9.131329536437988,21,IN_TRANSIT_TO,2025-09-27 18:32:37,7308,2644,87-VS-52,POINT (-9.131329536437988 38.74576950073242)
2427_767,7187_20250901_112_0_13,112_0,0,38.7601318359375,-9.185029983520508,27,IN_TRANSIT_TO,2025-09-27 18:32:47,12804,2427,29-AX-14,POINT (-9.185029983520508 38.7601318359375)
6003_706,3219_20250901_147_0_8,147_0,1,38.706668853759766,-9.157750129699707,30,IN_TRANSIT_TO,2025-09-27 18:32:43,50593,6003,82-ZC-02,POINT (-9.157750129699707 38.706668853759766)
264_17B,35080_20250901_247_0_22,247_0,0,38.727970123291016,-9.14247989654541,7,IN_TRANSIT_TO,2025-09-27 18:32:46,6607,264,AG-42-OV,POINT (-9.14247989654541 38.727970123291016)
2778_746,5962_20250901_108_0_23,108_0,0,38.75328063964844,-9.20851993560791,21,IN_TRANSIT_TO,2025-09-27 18:32:33,10902,2778,AI-03-BT,POINT (-9.20851993560791 38.75328063964844)
555_12E,11039_20250901_77_0_17,77_0,1,38.70981979370117,-9.142419815063477,2,IN_TRANSIT_TO,2025-09-27 18:32:50,10515,555,,POINT (-9.142419815063477 38.70981979370117)
2974_774,7451_20250901_192_1_19,192_1,1,38.70967102050781,-9.135100364685059,35,IN_TRANSIT_TO,2025-09-27 18:32:06,5512,2974,30-VM-22,POINT (-9.135100364685059 38.70967102050781)
575_28E,14935_20250901_75_0_10,75_0,0,38.71432876586914,-9.16942024230957,34,IN_TRANSIT_TO,2025-09-27 18:32:44,8017,575,,POINT (-9.16942024230957 38.71432876586914)
2660_723,4163_20250901_121_0_19,121_0,0,38.69620132446289,-9.219779968261719,29,IN_TRANSIT_TO,2025-09-27 18:32:46,13204,2660,05-VZ-60,POINT (-9.219779968261719 38.69620132446289)
2782_714,3632_20250901_102_0_16,102_0,1,38.72338104248047,-9.225279808044434,1,IN_TRANSIT_TO,2025-09-27 18:31:58,18601,2782,AI-99-BS,POINT (-9.225279808044434 38.72338104248047)
2630_744,5813_20250901_200_0_16,200_0,1,38.76731872558594,-9.097979545593262,5,IN_TRANSIT_TO,2025-09-27 18:24:21,7822,2630,52-VP-89,POINT (-9.097979545593262 38.76731872558594)
2744_735,5207_20250901_172_0_16,172_0,1,38.719478607177734,-9.12261962890625,23,IN_TRANSIT_TO,2025-09-27 18:32:56,9116,2744,AG-13-TH,POINT (-9.12261962890625 38.719478607177734)
2651_722,41522_20250901_196_0_17,196_0,0,38.720149993896484,-9.1454496383667,2,IN_TRANSIT_TO,2025-09-27 18:32:34,1103,2651,05-VZ-54,POINT (-9.1454496383667 38.720149993896484)
2665_727,4507_20250901_103_2_11,103_2,0,38.709049224853516,-9.212369918823242,41,IN_TRANSIT_TO,2025-09-27 18:30:59,12406,2665,87-XB-33,POINT (-9.212369918823242 38.709049224853516)
2983_774,7431_20250901_192_1_19,192_1,0,38.717369079589844,-9.166680335998535,21,IN_TRANSIT_TO,2025-09-27 18:32:56,8005,2983,30-VM-08,POINT (-9.166680335998535 38.717369079589844)
262_10B,35052_20250901_242_0_26,242_0,0,38.709869384765625,-9.135100364685059,2,IN_TRANSIT_TO,2025-09-27 18:32:46,5603,262,AF-49-ZD,POINT (-9.135100364685059 38.709869384765625)
2627_755,17787_20250901_118_0_6,118_0,0,38.74821853637695,-9.164480209350586,38,IN_TRANSIT_TO,2025-09-27 18:32:30,13508,2627,52-VP-83,POINT (-9.164480209350586 38.74821853637695)
2608_759,6952_20250901_144_0_15,144_0,0,38.76074981689453,-9.111900329589844,29,IN_TRANSIT_TO,2025-09-27 18:32:55,8414,2608,66-VI-39,POINT (-9.111900329589844 38.76074981689453)
2966_730,4956_20250901_198_0_26,198_0,0,38.73612976074219,-9.119600296020508,2,IN_TRANSIT_TO,2025-09-27 18:30:16,50050,2966,30-VM-20,POINT (-9.119600296020508 38.73612976074219)
2719_738,5510_20250901_117_0_17,117_0,1,38.7135009765625,-9.161649703979492,11,IN_TRANSIT_TO,2025-09-27 18:32:41,8101,2719,92-XQ-17,POINT (-9.161649703979492 38.7135009765625)
2722_714,3654_20250901_102_0_17,102_0,0,38.705928802490234,-9.172329902648926,10,IN_TRANSIT_TO,2025-09-27 18:32:38,10208,2722,92-XQ-36,POINT (-9.172329902648926 38.705928802490234)
2972_79B,35096_20250901_221_0_17,221_0,0,38.696449279785156,-9.208230018615723,8,IN_TRANSIT_TO,2025-09-27 18:32:51,13209,2972,29-VM-96,POINT (-9.208230018615723 38.696449279785156)
2625_793,7976_20250901_145_0_23,145_0,1,38.748470306396484,-9.118550300598145,10,IN_TRANSIT_TO,2025-09-27 18:32:34,3606,2625,72-VP-79,POINT (-9.118550300598145 38.748470306396484)
2247_758,6771_20250901_150_0_17,150_0,0,38.71318054199219,-9.143349647521973,4,IN_TRANSIT_TO,2025-09-27 18:32:40,10503,2247,22-34-ZB,POINT (-9.143349647521973 38.71318054199219)
2402_778,7530_20250901_179_0_28,179_0,1,38.75273132324219,-9.189979553222656,0,IN_TRANSIT_TO,2025-09-27 18:32:45,,2402,50-AL-13,POINT (-9.189979553222656 38.75273132324219)
2760_712,3526_20250901_189_2_27,189_2,1,38.726619720458984,-9.136480331420898,7,IN_TRANSIT_TO,2025-09-27 18:32:28,615,2760,AH-35-ND,POINT (-9.136480331420898 38.726619720458984)
2496_735,5253_20250901_172_0_15,172_0,0,38.75605010986328,-9.148070335388184,29,IN_TRANSIT_TO,2025-09-27 18:32:36,11321,2496,88-BL-70,POINT (-9.148070335388184 38.75605010986328)
4639_796,8128_20250901_174_0_35,174_0,0,38.77421951293945,-9.160820007324219,5,IN_TRANSIT_TO,2025-09-27 18:32:54,5907,4639,27-JO-13,POINT (-9.160820007324219 38.77421951293945)
1749_717,3762_20250901_170_0_14,170_0,0,38.76496887207031,-9.157079696655273,17,IN_TRANSIT_TO,2025-09-27 18:32:47,5811,1749,92-HR-06,POINT (-9.157079696655273 38.76496887207031)
2970_774,7468_20250901_192_1_16,192_1,1,38.72309875488281,-9.159930229187012,9,IN_TRANSIT_TO,2025-09-27 18:32:36,8517,2970,29-VM-87,POINT (-9.159930229187012 38.72309875488281)
1747_717,3806_20250901_170_0_13,170_0,1,38.74591827392578,-9.131319999694824,35,IN_TRANSIT_TO,2025-09-27 18:32:45,7308,1747,92-HR-04,POINT (-9.131319999694824 38.74591827392578)
1746_735,5192_20250901_172_0_15,172_0,0,38.70846939086914,-9.13623046875,3,IN_TRANSIT_TO,2025-09-27 18:32:56,5501,1746,92-HR-03,POINT (-9.13623046875 38.70846939086914)
2811_718,3944_20250901_105_0_23,105_0,1,38.73143005371094,-9.126930236816406,7,IN_TRANSIT_TO,2025-09-27 18:32:49,7010,2811,02-IH-00,POINT (-9.126930236816406 38.73143005371094)
2960_40B,17559_20250901_212_0_24,212_0,1,38.777069091796875,-9.146120071411133,15,IN_TRANSIT_TO,2025-09-27 18:32:47,11511,2960,27-GU-75,POINT (-9.146120071411133 38.777069091796875)
2459_729,4782_20250901_104_0_15,104_0,1,38.70106887817383,-9.199769973754883,9,IN_TRANSIT_TO,2025-09-27 18:32:44,4105,2459,74-BC-74,POINT (-9.199769973754883 38.70106887817383)
4640_796,8114_20250901_174_0_38,174_0,1,38.79092025756836,-9.157219886779785,5,IN_TRANSIT_TO,2025-09-27 18:32:50,11609,4640,02-JN-87,POINT (-9.157219886779785 38.79092025756836)
1753_717,3858_20250901_170_0_13,170_0,0,38.79862976074219,-9.148719787597656,39,IN_TRANSIT_TO,2025-09-27 18:32:35,16004,1753,34-HU-19,POINT (-9.148719787597656 38.79862976074219)
2761_712,3536_20250901_189_2_27,189_2,0,38.72761917114258,-9.140020370483398,14,IN_TRANSIT_TO,2025-09-27 18:32:51,6905,2761,AH-33-ND,POINT (-9.140020370483398 38.72761917114258)
2810_793,7986_20250901_145_0_24,145_0,0,38.74522018432617,-9.13467025756836,28,IN_TRANSIT_TO,2025-09-27 18:32:55,50109,2810,01-IH-99,POINT (-9.13467025756836 38.74522018432617)
2411_726,4289_20250901_116_0_17,116_0,0,38.73627853393555,-9.14175033569336,9,IN_TRANSIT_TO,2025-09-27 18:32:46,11102,2411,62-AL-11,POINT (-9.14175033569336 38.73627853393555)
2700_723,4141_20250901_121_0_17,121_0,1,38.71697998046875,-9.20995044708252,12,IN_TRANSIT_TO,2025-09-27 18:32:36,10404,2700,92-XQ-26,POINT (-9.20995044708252 38.71697998046875)
2410_729,4763_20250901_104_0_15,104_0,1,38.75027847290039,-9.202850341796875,28,IN_TRANSIT_TO,2025-09-27 18:32:38,10920,2410,92-AO-46,POINT (-9.202850341796875 38.75027847290039)
2777_727,4471_20250901_103_2_13,103_2,1,38.73699951171875,-9.145520210266113,40,IN_TRANSIT_TO,2025-09-27 18:32:42,1801,2777,AI-01-BT,POINT (-9.145520210266113 38.73699951171875)
2710_738,5526_20250901_117_0_17,117_0,0,38.73371887207031,-9.144980430603027,18,IN_TRANSIT_TO,2025-09-27 18:32:33,1802,2710,92-XQ-19,POINT (-9.144980430603027 38.73371887207031)
2623_744,5827_20250901_200_0_17,200_0,0,38.76974868774414,-9.12522029876709,19,IN_TRANSIT_TO,2025-09-27 18:32:36,7603,2623,66-VI-26,POINT (-9.12522029876709 38.76974868774414)
2756_720,4062_20250901_143_0_19,143_0,1,38.73749923706055,-9.124150276184082,29,IN_TRANSIT_TO,2025-09-27 18:30:54,9006,2756,AH-27-ND,POINT (-9.124150276184082 38.73749923706055)
2450_726,4314_20250901_116_0_16,116_0,1,38.746070861816406,-9.169599533081055,13,IN_TRANSIT_TO,2025-09-27 18:32:34,12710,2450,44-BC-36,POINT (-9.169599533081055 38.746070861816406)
2499_794,8065_20250901_115_0_19,115_0,0,38.731319427490234,-9.116849899291992,9,IN_TRANSIT_TO,2025-09-27 18:32:41,17577,2499,03-BM-58,POINT (-9.116849899291992 38.731319427490234)
2300_742,5741_20250901_114_0_12,114_0,1,38.735069274902344,-9.147379875183105,36,IN_TRANSIT_TO,2025-09-27 18:32:39,1410,2300,83-13-ZM,POINT (-9.147379875183105 38.735069274902344)
1721_701,2972_20250901_123_0_21,123_0,0,38.75590133666992,-9.17140007019043,13,IN_TRANSIT_TO,2025-09-27 18:32:50,50177,1721,25-AS-33,POINT (-9.17140007019043 38.75590133666992)
2759_727,4446_20250901_103_2_13,103_2,0,38.69752883911133,-9.195730209350586,29,IN_TRANSIT_TO,2025-09-27 18:32:34,9508,2759,AH-21-ND,POINT (-9.195730209350586 38.69752883911133)
1705_701,2934_20250901_123_0_21,123_0,1,38.74782180786133,-9.151430130004883,24,IN_TRANSIT_TO,2025-09-27 18:32:44,13502,1705,69-AL-68,POINT (-9.151430130004883 38.74782180786133)
1710_717,3775_20250901_170_0_16,170_0,0,38.75736999511719,-9.143930435180664,12,IN_TRANSIT_TO,2025-09-27 18:32:32,11306,1710,69-AL-73,POINT (-9.143930435180664 38.75736999511719)
2768_714,3635_20250901_102_0_13,102_0,0,38.70735168457031,-9.21362018585205,25,IN_TRANSIT_TO,2025-09-27 18:32:51,13120,2768,AH-25-ND,POINT (-9.21362018585205 38.70735168457031)
2666_776,7490_20250901_193_2_6,193_2,0,38.69860076904297,-9.229350090026855,1,IN_TRANSIT_TO,2025-09-27 18:32:34,4220,2666,87-XB-39,POINT (-9.229350090026855 38.69860076904297)
1722_742,5702_20250901_114_0_14,114_0,0,38.73373031616211,-9.133870124816895,17,IN_TRANSIT_TO,2025-09-27 18:32:48,503,1722,25-AS-34,POINT (-9.133870124816895 38.73373031616211)
2487_703,3125_20250901_165_0_17,165_0,0,38.76607131958008,-9.182649612426758,25,IN_TRANSIT_TO,2025-09-27 18:32:56,12810,2487,54-BH-97,POINT (-9.182649612426758 38.76607131958008)
2470_703,3101_20250901_165_0_18,165_0,1,38.74480056762695,-9.19890022277832,4,IN_TRANSIT_TO,2025-09-27 18:32:49,2812,2470,74-BC-71,POINT (-9.19890022277832 38.74480056762695)
1762_735,5243_20250901_172_0_16,172_0,1,38.755699157714844,-9.149450302124023,4,IN_TRANSIT_TO,2025-09-27 18:32:43,5706,1762,63-HX-32,POINT (-9.149450302124023 38.755699157714844)
2239_768,7338_20250901_111_2_19,111_2,1,38.77450180053711,-9.181300163269043,11,IN_TRANSIT_TO,2025-09-27 18:32:48,14118,2239,06-30-XX,POINT (-9.181300163269043 38.77450180053711)
2774_727,4449_20250901_103_2_14,103_2,0,38.73551940917969,-9.145319938659668,4,IN_TRANSIT_TO,2025-09-27 18:32:32,1810,2774,AH-22-ND,POINT (-9.145319938659668 38.73551940917969)
405_51E,62226_20250901_158_0_11,158_0,0,38.7127685546875,-9.139349937438965,2,IN_TRANSIT_TO,2025-09-27 18:30:31,908,405,BF-14-TU,POINT (-9.139349937438965 38.7127685546875)
2747_701,2955_20250901_123_0_25,123_0,1,38.72544860839844,-9.163370132446289,6,IN_TRANSIT_TO,2025-09-27 18:32:45,8508,2747,AG-09-TH,POINT (-9.163370132446289 38.72544860839844)
1772_742,5727_20250901_114_0_10,114_0,1,38.72557830810547,-9.112950325012207,51,IN_TRANSIT_TO,2025-09-27 18:32:39,9807,1772,63-HX-22,POINT (-9.112950325012207 38.72557830810547)
1779_717,3841_20250901_170_0_16,170_0,1,38.79813003540039,-9.146069526672363,0,IN_TRANSIT_TO,2025-09-27 18:32:36,,1779,63-HX-20,POINT (-9.146069526672363 38.79813003540039)
1718_742,5662_20250901_114_0_13,114_0,0,38.70920181274414,-9.191619873046875,53,IN_TRANSIT_TO,2025-09-27 18:32:32,50232,1718,69-AL-81,POINT (-9.191619873046875 38.70920181274414)
2772_727,4493_20250901_103_2_14,103_2,1,38.698448181152344,-9.203880310058594,11,IN_TRANSIT_TO,2025-09-27 18:32:47,9601,2772,AH-24-ND,POINT (-9.203880310058594 38.698448181152344)
1760_717,3828_20250901_170_0_17,170_0,0,38.7746696472168,-9.149200439453125,40,IN_TRANSIT_TO,2025-09-27 18:32:30,16002,1760,34-HU-26,POINT (-9.149200439453125 38.7746696472168)
2473_729,4804_20250901_104_0_13,104_0,0,38.70241928100586,-9.199620246887207,32,IN_TRANSIT_TO,2025-09-27 18:32:50,13307,2473,74-BC-68,POINT (-9.199620246887207 38.70241928100586)
1758_717,3784_20250901_170_0_17,170_0,0,38.73735046386719,-9.133700370788574,2,IN_TRANSIT_TO,2025-09-27 18:32:27,414,1758,34-HU-24,POINT (-9.133700370788574 38.73735046386719)
2775_728,4677_20250901_204_0_2,204_0,0,38.77307891845703,-9.104630470275879,44,IN_TRANSIT_TO,2025-09-27 18:31:17,7803,2775,AH-31-ND,POINT (-9.104630470275879 38.77307891845703)
2285_731,4990_20250901_190_0_16,190_0,1,38.75400161743164,-9.155380249023438,25,IN_TRANSIT_TO,2025-09-27 18:32:24,5703,2285,67-55-ZJ,POINT (-9.155380249023438 38.75400161743164)
2809_718,3966_20250901_105_0_19,105_0,1,38.751949310302734,-9.10457992553711,24,IN_TRANSIT_TO,2025-09-27 18:32:34,2206,2809,01-IH-98,POINT (-9.10457992553711 38.751949310302734)
2269_724,19279_20250901_178_0_20,178_0,1,38.75640106201172,-9.203829765319824,4,IN_TRANSIT_TO,2025-09-27 18:32:43,13712,2269,76-88-ZG,POINT (-9.203829765319824 38.75640106201172)
2758_738,5542_20250901_117_0_15,117_0,1,38.751678466796875,-9.167519569396973,30,IN_TRANSIT_TO,2025-09-27 18:32:33,13508,2758,AH-36-ND,POINT (-9.167519569396973 38.751678466796875)
2839_728,4617_20250901_204_0_12,204_0,1,38.761478424072266,-9.096320152282715,11,IN_TRANSIT_TO,2025-09-27 18:32:45,2401,2839,BF-69-FZ,POINT (-9.096320152282715 38.761478424072266)
1703_794,8033_20250901_115_0_17,115_0,1,38.75120162963867,-9.124870300292969,21,IN_TRANSIT_TO,2025-09-27 18:32:36,14725,1703,35-AL-13,POINT (-9.124870300292969 38.75120162963867)
1766_794,8075_20250901_115_0_16,115_0,1,38.707828521728516,-9.132619857788086,38,IN_TRANSIT_TO,2025-09-27 18:31:04,8202,1766,63-HX-33,POINT (-9.132619857788086 38.707828521728516)
2465_726,4292_20250901_116_0_17,116_0,0,38.721500396728516,-9.129630088806152,2,IN_TRANSIT_TO,2025-09-27 18:32:28,9105,2465,55-BH-00,POINT (-9.129630088806152 38.721500396728516)
1715_717,3797_20250901_170_0_16,170_0,1,38.734169006347656,-9.135120391845703,39,IN_TRANSIT_TO,2025-09-27 18:32:51,410,1715,69-AL-78,POINT (-9.135120391845703 38.734169006347656)
2271_724,4189_20250901_178_0_25,178_0,0,38.746620178222656,-9.197779655456543,17,IN_TRANSIT_TO,2025-09-27 18:32:52,2801,2271,92-54-ZM,POINT (-9.197779655456543 38.746620178222656)
2498_794,8056_20250901_115_0_18,115_0,0,38.75416946411133,-9.113800048828125,28,IN_TRANSIT_TO,2025-09-27 18:32:55,24377,2498,03-BM-57,POINT (-9.113800048828125 38.75416946411133)
1761_742,5760_20250901_114_0_10,114_0,1,38.7140007019043,-9.195730209350586,2,IN_TRANSIT_TO,2025-09-27 18:32:35,12928,1761,63-HX-19,POINT (-9.195730209350586 38.7140007019043)
2477_767,7229_20250901_112_0_12,112_0,1,38.73981857299805,-9.13718032836914,37,IN_TRANSIT_TO,2025-09-27 18:32:50,6408,2477,91-BE-73,POINT (-9.13718032836914 38.73981857299805)
2484_703,3110_20250901_165_0_17,165_0,0,38.760318756103516,-9.184499740600586,30,IN_TRANSIT_TO,2025-09-27 18:32:13,12804,2484,91-BE-76,POINT (-9.184499740600586 38.760318756103516)
225_773,7404_20250901_124_0_24,124_0,1,38.70690155029297,-9.173150062561035,0,IN_TRANSIT_TO,2025-09-27 18:32:42,,225,84-37-XQ,POINT (-9.173150062561035 38.70690155029297)
601_15E,11229_20250901_76_0_18,76_0,1,38.703521728515625,-9.167449951171875,15,IN_TRANSIT_TO,2025-09-27 18:32:49,4001,601,,POINT (-9.167449951171875 38.703521728515625)
605_15E,11187_20250901_76_0_15,76_0,0,38.70814895629883,-9.137120246887207,2,IN_TRANSIT_TO,2025-09-27 18:32:50,5515,605,,POINT (-9.137120246887207 38.70814895629883)
2240_768,7344_20250901_111_2_17,111_2,0,38.774078369140625,-9.155670166015625,35,IN_TRANSIT_TO,2025-09-27 18:32:25,5913,2240,06-31-XX,POINT (-9.155670166015625 38.774078369140625)
2403_703,3150_20250901_165_0_18,165_0,1,38.774078369140625,-9.161970138549805,25,IN_TRANSIT_TO,2025-09-27 18:32:52,5915,2403,50-AL-12,POINT (-9.161970138549805 38.774078369140625)
2838_751,6440_20250901_109_0_21,109_0,1,38.69752883911133,-9.195579528808594,19,IN_TRANSIT_TO,2025-09-27 18:32:39,4109,2838,BF-59-FZ,POINT (-9.195579528808594 38.69752883911133)
221_773,7385_20250901_124_0_31,124_0,0,38.716949462890625,-9.148730278015137,4,IN_TRANSIT_TO,2025-09-27 18:32:53,10608,221,11-06-XO,POINT (-9.148730278015137 38.716949462890625)
2401_703,3136_20250901_165_0_19,165_0,0,38.786128997802734,-9.150019645690918,5,IN_TRANSIT_TO,2025-09-27 18:32:46,6002,2401,50-AL-14,POINT (-9.150019645690918 38.786128997802734)
2485_726,4311_20250901_116_0_16,116_0,1,38.73154830932617,-9.137700080871582,27,IN_TRANSIT_TO,2025-09-27 18:32:35,6501,2485,91-BE-77,POINT (-9.137700080871582 38.73154830932617)
2408_747,6077_20250901_177_0_26,177_0,1,38.76166915893555,-9.197319984436035,0,IN_TRANSIT_TO,2025-09-27 18:32:24,,2408,50-AL-08,POINT (-9.197319984436035 38.76166915893555)
2776_764,7136_20250901_168_2_33,168_2,0,38.746150970458984,-9.2122802734375,13,IN_TRANSIT_TO,2025-09-27 18:32:38,3016,2776,AI-07-BT,POINT (-9.2122802734375 38.746150970458984)
228_13B,35066_20250901_243_0_26,243_0,0,38.72338104248047,-9.133000373840332,4,IN_TRANSIT_TO,2025-09-27 18:32:49,708,228,84-39-XQ,POINT (-9.133000373840332 38.72338104248047)
2474_767,7266_20250901_112_0_14,112_0,1,38.74974822998047,-9.212869644165039,5,IN_TRANSIT_TO,2025-09-27 18:32:33,3003,2474,74-BC-67,POINT (-9.212869644165039 38.74974822998047)
606_15E,11290_20250901_76_0_19,76_0,0,38.702579498291016,-9.18008041381836,10,IN_TRANSIT_TO,2025-09-27 18:32:42,12116,606,,POINT (-9.18008041381836 38.702579498291016)
2748_735,5183_20250901_172_0_17,172_0,0,38.73067092895508,-9.127320289611816,16,IN_TRANSIT_TO,2025-09-27 18:32:36,7003,2748,AG-96-TG,POINT (-9.127320289611816 38.73067092895508)
2283_731,5008_20250901_190_0_16,190_0,1,38.78382873535156,-9.110980033874512,32,IN_TRANSIT_TO,2025-09-27 18:32:53,1608,2283,67-39-ZJ,POINT (-9.110980033874512 38.78382873535156)
2451_767,7274_20250901_112_0_9,112_0,0,38.756378173828125,-9.204150199890137,38,IN_TRANSIT_TO,2025-09-27 18:32:35,13702,2451,75-AQ-16,POINT (-9.204150199890137 38.756378173828125)
2464_747,6095_20250901_177_0_26,177_0,0,38.76422119140625,-9.176230430603027,9,IN_TRANSIT_TO,2025-09-27 18:32:32,50007,2464,91-BE-71,POINT (-9.176230430603027 38.76422119140625)
260_65B,35092_20250901_250_0_24,250_0,0,38.71900177001953,-9.169580459594727,4,IN_TRANSIT_TO,2025-09-27 18:32:40,8014,260,AG-79-EF,POINT (-9.169580459594727 38.71900177001953)
2610_783,7837_20250901_203_2_18,203_2,0,38.756221771240234,-9.14783000946045,12,IN_TRANSIT_TO,2025-09-27 18:32:56,5708,2610,66-VI-20,POINT (-9.14783000946045 38.756221771240234)
2840_751,6483_20250901_109_0_21,109_0,0,38.728729248046875,-9.172479629516602,1,IN_TRANSIT_TO,2025-09-27 18:32:51,2702,2840,BF-75-FZ,POINT (-9.172479629516602 38.728729248046875)
4838_736,41525_20250901_199_0_14,199_0,1,38.77716827392578,-9.16409969329834,8,IN_TRANSIT_TO,2025-09-27 18:32:33,5910,4838,34-VR-22,POINT (-9.16409969329834 38.77716827392578)
2438_767,7243_20250901_112_0_12,112_0,1,38.75891876220703,-9.180769920349121,20,IN_TRANSIT_TO,2025-09-27 18:32:40,12803,2438,44-BC-29,POINT (-9.180769920349121 38.75891876220703)
6029_732,5048_20250901_107_2_14,107_2,1,38.72032165527344,-9.145520210266113,34,IN_TRANSIT_TO,2025-09-27 18:32:47,1103,6029,BF-52-AX,POINT (-9.145520210266113 38.72032165527344)
2276_758,6794_20250901_150_0_18,150_0,1,38.74237060546875,-9.172050476074219,13,IN_TRANSIT_TO,2025-09-27 18:32:36,1615,2276,53-57-ZJ,POINT (-9.172050476074219 38.74237060546875)
2466_716,3726_20250901_164_0_21,164_0,0,38.739898681640625,-9.151080131530762,6,IN_TRANSIT_TO,2025-09-27 18:32:20,1407,2466,16-AZ-16,POINT (-9.151080131530762 38.739898681640625)
2668_711,3505_20250901_101_0_13,101_0,0,38.723548889160156,-9.176770210266113,10,IN_TRANSIT_TO,2025-09-27 18:32:28,8607,2668,87-XB-36,POINT (-9.176770210266113 38.723548889160156)
4829_736,5367_20250901_199_0_15,199_0,0,38.74232864379883,-9.146699905395508,8,IN_TRANSIT_TO,2025-09-27 18:32:31,1809,4829,34-VR-21,POINT (-9.146699905395508 38.74232864379883)
208_46B,35063_20250901_239_2_20,239_2,0,38.74911880493164,-9.141900062561035,2,IN_TRANSIT_TO,2025-09-27 18:32:50,208,208,33-47-XH,POINT (-9.141900062561035 38.74911880493164)
2843_728,36651_20250901_204_0_6,204_0,0,38.69649887084961,-9.19534969329834,12,IN_TRANSIT_TO,2025-09-27 18:32:46,4101,2843,BF-63-FZ,POINT (-9.19534969329834 38.69649887084961)
564_24E,17843_20250901_213_0_32,213_0,0,38.71979904174805,-9.154020309448242,6,IN_TRANSIT_TO,2025-09-27 18:32:51,10607,564,,POINT (-9.154020309448242 38.71979904174805)
2210_742,5683_20250901_114_0_13,114_0,0,38.733829498291016,-9.154450416564941,25,IN_TRANSIT_TO,2025-09-27 18:32:41,1413,2210,01-66-XO,POINT (-9.154450416564941 38.733829498291016)
2205_742,5680_20250901_114_0_11,114_0,0,38.70669937133789,-9.173669815063477,38,IN_TRANSIT_TO,2025-09-27 18:32:55,9401,2205,01-71-XO,POINT (-9.173669815063477 38.70669937133789)
6028_706,19502_20250901_147_0_5,147_0,0,38.708770751953125,-9.150529861450195,5,IN_TRANSIT_TO,2025-09-27 18:32:07,3922,6028,BF-68-AX,POINT (-9.150529861450195 38.708770751953125)
561_28E,14947_20250901_75_0_12,75_0,0,38.71432876586914,-9.169349670410156,34,IN_TRANSIT_TO,2025-09-27 18:32:54,8017,561,,POINT (-9.169349670410156 38.71432876586914)
2222_742,5755_20250901_114_0_14,114_0,1,38.70484924316406,-9.197699546813965,12,IN_TRANSIT_TO,2025-09-27 18:32:42,13303,2222,08-17-XS,POINT (-9.197699546813965 38.70484924316406)
562_28E,15039_20250901_75_0_13,75_0,1,38.71025085449219,-9.152580261230469,9,IN_TRANSIT_TO,2025-09-27 18:32:41,6723,562,,POINT (-9.152580261230469 38.71025085449219)
4615_750,6376_20250901_106_0_15,106_0,1,38.751731872558594,-9.187600135803223,19,IN_TRANSIT_TO,2025-09-27 18:32:38,10827,4615,22-GP-49,POINT (-9.187600135803223 38.751731872558594)
560_24E,17833_20250901_213_0_33,213_0,1,38.71160125732422,-9.14286994934082,10,IN_TRANSIT_TO,2025-09-27 18:32:33,10504,560,,POINT (-9.14286994934082 38.71160125732422)
230_773,7394_20250901_124_0_30,124_0,1,38.71472930908203,-9.149720191955566,22,IN_TRANSIT_TO,2025-09-27 18:32:27,6715,230,13-33-XZ,POINT (-9.149720191955566 38.71472930908203)
615_15E,11304_20250901_76_0_11,76_0,0,38.70640182495117,-9.14721965789795,4,IN_TRANSIT_TO,2025-09-27 18:32:50,3802,615,,POINT (-9.14721965789795 38.70640182495117)
2241_731,4975_20250901_190_0_15,190_0,0,38.7377815246582,-9.164429664611816,0,IN_TRANSIT_TO,2025-09-27 18:32:56,,2241,22-37-ZB,POINT (-9.164429664611816 38.7377815246582)
2273_768,7324_20250901_111_2_19,111_2,0,38.747318267822266,-9.180870056152344,10,IN_TRANSIT_TO,2025-09-27 18:32:34,10702,2273,76-81-ZG,POINT (-9.180870056152344 38.747318267822266)
