id,trip_id,route_id,direction_id,latitude,longitude,current_stop_sequence,current_status,timestamp,stop_id,vehicle_id,license_plate,geometry
2689_738,5535_20250401_117_0_10,117_0,0,38.75006866455078,-9.15861988067627,0,IN_TRANSIT_TO,2025-04-23 14:59:13,,2689,93-XA-45,POINT (-9.15861988067627 38.75006866455078)
4648_728,4661_20250401_204_0_7,204_0,1,38.706298828125,-9.144780158996582,34,IN_TRANSIT_TO,2025-04-23 14:59:23,3820,4648,98-JO-47,POINT (-9.144780158996582 38.706298828125)
2302_717,3863_20250401_170_0_11,170_0,0,38.758670806884766,-9.154230117797852,15,IN_TRANSIT_TO,2025-04-23 14:59:27,5805,2302,83-08-ZM,POINT (-9.154230117797852 38.758670806884766)
611_15E,11280_20250401_76_0_14,76_0,1,38.70009994506836,-9.183549880981445,12,IN_TRANSIT_TO,2025-04-23 14:59:44,9503,611,,POINT (-9.183549880981445 38.70009994506836)
304_744,5838_20250401_200_0_11,200_0,0,38.74209976196289,-9.146699905395508,7,IN_TRANSIT_TO,2025-04-23 14:59:34,1809,304,22-SP-91,POINT (-9.146699905395508 38.74209976196289)
4606_750,6262_20250401_106_0_10,106_0,1,38.75571823120117,-9.148969650268555,26,IN_TRANSIT_TO,2025-04-23 14:59:33,5712,4606,96-GL-83,POINT (-9.148969650268555 38.75571823120117)
2254_731,4989_20250401_190_0_12,190_0,1,38.7836799621582,-9.11227035522461,3,IN_TRANSIT_TO,2025-04-23 14:59:36,12610,2254,80-51-ZE,POINT (-9.11227035522461 38.7836799621582)
6022_771,21940_20250401_248_0_16,248_0,0,38.737571716308594,-9.168379783630371,3,IN_TRANSIT_TO,2025-04-23 14:59:22,2712,6022,BF-48-BB,POINT (-9.168379783630371 38.737571716308594)
2440_716,3744_20250401_164_0_15,164_0,0,38.74314880371094,-9.174269676208496,14,IN_TRANSIT_TO,2025-04-23 14:59:26,1616,2440,29-AX-08,POINT (-9.174269676208496 38.74314880371094)
2992_730,4947_20250401_198_0_15,198_0,1,38.72241973876953,-9.140899658203125,5,IN_TRANSIT_TO,2025-04-23 14:59:31,9206,2992,29-VM-95,POINT (-9.140899658203125 38.72241973876953)
2448_706,3266_20250401_147_0_11,147_0,1,38.721370697021484,-9.151949882507324,23,IN_TRANSIT_TO,2025-04-23 14:59:44,6820,2448,44-BC-34,POINT (-9.151949882507324 38.721370697021484)
558_28E,14934_20250401_75_0_8,75_0,0,38.714481353759766,-9.128499984741211,10,IN_TRANSIT_TO,2025-04-23 14:59:39,14802,558,,POINT (-9.128499984741211 38.714481353759766)
2250_731,19403_20240727_190_0_8,190_0,1,38.78303146362305,-9.114009857177734,3,IN_TRANSIT_TO,2024-08-10 10:41:27,12610,2250,80-41-ZE,POINT (-9.114009857177734 38.78303146362305)
2328_755,6682_20250401_118_0_11,118_0,1,38.75082015991211,-9.113920211791992,29,IN_TRANSIT_TO,2025-04-23 14:58:52,24375,2328,62-96-ZG,POINT (-9.113920211791992 38.75082015991211)
2321_712,3550_20250401_189_0_13,189_0,0,38.72317123413086,-9.166350364685059,23,IN_TRANSIT_TO,2025-04-23 14:59:26,8609,2321,04-47-ZF,POINT (-9.166350364685059 38.72317123413086)
2256_758,6793_20250401_150_0_12,150_0,1,38.72060012817383,-9.155699729919434,25,IN_TRANSIT_TO,2025-04-23 14:59:17,6813,2256,80-53-ZE,POINT (-9.155699729919434 38.72060012817383)
2795_714,3640_20250401_102_0_12,102_0,1,38.706668853759766,-9.176369667053223,28,IN_TRANSIT_TO,2025-04-23 14:59:26,12105,2795,AJ-55-LI,POINT (-9.176369667053223 38.706668853759766)
2346_724,4230_20250401_178_0_19,178_0,0,38.73065185546875,-9.203780174255371,9,IN_TRANSIT_TO,2025-04-23 14:57:49,8712,2346,62-93-ZG,POINT (-9.203780174255371 38.73065185546875)
4617_728,4706_20250401_204_0_9,204_0,1,38.78273010253906,-9.108579635620117,2,IN_TRANSIT_TO,2025-04-23 14:59:34,12615,4617,22-GP-51,POINT (-9.108579635620117 38.78273010253906)
4620_750,6283_20250401_106_0_2,106_0,1,38.75722885131836,-9.178580284118652,20,IN_TRANSIT_TO,2025-04-23 14:59:38,10809,4620,22-GP-54,POINT (-9.178580284118652 38.75722885131836)
2951_32B,17548_20250401_211_0_15,211_0,0,38.74776840209961,-9.112469673156738,17,IN_TRANSIT_TO,2025-04-23 14:59:23,3714,2951,62-GQ-53,POINT (-9.112469673156738 38.74776840209961)
2954_40B,19262_20250401_212_0_15,212_0,0,38.77545166015625,-9.159379959106445,24,IN_TRANSIT_TO,2025-04-23 14:59:39,5920,2954,62-GQ-56,POINT (-9.159379959106445 38.77545166015625)
4642_750,6390_20250401_106_0_10,106_0,0,38.75001907348633,-9.195329666137695,23,IN_TRANSIT_TO,2025-04-23 14:59:20,10806,4642,90-JI-99,POINT (-9.195329666137695 38.75001907348633)
4816_751,6481_20250401_109_0_15,109_0,0,38.69770050048828,-9.20438003540039,16,IN_TRANSIT_TO,2025-04-23 14:59:27,9604,4816,34-VR-17,POINT (-9.20438003540039 38.69770050048828)
4614_750,6313_20250401_106_0_11,106_0,1,38.740501403808594,-9.202520370483398,9,IN_TRANSIT_TO,2025-04-23 14:59:33,8807,4614,96-GL-90,POINT (-9.202520370483398 38.740501403808594)
4616_728,4698_20250401_204_0_7,204_0,1,38.7244987487793,-9.112070083618164,26,IN_TRANSIT_TO,2025-04-23 14:59:15,9810,4616,22-GP-50,POINT (-9.112070083618164 38.7244987487793)
2943_31B,17538_20250401_210_0_15,210_0,0,38.747371673583984,-9.115050315856934,20,IN_TRANSIT_TO,2025-04-23 14:59:32,3713,2943,51-GL-83,POINT (-9.115050315856934 38.747371673583984)
2945_29B,17534_20250401_209_0_14,209_0,0,38.770530700683594,-9.108719825744629,12,IN_TRANSIT_TO,2025-04-23 14:59:43,7809,2945,75-GO-14,POINT (-9.108719825744629 38.770530700683594)
2973_737,5475_20250401_173_0_31,173_0,0,38.713951110839844,-9.138019561767578,0,IN_TRANSIT_TO,2025-04-23 14:59:14,,2973,30-VM-13,POINT (-9.138019561767578 38.713951110839844)
2688_746,5986_20250401_108_0_14,108_0,1,38.73352813720703,-9.153400421142578,21,IN_TRANSIT_TO,2025-04-23 14:59:42,1404,2688,93-XA-35,POINT (-9.153400421142578 38.73352813720703)
2692_711,3497_20250401_101_0_2,101_0,1,38.74346923828125,-9.217769622802734,0,IN_TRANSIT_TO,2025-04-23 14:59:26,,2692,90-XF-62,POINT (-9.217769622802734 38.74346923828125)
2691_764,7142_20250401_168_0_14,168_0,0,38.75325012207031,-9.187899589538574,14,IN_TRANSIT_TO,2025-04-23 14:59:19,12802,2691,90-XF-45,POINT (-9.187899589538574 38.75325012207031)
2693_738,5512_20250401_117_0_11,117_0,0,38.720279693603516,-9.153969764709473,23,IN_TRANSIT_TO,2025-04-23 14:59:41,6806,2693,90-XF-46,POINT (-9.153969764709473 38.720279693603516)
6048_732,5085_20250401_107_0_10,107_0,0,38.72467041015625,-9.15077018737793,13,IN_TRANSIT_TO,2025-04-23 14:58:56,1212,6048,BH-46-IR,POINT (-9.15077018737793 38.72467041015625)
2695_713,3621_20250401_122_0_13,122_0,0,38.71382141113281,-9.161020278930664,16,IN_TRANSIT_TO,2025-04-23 14:59:36,8104,2695,90-XF-50,POINT (-9.161020278930664 38.71382141113281)
2705_711,3475_20250401_101_0_12,101_0,1,38.72434997558594,-9.159879684448242,27,IN_TRANSIT_TO,2025-04-23 14:59:32,8502,2705,92-XQ-29,POINT (-9.159879684448242 38.72434997558594)
2684_709,3412_20250401_148_0_20,148_0,0,38.72542953491211,-9.149519920349121,4,IN_TRANSIT_TO,2025-04-23 14:59:26,1103,2684,99-XE-59,POINT (-9.149519920349121 38.72542953491211)
2683_713,3606_20250401_122_0_2,122_0,1,38.707218170166016,-9.173819541931152,7,IN_TRANSIT_TO,2025-04-23 14:59:35,9425,2683,99-XE-55,POINT (-9.173819541931152 38.707218170166016)
2682_713,3576_20250401_122_0_13,122_0,0,38.73672866821289,-9.13634967803955,0,IN_TRANSIT_TO,2025-04-23 14:59:30,,2682,93-XA-42,POINT (-9.13634967803955 38.73672866821289)
6047_760,7022_20250401_171_0_9,171_0,1,38.708919525146484,-9.136099815368652,32,IN_TRANSIT_TO,2025-04-23 14:59:20,5519,6047,BH-20-IP,POINT (-9.136099815368652 38.708919525146484)
6046_760,7098_20250401_171_0_9,171_0,0,38.70677185058594,-9.141670227050781,11,IN_TRANSIT_TO,2025-04-23 14:59:24,3820,6046,BH-73-IR,POINT (-9.141670227050781 38.70677185058594)
2959_40B,17568_20250401_212_0_16,212_0,1,38.77437973022461,-9.157879829406738,3,IN_TRANSIT_TO,2025-04-23 14:59:35,50162,2959,27-GU-74,POINT (-9.157879829406738 38.77437973022461)
4643_750,6372_20250401_106_0_9,106_0,0,38.71377944946289,-9.224599838256836,34,IN_TRANSIT_TO,2025-04-23 14:59:17,18111,4643,98-JO-45,POINT (-9.224599838256836 38.71377944946289)
2676_727,4536_20250401_103_0_8,103_0,0,38.6982307434082,-9.204019546508789,37,IN_TRANSIT_TO,2025-04-23 14:59:16,9604,2676,87-XB-40,POINT (-9.204019546508789 38.6982307434082)
2677_723,4182_20250401_121_0_12,121_0,0,38.7100715637207,-9.214969635009766,27,IN_TRANSIT_TO,2025-04-23 14:59:22,9707,2677,87-XB-41,POINT (-9.214969635009766 38.7100715637207)
2680_723,4177_20250401_121_0_10,121_0,1,38.714149475097656,-9.201029777526855,19,IN_TRANSIT_TO,2025-04-23 14:59:27,10315,2680,93-XA-36,POINT (-9.201029777526855 38.714149475097656)
2673_764,7166_20250401_168_0_12,168_0,1,38.74753189086914,-9.221500396728516,2,IN_TRANSIT_TO,2025-04-23 14:59:27,3006,2673,87-XB-37,POINT (-9.221500396728516 38.74753189086914)
2672_764,7158_20250401_168_0_13,168_0,1,38.750099182128906,-9.162569999694824,31,IN_TRANSIT_TO,2025-04-23 14:59:43,12705,2672,87-XB-44,POINT (-9.162569999694824 38.750099182128906)
2670_764,7135_20250401_168_0_13,168_0,0,38.740848541259766,-9.208880424499512,24,IN_TRANSIT_TO,2025-04-23 14:59:27,8818,2670,87-XB-32,POINT (-9.208880424499512 38.740848541259766)
6001_706,3260_20250401_147_0_11,147_0,1,38.71995162963867,-9.155329704284668,24,IN_TRANSIT_TO,2025-04-23 14:57:37,6810,6001,99-XU-70,POINT (-9.155329704284668 38.71995162963867)
2675_754,6584_20250401_201_0_11,201_0,0,38.74148178100586,-9.145979881286621,2,IN_TRANSIT_TO,2025-04-23 14:59:27,1904,2675,87-XB-35,POINT (-9.145979881286621 38.74148178100586)
2962_770,7364_20250401_191_0_17,191_0,0,38.73247146606445,-9.172269821166992,13,IN_TRANSIT_TO,2025-04-23 14:59:39,50087,2962,30-VM-07,POINT (-9.172269821166992 38.73247146606445)
2961_774,7430_20250401_192_0_24,192_0,1,38.723201751708984,-9.148520469665527,4,IN_TRANSIT_TO,2025-04-23 14:59:32,1217,2961,26-VD-02,POINT (-9.148520469665527 38.723201751708984)
604_15E,11254_20250401_76_0_16,76_0,1,38.70621871948242,-9.155779838562012,17,IN_TRANSIT_TO,2025-04-23 14:59:26,3905,604,,POINT (-9.155779838562012 38.70621871948242)
2718_754,6622_20250401_201_0_11,201_0,0,38.7495002746582,-9.185050010681152,14,IN_TRANSIT_TO,2025-04-23 14:59:36,10708,2718,92-XQ-23,POINT (-9.185050010681152 38.7495002746582)
2723_746,5958_20250401_108_0_16,108_0,1,38.75025177001953,-9.196279525756836,6,IN_TRANSIT_TO,2025-04-23 14:59:19,10905,2723,92-XQ-43,POINT (-9.196279525756836 38.75025177001953)
2827_728,4724_20250401_204_4_9,204_4,1,38.702720642089844,-9.174519538879395,13,IN_TRANSIT_TO,2025-04-23 14:59:24,4002,2827,BF-61-FZ,POINT (-9.174519538879395 38.702720642089844)
2479_729,4788_20250401_104_0_10,104_0,0,38.70246887207031,-9.199620246887207,32,IN_TRANSIT_TO,2025-04-23 14:59:31,13307,2479,91-BE-74,POINT (-9.199620246887207 38.70246887207031)
2414_703,3135_20250401_165_0_11,165_0,0,38.745548248291016,-9.206049919128418,39,IN_TRANSIT_TO,2025-04-23 14:59:36,8816,2414,92-AO-51,POINT (-9.206049919128418 38.745548248291016)
2295_724,4236_20250401_178_0_16,178_0,1,38.71392059326172,-9.18142032623291,25,IN_TRANSIT_TO,2025-04-23 14:59:23,11804,2295,92-53-ZM,POINT (-9.18142032623291 38.71392059326172)
2763_738,5572_20250401_117_0_11,117_0,0,38.70399856567383,-9.172730445861816,31,IN_TRANSIT_TO,2025-04-23 14:59:37,10204,2763,AH-23-ND,POINT (-9.172730445861816 38.70399856567383)
2417_729,4908_20250401_104_0_8,104_0,1,38.754371643066406,-9.190699577331543,33,IN_TRANSIT_TO,2025-04-23 14:59:38,50134,2417,50-AL-06,POINT (-9.190699577331543 38.754371643066406)
608_15E,11288_20250401_76_0_12,76_0,1,38.69602966308594,-9.209970474243164,5,IN_TRANSIT_TO,2025-04-23 14:59:22,13205,608,,POINT (-9.209970474243164 38.69602966308594)
610_15E,11212_20250401_76_0_15,76_0,0,38.704280853271484,-9.1741304397583,6,IN_TRANSIT_TO,2025-04-23 14:58:34,4004,610,,POINT (-9.1741304397583 38.704280853271484)
2257_771,39066_20250401_248_0_3,248_0,1,38.70502853393555,-9.199270248413086,4,IN_TRANSIT_TO,2025-04-23 14:59:14,13304,2257,80-50-ZE,POINT (-9.199270248413086 38.70502853393555)
2282_760,7095_20250401_171_0_5,171_0,0,38.704078674316406,-9.173080444335938,16,IN_TRANSIT_TO,2025-04-23 14:59:40,10202,2282,67-35-ZJ,POINT (-9.173080444335938 38.704078674316406)
2281_768,7341_20250401_111_0_17,111_0,1,38.76033020019531,-9.19363021850586,6,IN_TRANSIT_TO,2025-04-23 14:59:35,12813,2281,67-56-ZJ,POINT (-9.19363021850586 38.76033020019531)
2628_705,3180_20250401_176_0_14,176_0,1,38.77465057373047,-9.097229957580566,23,IN_TRANSIT_TO,2025-04-23 14:59:27,7824,2628,52-VP-82,POINT (-9.097229957580566 38.77465057373047)
2841_751,6523_20250401_109_0_2,109_0,1,38.70112991333008,-9.21654987335205,14,IN_TRANSIT_TO,2025-04-23 14:59:16,9711,2841,BF-55-FZ,POINT (-9.21654987335205 38.70112991333008)
4832_736,5422_20250401_199_0_11,199_0,0,38.75559997558594,-9.151450157165527,14,IN_TRANSIT_TO,2025-04-23 14:59:35,5705,4832,68-VQ-51,POINT (-9.151450157165527 38.75559997558594)
2301_723,4158_20250401_121_0_13,121_0,0,38.7252311706543,-9.148500442504883,6,IN_TRANSIT_TO,2025-04-23 14:59:36,1202,2301,83-12-ZM,POINT (-9.148500442504883 38.7252311706543)
2717_738,5550_20250401_117_0_10,117_0,1,38.750179290771484,-9.161600112915039,30,IN_TRANSIT_TO,2025-04-23 14:59:20,13508,2717,92-XQ-16,POINT (-9.161600112915039 38.750179290771484)
2629_744,5805_20250401_200_0_10,200_0,1,38.76961898803711,-9.123180389404297,12,IN_TRANSIT_TO,2025-04-23 14:59:44,12202,2629,52-VP-81,POINT (-9.123180389404297 38.76961898803711)
6024_732,5038_20250401_107_0_7,107_0,1,38.70716857910156,-9.141630172729492,28,IN_TRANSIT_TO,2025-04-23 14:59:38,3803,6024,BF-69-BA,POINT (-9.141630172729492 38.70716857910156)
6034_760,7103_20250401_171_0_12,171_0,0,38.71382141113281,-9.137370109558105,9,IN_TRANSIT_TO,2025-04-23 14:59:34,906,6034,BF-61-AX,POINT (-9.137370109558105 38.71382141113281)
306_783,7809_20250401_203_0_13,203_0,0,38.734619140625,-9.145230293273926,26,IN_TRANSIT_TO,2025-04-23 14:59:41,12603,306,73-ST-81,POINT (-9.145230293273926 38.734619140625)
4601_753,6577_20250401_167_0_19,167_0,0,38.72534942626953,-9.152029991149902,4,IN_TRANSIT_TO,2025-04-23 14:59:33,1209,4601,96-GL-79,POINT (-9.152029991149902 38.72534942626953)
2978_797,8161_20250401_163_0_33,163_0,1,38.721778869628906,-9.128780364990234,0,IN_TRANSIT_TO,2025-04-23 14:59:21,,2978,29-VM-92,POINT (-9.128780364990234 38.721778869628906)
2259_758,6831_20250401_150_0_11,150_0,1,38.74095153808594,-9.16819953918457,14,IN_TRANSIT_TO,2025-04-23 14:59:35,1610,2259,67-44-ZJ,POINT (-9.16819953918457 38.74095153808594)
2270_731,5018_20250401_190_0_9,190_0,0,38.758270263671875,-9.140700340270996,17,IN_TRANSIT_TO,2025-04-23 14:59:25,11304,2270,76-82-ZG,POINT (-9.140700340270996 38.758270263671875)
2430_767,7281_20250401_112_0_7,112_0,0,38.75252914428711,-9.188870429992676,30,IN_TRANSIT_TO,2025-04-23 14:59:21,10808,2430,29-AX-12,POINT (-9.188870429992676 38.75252914428711)
2703_711,3512_20250401_101_0_9,101_0,0,38.7333984375,-9.190750122070312,13,IN_TRANSIT_TO,2025-04-23 14:59:12,8705,2703,92-XQ-24,POINT (-9.190750122070312 38.7333984375)
2495_708,3351_20250401_100_0_9,100_0,0,38.76504898071289,-9.109600067138672,24,IN_TRANSIT_TO,2025-04-23 14:59:25,7724,2495,88-BL-69,POINT (-9.109600067138672 38.76504898071289)
2842_751,6454_20250401_109_0_17,109_0,0,38.7067985534668,-9.17411994934082,7,IN_TRANSIT_TO,2025-04-23 14:59:24,9425,2842,BF-56-FZ,POINT (-9.17411994934082 38.7067985534668)
4833_783,7842_20250401_203_0_11,203_0,0,38.78689956665039,-9.123769760131836,29,IN_TRANSIT_TO,2025-04-23 14:59:32,16305,4833,20-VQ-65,POINT (-9.123769760131836 38.78689956665039)
4839_736,5299_20250401_199_0_10,199_0,1,38.73897171020508,-9.146200180053711,21,IN_TRANSIT_TO,2025-04-23 14:59:23,1902,4839,53-VR-08,POINT (-9.146200180053711 38.73897171020508)
2272_768,7319_20250401_111_0_17,111_0,0,38.74306869506836,-9.166970252990723,5,IN_TRANSIT_TO,2025-04-23 14:59:28,12702,2272,76-80-ZG,POINT (-9.166970252990723 38.74306869506836)
2796_727,4441_20250401_103_0_8,103_0,1,38.733619689941406,-9.144630432128906,40,IN_TRANSIT_TO,2025-04-23 14:59:19,1801,2796,AJ-59-LI,POINT (-9.144630432128906 38.733619689941406)
4825_736,5399_20250401_199_0_11,199_0,0,38.78702163696289,-9.170649528503418,27,IN_TRANSIT_TO,2025-04-23 14:59:31,7211,4825,20-VQ-72,POINT (-9.170649528503418 38.78702163696289)
2345_763,49570_20250401_282_0_18,282_0,1,38.769020080566406,-9.195500373840332,7,IN_TRANSIT_TO,2025-04-23 14:59:16,14110,2345,53-59-ZJ,POINT (-9.195500373840332 38.769020080566406)
2614_705,3190_20250401_176_0_10,176_0,0,38.768821716308594,-9.127969741821289,18,IN_TRANSIT_TO,2025-04-23 14:59:36,7602,2614,66-VI-24,POINT (-9.127969741821289 38.768821716308594)
275_79B,18661_20250401_221_0_11,221_0,0,38.69892120361328,-9.22542953491211,40,IN_TRANSIT_TO,2025-04-23 14:59:27,4208,275,AH-16-TB,POINT (-9.22542953491211 38.69892120361328)
2997_730,4969_20250401_198_0_14,198_0,1,38.731201171875,-9.126930236816406,15,IN_TRANSIT_TO,2025-04-23 14:59:38,7003,2997,34-VN-03,POINT (-9.126930236816406 38.731201171875)
2607_759,6973_20250401_144_0_11,144_0,0,38.73643112182617,-9.113180160522461,19,IN_TRANSIT_TO,2025-04-23 14:59:32,17579,2607,AA-95-TQ,POINT (-9.113180160522461 38.73643112182617)
6023_706,3241_20250401_147_0_12,147_0,0,38.713321685791016,-9.153329849243164,9,IN_TRANSIT_TO,2025-04-23 14:59:17,6703,6023,BF-03-BD,POINT (-9.153329849243164 38.713321685791016)
4821_736,18817_20250401_199_0_12,199_0,1,38.716670989990234,-9.142600059509277,27,IN_TRANSIT_TO,2025-04-23 14:59:36,1102,4821,20-VQ-68,POINT (-9.142600059509277 38.716670989990234)
2606_718,3991_20250401_105_0_12,105_0,1,38.753318786621094,-9.105999946594238,25,IN_TRANSIT_TO,2025-04-23 14:59:44,24372,2606,66-VI-40,POINT (-9.105999946594238 38.753318786621094)
2264_731,19406_20250401_190_0_12,190_0,1,38.75310134887695,-9.15857982635498,24,IN_TRANSIT_TO,2025-04-23 14:59:24,5701,2264,76-90-ZG,POINT (-9.15857982635498 38.75310134887695)
6036_760,7066_20250401_171_0_9,171_0,1,38.71372985839844,-9.197779655456543,9,IN_TRANSIT_TO,2025-04-23 14:59:43,12923,6036,BG-90-LX,POINT (-9.197779655456543 38.71372985839844)
6026_732,5096_20250401_107_0_6,107_0,1,38.724578857421875,-9.149250030517578,34,IN_TRANSIT_TO,2025-04-23 14:59:26,1103,6026,BF-39-BB,POINT (-9.149250030517578 38.724578857421875)
2739_742,5731_20250401_114_0_9,114_0,1,38.70677185058594,-9.17467975616455,19,IN_TRANSIT_TO,2025-04-23 14:59:22,12107,2739,AG-31-EI,POINT (-9.17467975616455 38.70677185058594)
2602_705,3186_20250401_176_0_14,176_0,1,38.756568908691406,-9.130069732666016,6,IN_TRANSIT_TO,2025-04-23 14:59:18,7401,2602,16-VF-81,POINT (-9.130069732666016 38.756568908691406)
2653_15E,11495_20250401_76_8_22,76_8,1,38.70627975463867,-9.145930290222168,5,IN_TRANSIT_TO,2025-04-23 14:59:43,7101,2653,05-VZ-52,POINT (-9.145930290222168 38.70627975463867)
4806_728,4621_20250401_204_0_10,204_0,0,38.704471588134766,-9.20617961883545,6,IN_TRANSIT_TO,2025-04-23 14:58:52,13117,4806,20-VQ-74,POINT (-9.20617961883545 38.704471588134766)
2988_45B,45280_20250401_277_0_14,277_0,0,38.76449966430664,-9.157079696655273,11,IN_TRANSIT_TO,2025-04-23 14:59:26,50389,2988,29-VM-94,POINT (-9.157079696655273 38.76449966430664)
4837_736,5408_20250401_199_0_11,199_0,0,38.76475143432617,-9.157150268554688,17,IN_TRANSIT_TO,2025-04-23 14:59:45,5811,4837,34-VR-18,POINT (-9.157150268554688 38.76475143432617)
2637_744,5841_20250401_200_0_11,200_0,0,38.72652816772461,-9.149169921875,3,IN_TRANSIT_TO,2025-04-23 14:59:41,1225,2637,87-VS-51,POINT (-9.149169921875 38.72652816772461)
4830_736,5319_20250401_199_0_12,199_0,1,38.753971099853516,-9.1525297164917,16,IN_TRANSIT_TO,2025-04-23 14:59:42,5704,4830,20-VQ-63,POINT (-9.1525297164917 38.753971099853516)
2638_781,7756_20250401_151_0_12,151_0,0,38.780670166015625,-9.119529724121094,25,IN_TRANSIT_TO,2025-04-23 14:59:22,12603,2638,87-VS-48,POINT (-9.119529724121094 38.780670166015625)
2617_759,6956_20250401_144_0_2,144_0,1,38.77511978149414,-9.09988021850586,4,IN_TRANSIT_TO,2025-04-23 14:59:34,7823,2617,66-VI-28,POINT (-9.09988021850586 38.77511978149414)
2633_749,6205_20250401_195_0_20,195_0,0,38.74433135986328,-9.110779762268066,8,IN_TRANSIT_TO,2025-04-23 14:59:38,3719,2633,52-VP-79,POINT (-9.110779762268066 38.74433135986328)
2698_727,4515_20250401_103_0_9,103_0,1,38.70233154296875,-9.202500343322754,10,IN_TRANSIT_TO,2025-04-23 14:59:37,13309,2698,92-XQ-20,POINT (-9.202500343322754 38.70233154296875)
2716_727,4454_20250401_103_0_7,103_0,1,38.72557830810547,-9.14894962310791,36,IN_TRANSIT_TO,2025-04-23 14:59:31,1207,2716,92-XQ-27,POINT (-9.14894962310791 38.72557830810547)
2991_774,7450_20250401_192_0_23,192_0,0,38.72024917602539,-9.155529975891113,8,IN_TRANSIT_TO,2025-04-23 14:59:17,6823,2991,29-VM-89,POINT (-9.155529975891113 38.72024917602539)
4820_728,4714_20250401_204_0_8,204_0,0,38.758079528808594,-9.096420288085938,39,IN_TRANSIT_TO,2025-04-23 14:59:39,50315,4820,20-VQ-62,POINT (-9.096420288085938 38.758079528808594)
2639_718,3962_20250401_105_0_12,105_0,0,38.725521087646484,-9.118680000305176,22,IN_TRANSIT_TO,2025-04-23 14:59:17,9802,2639,75-VS-47,POINT (-9.118680000305176 38.725521087646484)
2647_759,6981_20250401_144_0_11,144_0,0,38.71841812133789,-9.118579864501953,9,IN_TRANSIT_TO,2025-04-23 14:59:35,2131,2647,75-VS-45,POINT (-9.118579864501953 38.71841812133789)
2989_79B,18671_20250401_221_0_11,221_0,0,38.70185089111328,-9.20248031616211,10,IN_TRANSIT_TO,2025-04-23 14:59:31,9602,2989,29-VM-85,POINT (-9.20248031616211 38.70185089111328)
2642_759,6949_20250401_144_0_10,144_0,1,38.769081115722656,-9.11693000793457,13,IN_TRANSIT_TO,2025-04-23 14:59:35,7727,2642,75-VS-51,POINT (-9.11693000793457 38.769081115722656)
2724_727,4553_20250401_103_0_8,103_0,1,38.748779296875,-9.135519981384277,48,IN_TRANSIT_TO,2025-04-23 14:59:27,11208,2724,92-XQ-40,POINT (-9.135519981384277 38.748779296875)
2609_722,4119_20250401_196_0_11,196_0,1,38.73712921142578,-9.145669937133789,28,IN_TRANSIT_TO,2025-04-23 14:59:41,11118,2609,66-VI-36,POINT (-9.145669937133789 38.73712921142578)
2611_759,6987_20250401_144_0_11,144_0,0,38.70830154418945,-9.136770248413086,3,IN_TRANSIT_TO,2025-04-23 14:59:24,5510,2611,66-VI-38,POINT (-9.136770248413086 38.70830154418945)
2721_713,3605_20250401_122_0_10,122_0,1,38.70927047729492,-9.16195011138916,16,IN_TRANSIT_TO,2025-04-23 14:59:20,10006,2721,92-XQ-37,POINT (-9.16195011138916 38.70927047729492)
2632_759,6928_20250401_144_0_8,144_0,1,38.7430305480957,-9.112680435180664,25,IN_TRANSIT_TO,2025-04-23 14:59:07,3706,2632,52-VP-88,POINT (-9.112680435180664 38.7430305480957)
2981_730,4949_20250401_198_0_14,198_0,0,38.72837829589844,-9.128199577331543,12,IN_TRANSIT_TO,2025-04-23 14:59:36,7004,2981,29-VM-86,POINT (-9.128199577331543 38.72837829589844)
6030_760,7105_20250401_171_0_9,171_0,0,38.72610092163086,-9.14074993133545,0,IN_TRANSIT_TO,2025-04-23 14:59:22,,6030,BF-39-AU,POINT (-9.14074993133545 38.72610092163086)
2646_781,7747_20250401_151_0_13,151_0,1,38.73627853393555,-9.103630065917969,22,IN_TRANSIT_TO,2025-04-23 14:59:19,12512,2646,75-VS-48,POINT (-9.103630065917969 38.73627853393555)
2993_52B,21661_20250401_244_0_14,244_0,0,38.73432922363281,-9.153800010681152,16,IN_TRANSIT_TO,2025-04-23 14:59:32,1413,2993,29-VM-93,POINT (-9.153800010681152 38.73432922363281)
2733_708,3276_20250401_100_0_12,100_0,0,38.72072982788086,-9.135479927062988,3,IN_TRANSIT_TO,2025-04-23 14:59:20,803,2733,AG-41-EI,POINT (-9.135479927062988 38.72072982788086)
2468_726,4286_20250401_116_0_12,116_0,1,38.7598991394043,-9.191800117492676,5,IN_TRANSIT_TO,2025-04-23 14:59:36,12813,2468,16-AZ-10,POINT (-9.191800117492676 38.7598991394043)
2664_738,5553_20250401_117_0_10,117_0,1,38.7244987487793,-9.150480270385742,16,IN_TRANSIT_TO,2025-04-23 14:59:31,1207,2664,05-VZ-68,POINT (-9.150480270385742 38.7244987487793)
2308_717,3864_20250401_170_0_11,170_0,0,38.75923156738281,-9.154720306396484,15,IN_TRANSIT_TO,2025-04-23 14:59:38,5805,2308,83-17-ZM,POINT (-9.154720306396484 38.75923156738281)
2640_705,3195_20250401_176_0_14,176_0,0,38.781070709228516,-9.11913013458252,10,IN_TRANSIT_TO,2025-04-23 14:59:33,12603,2640,75-VS-43,POINT (-9.11913013458252 38.781070709228516)
2707_714,3662_20250401_102_0_12,102_0,1,38.6986198425293,-9.187419891357422,25,IN_TRANSIT_TO,2025-04-23 14:59:24,9505,2707,92-XQ-39,POINT (-9.187419891357422 38.6986198425293)
2736_720,4066_20250401_143_0_12,143_0,1,38.7244987487793,-9.150420188903809,16,IN_TRANSIT_TO,2025-04-23 14:59:23,1207,2736,AG-47-EI,POINT (-9.150420188903809 38.7244987487793)
542_28E,15012_20250401_75_0_17,75_0,1,38.709781646728516,-9.142470359802246,2,IN_TRANSIT_TO,2025-04-23 14:59:32,10515,542,,POINT (-9.142470359802246 38.709781646728516)
2713_711,3517_20250401_101_0_11,101_0,0,38.72494888305664,-9.15608024597168,8,IN_TRANSIT_TO,2025-04-23 14:59:27,1223,2713,92-XQ-34,POINT (-9.15608024597168 38.72494888305664)
2799_723,4168_20250401_121_0_11,121_0,1,38.714271545410156,-9.201080322265625,19,IN_TRANSIT_TO,2025-04-23 14:59:33,10315,2799,AJ-52-LI,POINT (-9.201080322265625 38.714271545410156)
6040_760,7085_20250401_171_0_9,171_0,0,38.71015167236328,-9.195380210876465,29,IN_TRANSIT_TO,2025-04-23 14:59:32,10314,6040,BG-46-LT,POINT (-9.195380210876465 38.71015167236328)
2258_758,6860_20250401_150_0_11,150_0,0,38.75362014770508,-9.20872974395752,31,IN_TRANSIT_TO,2025-04-23 14:59:31,11006,2258,53-58-ZJ,POINT (-9.20872974395752 38.75362014770508)
571_25E,14271_20250401_79_0_20,79_0,0,38.70664978027344,-9.15608024597168,4,IN_TRANSIT_TO,2025-04-23 14:59:17,3912,571,,POINT (-9.15608024597168 38.70664978027344)
582_24E,17852_20250401_213_0_18,213_0,0,38.719749450683594,-9.15410041809082,6,IN_TRANSIT_TO,2025-04-23 14:59:41,10607,582,,POINT (-9.15410041809082 38.719749450683594)
2626_722,4121_20250401_196_0_11,196_0,1,38.770050048828125,-9.125800132751465,14,IN_TRANSIT_TO,2025-04-23 14:59:19,12202,2626,52-VP-86,POINT (-9.125800132751465 38.770050048828125)
2621_781,7748_20250401_151_0_13,151_0,1,38.782779693603516,-9.12440013885498,4,IN_TRANSIT_TO,2025-04-23 14:59:18,16304,2621,66-VI-45,POINT (-9.12440013885498 38.782779693603516)
2622_781,7721_20250401_151_0_13,151_0,0,38.707149505615234,-9.141630172729492,1,IN_TRANSIT_TO,2025-04-23 14:59:21,3810,2622,66-VI-21,POINT (-9.141630172729492 38.707149505615234)
2603_759,6970_20250401_144_0_9,144_0,0,38.770530700683594,-9.10867977142334,42,IN_TRANSIT_TO,2025-04-23 14:59:22,7809,2603,16-VF-76,POINT (-9.10867977142334 38.770530700683594)
2649_709,3384_20250401_148_0_23,148_0,1,38.72024917602539,-9.15386962890625,6,IN_TRANSIT_TO,2025-04-23 14:59:25,6803,2649,75-VS-42,POINT (-9.15386962890625 38.72024917602539)
2656_755,6702_20250401_118_0_13,118_0,1,38.75585174560547,-9.148280143737793,8,IN_TRANSIT_TO,2025-04-23 14:59:40,5712,2656,05-VZ-53,POINT (-9.148280143737793 38.75585174560547)
2975_737,5489_20250401_173_0_34,173_0,1,38.71015167236328,-9.13224983215332,4,IN_TRANSIT_TO,2025-04-23 14:59:39,13804,2975,30-VM-11,POINT (-9.13224983215332 38.71015167236328)
2986_797,8172_20250401_163_0_27,163_0,0,38.73326873779297,-9.132920265197754,3,IN_TRANSIT_TO,2025-04-23 14:59:28,504,2986,30-VM-12,POINT (-9.132920265197754 38.73326873779297)
2701_711,3484_20250401_101_0_10,101_0,1,38.733299255371094,-9.198180198669434,14,IN_TRANSIT_TO,2025-04-23 14:59:19,8826,2701,92-XQ-35,POINT (-9.198180198669434 38.733299255371094)
551_28E,14960_20250401_75_0_16,75_0,0,38.72291946411133,-9.132579803466797,4,IN_TRANSIT_TO,2025-04-23 14:59:23,707,551,,POINT (-9.132579803466797 38.72291946411133)
2982_34B,19151_20250401_226_0_10,226_0,0,38.73014831542969,-9.108019828796387,26,IN_TRANSIT_TO,2025-04-23 14:59:25,8306,2982,30-VM-23,POINT (-9.108019828796387 38.73014831542969)
2616_744,5849_20250401_200_0_9,200_0,1,38.72602844238281,-9.150480270385742,30,IN_TRANSIT_TO,2025-04-23 14:59:34,1206,2616,66-VI-44,POINT (-9.150480270385742 38.72602844238281)
552_28E,14908_20250401_75_0_10,75_0,0,38.70964813232422,-9.136980056762695,17,IN_TRANSIT_TO,2025-04-23 14:57:15,5602,552,,POINT (-9.136980056762695 38.70964813232422)
2634_722,4107_20250401_196_0_11,196_0,0,38.7158203125,-9.141429901123047,0,IN_TRANSIT_TO,2025-04-23 14:59:40,,2634,52-VP-85,POINT (-9.141429901123047 38.7158203125)
2663_714,3697_20240914_102_0_16,102_0,1,38.72127151489258,-9.221500396728516,4,IN_TRANSIT_TO,2024-10-22 20:26:58,18703,2663,05-VZ-62,POINT (-9.221500396728516 38.72127151489258)
2659_713,3614_20250401_122_0_9,122_0,0,38.71564865112305,-9.175620079040527,32,IN_TRANSIT_TO,2025-04-23 14:59:21,11903,2659,05-VZ-57,POINT (-9.175620079040527 38.71564865112305)
576_28E,14972_20250401_75_0_10,75_0,0,38.71812057495117,-9.135720252990723,1,IN_TRANSIT_TO,2025-04-23 14:59:40,819,576,,POINT (-9.135720252990723 38.71812057495117)
581_12E,11035_20250401_77_0_13,77_0,1,38.717628479003906,-9.13582992553711,23,IN_TRANSIT_TO,2025-04-23 14:59:39,804,581,,POINT (-9.13582992553711 38.717628479003906)
6043_732,5057_20250401_107_0_8,107_0,1,38.70486831665039,-9.19933032989502,12,IN_TRANSIT_TO,2025-04-23 14:59:43,13301,6043,BG-93-LT,POINT (-9.19933032989502 38.70486831665039)
554_18E,12202_20250401_78_0_18,78_0,1,38.70341873168945,-9.191650390625,9,IN_TRANSIT_TO,2025-04-23 14:59:25,13405,554,,POINT (-9.191650390625 38.70341873168945)
1714_701,2939_20250401_123_0_16,123_0,0,38.72515106201172,-9.16392993927002,27,IN_TRANSIT_TO,2025-04-23 14:59:25,8507,1714,69-AL-77,POINT (-9.16392993927002 38.72515106201172)
545_18E,12204_20250401_78_0_15,78_0,0,38.70606994628906,-9.18280029296875,10,IN_TRANSIT_TO,2025-04-23 14:59:18,12014,545,,POINT (-9.18280029296875 38.70606994628906)
2995_774,7457_20250401_192_0_23,192_0,0,38.71644973754883,-9.169549942016602,1,IN_TRANSIT_TO,2025-04-23 14:59:44,8028,2995,30-VM-15,POINT (-9.169549942016602 38.71644973754883)
543_25E,14260_20250401_79_0_19,79_0,1,38.706268310546875,-9.145219802856445,16,IN_TRANSIT_TO,2025-04-23 14:59:37,3803,543,,POINT (-9.145219802856445 38.706268310546875)
2687_714,3697_20250401_102_0_11,102_0,0,38.717079162597656,-9.210379600524902,29,IN_TRANSIT_TO,2025-04-23 14:59:24,10404,2687,93-XA-44,POINT (-9.210379600524902 38.717079162597656)
404_19B,21687_20250401_245_0_16,245_0,0,38.71744918823242,-9.145099639892578,15,IN_TRANSIT_TO,2025-04-23 14:59:35,50532,404,BF-14-TQ,POINT (-9.145099639892578 38.71744918823242)
2708_746,5993_20250401_108_0_12,108_0,1,38.736419677734375,-9.1558198928833,20,IN_TRANSIT_TO,2025-04-23 14:59:42,1502,2708,92-XQ-32,POINT (-9.1558198928833 38.736419677734375)
4813_728,4589_20250401_204_0_10,204_0,0,38.71657943725586,-9.119219779968262,24,IN_TRANSIT_TO,2025-04-23 14:59:25,2111,4813,68-VQ-50,POINT (-9.119219779968262 38.71657943725586)
2828_728,4569_20250401_204_0_8,204_0,0,38.75672149658203,-9.096500396728516,38,IN_TRANSIT_TO,2025-04-23 14:59:28,2410,2828,BF-60-FZ,POINT (-9.096500396728516 38.75672149658203)
2644_759,6943_20250401_144_0_10,144_0,1,38.760520935058594,-9.111949920654297,19,IN_TRANSIT_TO,2025-04-23 14:59:25,8413,2644,87-VS-52,POINT (-9.111949920654297 38.760520935058594)
578_12E,11025_20250401_77_0_14,77_0,0,38.71025085449219,-9.134969711303711,9,IN_TRANSIT_TO,2025-04-23 14:59:31,13802,578,,POINT (-9.134969711303711 38.71025085449219)
2662_727,4552_20250401_103_0_9,103_0,0,38.7336311340332,-9.145050048828125,10,IN_TRANSIT_TO,2025-04-23 14:59:41,1802,2662,05-VZ-51,POINT (-9.145050048828125 38.7336311340332)
507_15E,11264_20250401_76_0_16,76_0,1,38.70425033569336,-9.17411994934082,14,IN_TRANSIT_TO,2025-04-23 14:59:41,12115,507,,POINT (-9.17411994934082 38.70425033569336)
2977_45B,49562_20250401_277_0_14,277_0,1,38.76675033569336,-9.15762996673584,19,IN_TRANSIT_TO,2025-04-23 14:59:37,50390,2977,30-VM-21,POINT (-9.15762996673584 38.76675033569336)
4808_751,6498_20250401_109_0_16,109_0,0,38.72275161743164,-9.175149917602539,3,IN_TRANSIT_TO,2025-04-23 14:59:23,8602,4808,20-VQ-73,POINT (-9.175149917602539 38.72275161743164)
572_28E,14998_20250401_75_0_13,75_0,1,38.723480224609375,-9.133230209350586,20,IN_TRANSIT_TO,2025-04-23 14:59:29,708,572,,POINT (-9.133230209350586 38.723480224609375)
4824_736,5351_20250401_199_0_12,199_0,1,38.78860092163086,-9.17628002166748,3,IN_TRANSIT_TO,2025-04-23 14:59:35,15106,4824,34-VR-19,POINT (-9.17628002166748 38.78860092163086)
2778_727,4544_20250401_103_0_6,103_0,0,38.717201232910156,-9.155099868774414,17,IN_TRANSIT_TO,2025-04-23 14:59:28,6818,2778,AI-03-BT,POINT (-9.155099868774414 38.717201232910156)
2641_718,3994_20250401_105_0_13,105_0,1,38.73134994506836,-9.126930236816406,7,IN_TRANSIT_TO,2025-04-23 14:59:34,7010,2641,75-VS-49,POINT (-9.126930236816406 38.73134994506836)
268_734,5133_20250401_205_0_21,205_0,0,38.7111701965332,-9.12732982635498,16,IN_TRANSIT_TO,2025-04-23 14:59:21,2110,268,AH-56-CZ,POINT (-9.12732982635498 38.7111701965332)
270_76B,18630_20250401_219_0_19,219_0,0,38.71097183227539,-9.205769538879395,18,IN_TRANSIT_TO,2025-04-23 14:59:26,12926,270,AH-54-CZ,POINT (-9.205769538879395 38.71097183227539)
555_18E,12186_20250401_78_0_16,78_0,1,38.70452117919922,-9.178380012512207,13,IN_TRANSIT_TO,2025-04-23 14:59:18,12119,555,,POINT (-9.178380012512207 38.70452117919922)
266_28E,48628_20250401_75_8_24,75_8,1,38.71366882324219,-9.160079956054688,8,IN_TRANSIT_TO,2025-04-23 14:59:28,6720,266,AH-55-CZ,POINT (-9.160079956054688 38.71366882324219)
2660_754,6609_20250401_201_0_12,201_0,1,38.737030029296875,-9.2150297164917,11,IN_TRANSIT_TO,2025-04-23 14:59:14,18107,2660,05-VZ-60,POINT (-9.2150297164917 38.737030029296875)
2655_776,7489_20250401_193_0_36,193_0,0,38.701900482177734,-9.251330375671387,9,IN_TRANSIT_TO,2025-04-23 14:55:45,4304,2655,05-VZ-67,POINT (-9.251330375671387 38.701900482177734)
269_734,5144_20250401_205_0_22,205_0,0,38.71514892578125,-9.128800392150879,9,IN_TRANSIT_TO,2025-04-23 14:59:41,14804,269,AG-25-NH,POINT (-9.128800392150879 38.71514892578125)
4807_748,6180_20250401_169_0_13,169_0,1,38.71466827392578,-9.229220390319824,3,IN_TRANSIT_TO,2025-04-23 14:59:31,14305,4807,20-VQ-69,POINT (-9.229220390319824 38.71466827392578)
2650_742,5776_20250401_114_0_10,114_0,0,38.70698165893555,-9.173870086669922,38,IN_TRANSIT_TO,2025-04-23 14:59:37,9401,2650,75-VS-50,POINT (-9.173870086669922 38.70698165893555)
2740_742,5759_20250401_114_0_9,114_0,0,38.704769134521484,-9.195929527282715,48,IN_TRANSIT_TO,2025-04-23 14:59:44,13410,2740,AG-43-EI,POINT (-9.195929527282715 38.704769134521484)
2984_72B,45275_20250401_279_0_13,279_0,0,38.752349853515625,-9.206399917602539,9,IN_TRANSIT_TO,2025-04-23 14:59:19,50386,2984,30-VM-04,POINT (-9.206399917602539 38.752349853515625)
4803_753,6564_20250401_167_0_20,167_0,1,38.715850830078125,-9.17693042755127,2,IN_TRANSIT_TO,2025-04-23 14:59:17,14602,4803,77-VP-16,POINT (-9.17693042755127 38.715850830078125)
2651_722,4129_20250401_196_0_10,196_0,0,38.7413215637207,-9.137370109558105,11,IN_TRANSIT_TO,2025-04-23 14:59:44,6405,2651,05-VZ-54,POINT (-9.137370109558105 38.7413215637207)
2645_781,7762_20250401_151_0_13,151_0,0,38.75442886352539,-9.098150253295898,13,IN_TRANSIT_TO,2025-04-23 14:59:40,2316,2645,87-VS-49,POINT (-9.098150253295898 38.75442886352539)
2983_702,3053_20250401_146_0_29,146_0,0,38.72880172729492,-9.166319847106934,5,IN_TRANSIT_TO,2025-04-23 14:59:21,6107,2983,30-VM-08,POINT (-9.166319847106934 38.72880172729492)
256_58B,19291_20250401_227_0_17,227_0,0,38.75603103637695,-9.176300048828125,9,IN_TRANSIT_TO,2025-04-23 14:59:42,50143,256,AF-57-RM,POINT (-9.176300048828125 38.75603103637695)
2608_759,6921_20250401_144_0_10,144_0,1,38.72077178955078,-9.116829872131348,38,IN_TRANSIT_TO,2025-04-23 14:59:39,9816,2608,66-VI-39,POINT (-9.116829872131348 38.72077178955078)
2731_755,6709_20250401_118_0_12,118_0,0,38.74467086791992,-9.168580055236816,41,IN_TRANSIT_TO,2025-04-23 14:59:14,12702,2731,AG-49-EI,POINT (-9.168580055236816 38.74467086791992)
2719_711,3501_20250401_101_0_11,101_0,0,38.74449920654297,-9.219019889831543,29,IN_TRANSIT_TO,2025-04-23 14:59:26,3012,2719,92-XQ-17,POINT (-9.219019889831543 38.74449920654297)
2631_744,5830_20250401_200_0_9,200_0,0,38.76887893676758,-9.117079734802246,21,IN_TRANSIT_TO,2025-04-23 14:59:27,7703,2631,52-VP-80,POINT (-9.117079734802246 38.76887893676758)
258_734,5152_20250401_205_0_11,205_0,0,38.7159309387207,-9.135820388793945,0,IN_TRANSIT_TO,2025-04-23 14:59:23,,258,AF-56-RM,POINT (-9.135820388793945 38.7159309387207)
2722_776,7476_20250401_193_0_41,193_0,1,38.69908142089844,-9.229680061340332,10,IN_TRANSIT_TO,2025-04-23 14:59:42,4217,2722,92-XQ-36,POINT (-9.229680061340332 38.69908142089844)
2735_755,6654_20250401_118_0_12,118_0,0,38.74433135986328,-9.11085033416748,9,IN_TRANSIT_TO,2025-04-23 14:59:24,3720,2735,AG-37-EI,POINT (-9.11085033416748 38.74433135986328)
282_28E,44753_20250401_75_8_24,75_8,0,38.7151985168457,-9.165329933166504,2,IN_TRANSIT_TO,2025-04-23 14:59:20,8019,282,AI-47-OJ,POINT (-9.165329933166504 38.7151985168457)
6045_732,5076_20250401_107_0_7,107_0,0,38.70412063598633,-9.173450469970703,24,IN_TRANSIT_TO,2025-04-23 14:59:42,10202,6045,BH-32-IQ,POINT (-9.173450469970703 38.70412063598633)
2274_731,4974_20250401_190_0_12,190_0,1,38.763179779052734,-9.128780364990234,18,IN_TRANSIT_TO,2025-04-23 14:59:28,7506,2274,76-79-ZG,POINT (-9.128780364990234 38.763179779052734)
2247_768,7335_20250401_111_0_16,111_0,1,38.750030517578125,-9.158679962158203,22,IN_TRANSIT_TO,2025-04-23 14:59:37,13509,2247,22-34-ZB,POINT (-9.158679962158203 38.750030517578125)
2419_747,6122_20250401_177_0_17,177_0,0,38.766780853271484,-9.160619735717773,3,IN_TRANSIT_TO,2025-04-23 14:59:32,5811,2419,92-AO-55,POINT (-9.160619735717773 38.766780853271484)
2260_731,5007_20250401_190_0_11,190_0,0,38.77748107910156,-9.10200023651123,32,IN_TRANSIT_TO,2025-04-23 14:59:13,7905,2260,67-47-ZJ,POINT (-9.10200023651123 38.77748107910156)
2428_747,6119_20250401_177_0_16,177_0,0,38.769081115722656,-9.189220428466797,14,IN_TRANSIT_TO,2025-04-23 14:59:38,12832,2428,29-AX-13,POINT (-9.189220428466797 38.769081115722656)
2204_742,5769_20250401_114_0_8,114_0,0,38.70724868774414,-9.172849655151367,37,IN_TRANSIT_TO,2025-04-23 14:59:27,9403,2204,01-72-XO,POINT (-9.172849655151367 38.70724868774414)
2310_794,8086_20250401_115_0_2,115_0,1,38.748268127441406,-9.11870002746582,24,IN_TRANSIT_TO,2025-04-23 14:59:44,3605,2310,83-07-ZM,POINT (-9.11870002746582 38.748268127441406)
2489_729,4810_20250401_104_0_8,104_0,1,38.744781494140625,-9.19594955444336,42,IN_TRANSIT_TO,2025-04-23 14:59:42,14106,2489,55-BH-05,POINT (-9.19594955444336 38.744781494140625)
2402_767,7206_20250401_112_0_2,112_0,1,38.762718200683594,-9.157649993896484,27,IN_TRANSIT_TO,2025-04-23 14:59:39,5824,2402,50-AL-13,POINT (-9.157649993896484 38.762718200683594)
2443_703,3100_20250401_165_0_11,165_0,1,38.77381896972656,-9.16137981414795,26,IN_TRANSIT_TO,2025-04-23 14:58:51,5905,2443,29-AX-05,POINT (-9.16137981414795 38.77381896972656)
2490_755,6694_20250401_118_0_13,118_0,1,38.7547492980957,-9.144929885864258,9,IN_TRANSIT_TO,2025-04-23 14:59:37,11302,2490,55-BH-01,POINT (-9.144929885864258 38.7547492980957)
1701_794,8108_20250401_115_0_12,115_0,0,38.76272964477539,-9.103619575500488,35,IN_TRANSIT_TO,2025-04-23 14:59:20,2311,1701,39-AB-08,POINT (-9.103619575500488 38.76272964477539)
2341_763,46422_20250401_282_0_15,282_0,0,38.75590133666992,-9.194829940795898,20,IN_TRANSIT_TO,2025-04-23 14:59:24,12821,2341,67-50-ZJ,POINT (-9.194829940795898 38.75590133666992)
2750_708,3358_20250401_100_0_10,100_0,0,38.766231536865234,-9.11283016204834,23,IN_TRANSIT_TO,2025-04-23 14:59:19,7722,2750,AG-10-TH,POINT (-9.11283016204834 38.766231536865234)
2785_712,3566_20250401_189_0_13,189_0,1,38.726348876953125,-9.13523006439209,20,IN_TRANSIT_TO,2025-04-23 14:59:42,615,2785,AI-05-BT,POINT (-9.13523006439209 38.726348876953125)
2994_702,3030_20250401_146_0_24,146_0,1,38.731571197509766,-9.174200057983398,1,IN_TRANSIT_TO,2025-04-23 14:59:20,50086,2994,29-VM-91,POINT (-9.174200057983398 38.731571197509766)
2404_703,3173_20250401_165_0_11,165_0,0,38.77925109863281,-9.150529861450195,9,IN_TRANSIT_TO,2025-04-23 14:59:19,6015,2404,50-AL-11,POINT (-9.150529861450195 38.77925109863281)
2246_706,3235_20250401_147_0_6,147_0,0,38.72853088378906,-9.136870384216309,18,IN_TRANSIT_TO,2025-04-23 14:59:22,611,2246,22-38-ZB,POINT (-9.136870384216309 38.72853088378906)
2304_793,8007_20250401_145_0_16,145_0,0,38.74155044555664,-9.107879638671875,10,IN_TRANSIT_TO,2025-04-23 14:59:22,50174,2304,83-10-ZM,POINT (-9.107879638671875 38.74155044555664)
1708_735,5217_20250401_172_1_10,172_1,0,38.7080192565918,-9.138150215148926,2,IN_TRANSIT_TO,2025-04-23 14:59:26,3824,1708,69-AL-71,POINT (-9.138150215148926 38.7080192565918)
2714_711,3454_20250401_101_0_11,101_0,1,38.709720611572266,-9.13817024230957,33,IN_TRANSIT_TO,2025-04-23 14:59:16,5510,2714,92-XQ-38,POINT (-9.13817024230957 38.709720611572266)
2286_758,6853_20250401_150_0_10,150_0,1,38.75267028808594,-9.208880424499512,0,IN_TRANSIT_TO,2025-04-23 14:59:32,,2286,67-42-ZJ,POINT (-9.208880424499512 38.75267028808594)
2760_714,3684_20250401_102_0_2,102_0,1,38.7244987487793,-9.214030265808105,7,IN_TRANSIT_TO,2025-04-23 14:59:23,18707,2760,AH-35-ND,POINT (-9.214030265808105 38.7244987487793)
2293_724,4191_20250401_178_0_16,178_0,1,38.750728607177734,-9.19752025604248,9,IN_TRANSIT_TO,2025-04-23 14:59:24,10913,2293,92-57-ZM,POINT (-9.19752025604248 38.750728607177734)
2478_726,4325_20250401_116_0_11,116_0,0,38.7380485534668,-9.15542984008789,14,IN_TRANSIT_TO,2025-04-23 14:59:41,1503,2478,91-BE-80,POINT (-9.15542984008789 38.7380485534668)
4814_728,4609_20250401_204_0_10,204_0,0,38.779998779296875,-9.106399536132812,0,IN_TRANSIT_TO,2025-04-23 14:58:32,,4814,68-VQ-52,POINT (-9.106399536132812 38.779998779296875)
1751_720,4087_20250401_143_0_13,143_0,0,38.704071044921875,-9.173219680786133,24,IN_TRANSIT_TO,2025-04-23 14:59:24,10204,1751,34-HU-17,POINT (-9.173219680786133 38.704071044921875)
2496_708,3365_20250401_100_0_12,100_0,0,38.740699768066406,-9.133520126342773,9,IN_TRANSIT_TO,2025-04-23 14:59:36,411,2496,88-BL-70,POINT (-9.133520126342773 38.740699768066406)
4621_736,5424_20250401_199_0_9,199_0,0,38.73400115966797,-9.144729614257812,7,IN_TRANSIT_TO,2025-04-23 14:59:40,1807,4621,90-JI-90,POINT (-9.144729614257812 38.73400115966797)
4647_750,6401_20250401_106_0_10,106_0,0,38.763431549072266,-9.129619598388672,9,IN_TRANSIT_TO,2025-04-23 14:59:23,7506,4647,02-JN-88,POINT (-9.129619598388672 38.763431549072266)
1749_742,5676_20250401_114_0_7,114_0,1,38.73373031616211,-9.134499549865723,41,IN_TRANSIT_TO,2025-04-23 14:59:28,517,1749,92-HR-06,POINT (-9.134499549865723 38.73373031616211)
2970_737,5502_20250401_173_0_29,173_0,0,38.711830139160156,-9.130970001220703,5,IN_TRANSIT_TO,2025-04-23 14:59:22,13807,2970,29-VM-87,POINT (-9.130970001220703 38.711830139160156)
2813_718,3975_20250401_105_0_14,105_0,0,38.72785186767578,-9.109979629516602,17,IN_TRANSIT_TO,2025-04-23 14:59:25,8304,2813,90-II-53,POINT (-9.109979629516602 38.72785186767578)
1747_794,8073_20250401_115_0_11,115_0,1,38.72087860107422,-9.115130424499512,34,IN_TRANSIT_TO,2025-04-23 14:59:18,9812,1747,92-HR-04,POINT (-9.115130424499512 38.72087860107422)
2969_71B,45266_20250401_278_0_13,278_0,0,38.74591827392578,-9.20637035369873,18,IN_TRANSIT_TO,2025-04-23 14:59:18,2908,2969,30-VM-09,POINT (-9.20637035369873 38.74591827392578)
4636_783,7835_20250401_203_0_12,203_0,1,38.779170989990234,-9.120180130004883,6,IN_TRANSIT_TO,2025-04-23 14:59:14,12604,4636,90-JI-97,POINT (-9.120180130004883 38.779170989990234)
2802_725,4239_20250401_197_0_26,197_0,1,38.76763153076172,-9.100170135498047,14,IN_TRANSIT_TO,2025-04-23 14:59:42,7822,2802,01-IH-91,POINT (-9.100170135498047 38.76763153076172)
2968_72B,45276_20250401_279_0_12,279_0,0,38.74863052368164,-9.19124984741211,27,IN_TRANSIT_TO,2025-04-23 14:59:29,10807,2968,30-VM-24,POINT (-9.19124984741211 38.74863052368164)
2453_767,7201_20250401_112_0_8,112_0,1,38.759429931640625,-9.1566801071167,28,IN_TRANSIT_TO,2025-04-23 14:59:27,5808,2453,16-AZ-13,POINT (-9.1566801071167 38.759429931640625)
4640_736,5379_20250401_199_0_9,199_0,0,38.7871208190918,-9.180069923400879,30,IN_TRANSIT_TO,2025-04-23 14:55:37,15102,4640,02-JN-87,POINT (-9.180069923400879 38.7871208190918)
1753_796,8140_20250401_174_0_28,174_0,1,38.77042007446289,-9.159879684448242,13,IN_TRANSIT_TO,2025-04-23 14:59:17,5904,1753,34-HU-19,POINT (-9.159879684448242 38.77042007446289)
1750_717,3759_20250401_170_0_12,170_0,0,38.75157928466797,-9.137370109558105,8,IN_TRANSIT_TO,2025-04-23 14:59:34,11205,1750,92-HR-07,POINT (-9.137370109558105 38.75157928466797)
2810_718,3937_20250401_105_0_15,105_0,1,38.73197937011719,-9.128219604492188,6,IN_TRANSIT_TO,2025-04-23 14:59:36,502,2810,01-IH-99,POINT (-9.128219604492188 38.73197937011719)
1752_755,6632_20250401_118_0_9,118_0,0,38.758201599121094,-9.122980117797852,20,IN_TRANSIT_TO,2025-04-23 14:59:28,14703,1752,34-HU-18,POINT (-9.122980117797852 38.758201599121094)
2820_725,4255_20250401_197_0_26,197_0,1,38.78947830200195,-9.12483024597168,3,IN_TRANSIT_TO,2025-04-23 14:59:32,50178,2820,90-II-60,POINT (-9.12483024597168 38.78947830200195)
2455_726,4264_20250401_116_0_12,116_0,1,38.73514938354492,-9.145819664001465,24,IN_TRANSIT_TO,2025-04-23 14:59:20,1806,2455,16-AZ-12,POINT (-9.145819664001465 38.73514938354492)
2700_746,5977_20250401_108_0_17,108_0,0,38.750770568847656,-9.201669692993164,20,IN_TRANSIT_TO,2025-04-23 14:59:30,10904,2700,92-XQ-26,POINT (-9.201669692993164 38.750770568847656)
2311_712,3525_20250401_189_0_11,189_0,0,38.707950592041016,-9.172220230102539,29,IN_TRANSIT_TO,2025-04-23 14:59:16,9403,2311,72-23-XN,POINT (-9.172220230102539 38.707950592041016)
2251_768,7347_20250401_111_0_13,111_0,0,38.76482009887695,-9.197970390319824,20,IN_TRANSIT_TO,2025-04-23 14:59:35,13904,2251,22-31-ZB,POINT (-9.197970390319824 38.76482009887695)
2410_778,18640_20250401_179_0_20,179_0,1,38.762081146240234,-9.162349700927734,22,IN_TRANSIT_TO,2025-04-23 14:59:36,50014,2410,92-AO-46,POINT (-9.162349700927734 38.762081146240234)
2777_714,3689_20250401_102_0_9,102_0,0,38.7247314453125,-9.228019714355469,40,IN_TRANSIT_TO,2025-04-23 14:59:20,18602,2777,AI-01-BT,POINT (-9.228019714355469 38.7247314453125)
2710_754,6615_20250401_201_0_11,201_0,0,38.74222946166992,-9.206419944763184,22,IN_TRANSIT_TO,2025-04-23 14:59:30,50239,2710,92-XQ-19,POINT (-9.206419944763184 38.74222946166992)
2734_756,6748_20250401_175_0_17,175_0,1,38.73781967163086,-9.155599594116211,11,IN_TRANSIT_TO,2025-04-23 14:59:13,1504,2734,AG-50-EI,POINT (-9.155599594116211 38.73781967163086)
215_41B,19375_20250401_232_0_18,232_0,0,38.77410125732422,-9.160699844360352,17,IN_TRANSIT_TO,2025-04-23 14:59:29,50163,215,44-42-XM,POINT (-9.160699844360352 38.77410125732422)
2450_767,7294_20250401_112_0_9,112_0,0,38.760379791259766,-9.156499862670898,19,IN_TRANSIT_TO,2025-04-23 14:59:21,5825,2450,44-BC-36,POINT (-9.156499862670898 38.760379791259766)
301_744,5819_20250401_200_0_10,200_0,0,38.76987838745117,-9.126680374145508,19,IN_TRANSIT_TO,2025-04-23 14:59:23,7603,301,74-SM-62,POINT (-9.126680374145508 38.76987838745117)
2483_729,4757_20250401_104_0_11,104_0,1,38.696128845214844,-9.209699630737305,5,IN_TRANSIT_TO,2025-04-23 14:59:12,13209,2483,74-BC-66,POINT (-9.209699630737305 38.696128845214844)
1721_735,5232_20250401_172_0_11,172_0,0,38.75244903564453,-9.143549919128418,27,IN_TRANSIT_TO,2025-04-23 14:59:33,101,1721,25-AS-33,POINT (-9.143549919128418 38.75244903564453)
1705_798,8202_20250401_194_0_22,194_0,1,38.78824996948242,-9.150500297546387,2,IN_TRANSIT_TO,2025-04-23 14:59:17,11601,1705,69-AL-68,POINT (-9.150500297546387 38.78824996948242)
2243_771,21936_20250401_248_0_15,248_0,0,38.725250244140625,-9.185680389404297,11,IN_TRANSIT_TO,2025-04-23 14:59:22,8607,2243,22-36-ZB,POINT (-9.185680389404297 38.725250244140625)
1706_701,2960_20250401_123_0_12,123_0,0,38.74897003173828,-9.157719612121582,9,IN_TRANSIT_TO,2025-04-23 14:59:32,13503,1706,69-AL-69,POINT (-9.157719612121582 38.74897003173828)
1770_735,5191_20250401_172_0_10,172_0,1,38.74966812133789,-9.142230033874512,8,IN_TRANSIT_TO,2025-04-23 14:59:25,204,1770,63-HX-17,POINT (-9.142230033874512 38.74966812133789)
1713_796,8144_20250401_174_0_28,174_0,1,38.773101806640625,-9.161430358886719,12,IN_TRANSIT_TO,2025-04-23 14:59:33,5940,1713,69-AL-76,POINT (-9.161430358886719 38.773101806640625)
2480_729,4801_20250401_104_0_10,104_0,0,38.743770599365234,-9.197569847106934,18,IN_TRANSIT_TO,2025-04-23 14:58:48,2805,2480,91-BE-75,POINT (-9.197569847106934 38.743770599365234)
2252_758,6815_20250401_150_0_12,150_0,1,38.72705078125,-9.162369728088379,20,IN_TRANSIT_TO,2025-04-23 14:59:39,6102,2252,80-40-ZE,POINT (-9.162369728088379 38.72705078125)
217_773,7398_20250401_124_0_19,124_0,1,38.71739959716797,-9.15032958984375,23,IN_TRANSIT_TO,2025-04-23 14:59:40,10605,217,29-98-XM,POINT (-9.15032958984375 38.71739959716797)
2413_716,3747_20250401_164_0_17,164_0,0,38.73706817626953,-9.147330284118652,5,IN_TRANSIT_TO,2025-04-23 14:59:28,1811,2413,92-AO-50,POINT (-9.147330284118652 38.73706817626953)
403_734,5150_20250401_205_0_21,205_0,1,38.72211837768555,-9.130900382995605,8,IN_TRANSIT_TO,2025-04-23 14:59:42,9128,403,BF-84-TA,POINT (-9.130900382995605 38.72211837768555)
2454_729,4825_20250401_104_0_8,104_0,1,38.7646484375,-9.19789981842041,37,IN_TRANSIT_TO,2025-04-23 14:59:25,13904,2454,16-AZ-18,POINT (-9.19789981842041 38.7646484375)
2482_767,7223_20250401_112_0_8,112_0,1,38.755130767822266,-9.186030387878418,17,IN_TRANSIT_TO,2025-04-23 14:57:35,10813,2482,55-BH-02,POINT (-9.186030387878418 38.755130767822266)
1780_796,8127_20250401_174_0_27,174_0,0,38.773048400878906,-9.161419868469238,4,IN_TRANSIT_TO,2025-04-23 14:59:35,5903,1780,63-HX-18,POINT (-9.161419868469238 38.773048400878906)
1769_717,3825_20250401_170_0_9,170_0,1,38.77825164794922,-9.148719787597656,16,IN_TRANSIT_TO,2025-04-23 14:59:23,6015,1769,63-HX-24,POINT (-9.148719787597656 38.77825164794922)
1768_717,3879_20250401_170_0_12,170_0,0,38.75825119018555,-9.153770446777344,15,IN_TRANSIT_TO,2025-04-23 14:59:42,5805,1768,63-HX-23,POINT (-9.153770446777344 38.75825119018555)
1722_756,6713_20250401_175_0_16,175_0,0,38.74116897583008,-9.148119926452637,11,IN_TRANSIT_TO,2025-04-23 14:59:18,1914,1722,25-AS-34,POINT (-9.148119926452637 38.74116897583008)
1759_796,8152_20250401_174_0_23,174_0,0,38.7919807434082,-9.153030395507812,12,IN_TRANSIT_TO,2025-04-23 14:59:21,11612,1759,34-HU-25,POINT (-9.153030395507812 38.7919807434082)
2487_729,4828_20250401_104_0_9,104_0,1,38.72657012939453,-9.194470405578613,21,IN_TRANSIT_TO,2025-04-23 14:59:35,8713,2487,54-BH-97,POINT (-9.194470405578613 38.72657012939453)
1757_794,8035_20250401_115_0_9,115_0,0,38.7524299621582,-9.11520004272461,27,IN_TRANSIT_TO,2025-04-23 14:58:51,24378,1757,34-HU-23,POINT (-9.11520004272461 38.7524299621582)
1754_717,3822_20250401_170_0_12,170_0,1,38.76987838745117,-9.159500122070312,22,IN_TRANSIT_TO,2025-04-23 14:59:32,5904,1754,34-HU-20,POINT (-9.159500122070312 38.76987838745117)
2433_716,3753_20250401_164_0_16,164_0,1,38.73514938354492,-9.145529747009277,22,IN_TRANSIT_TO,2025-04-23 14:59:30,1806,2433,44-BC-28,POINT (-9.145529747009277 38.73514938354492)
2239_758,6877_20250401_150_0_11,150_0,0,38.72101974487305,-9.161580085754395,10,IN_TRANSIT_TO,2025-04-23 14:59:24,8513,2239,06-30-XX,POINT (-9.161580085754395 38.72101974487305)
2344_758,6869_20250401_150_0_13,150_0,0,38.72338104248047,-9.161020278930664,10,IN_TRANSIT_TO,2025-04-23 14:59:29,8513,2344,53-60-ZJ,POINT (-9.161020278930664 38.72338104248047)
2322_712,3558_20250401_189_0_13,189_0,0,38.73025131225586,-9.126779556274414,3,IN_TRANSIT_TO,2025-04-23 14:59:45,2103,2322,67-46-ZJ,POINT (-9.126779556274414 38.73025131225586)
2469_729,4817_20250401_104_0_10,104_0,0,38.76485061645508,-9.199379920959473,6,IN_TRANSIT_TO,2025-04-23 14:59:30,13909,2469,16-AZ-09,POINT (-9.199379920959473 38.76485061645508)
1704_717,3803_20250401_170_0_12,170_0,1,38.7546501159668,-9.151920318603516,27,IN_TRANSIT_TO,2025-04-23 14:59:27,5706,1704,35-AL-14,POINT (-9.151920318603516 38.7546501159668)
2268_758,6890_20250401_150_0_2,150_0,1,38.70542907714844,-9.143879890441895,33,IN_TRANSIT_TO,2025-04-23 14:59:17,3826,2268,76-87-ZG,POINT (-9.143879890441895 38.70542907714844)
4613_750,6413_20250401_106_0_8,106_0,0,38.76837921142578,-9.104350090026855,1,IN_TRANSIT_TO,2025-04-23 14:59:28,7813,4613,22-GP-48,POINT (-9.104350090026855 38.76837921142578)
1779_735,5182_20250401_172_0_12,172_0,1,38.73316955566406,-9.132430076599121,15,IN_TRANSIT_TO,2025-04-23 14:59:20,504,1779,63-HX-20,POINT (-9.132430076599121 38.73316955566406)
1718_794,8101_20250401_115_0_12,115_0,1,38.76831817626953,-9.104280471801758,1,IN_TRANSIT_TO,2025-04-23 14:59:44,7814,1718,69-AL-81,POINT (-9.104280471801758 38.76831817626953)
1725_756,6757_20250401_175_0_15,175_0,1,38.70664978027344,-9.174200057983398,3,IN_TRANSIT_TO,2025-04-23 14:59:16,12105,1725,25-AS-37,POINT (-9.174200057983398 38.70664978027344)
2772_713,20157_20250401_122_0_11,122_0,0,38.730621337890625,-9.156999588012695,8,IN_TRANSIT_TO,2025-04-23 14:59:23,6117,2772,AH-24-ND,POINT (-9.156999588012695 38.730621337890625)
1760_717,3845_20250401_170_0_12,170_0,1,38.79804992675781,-9.145400047302246,0,IN_TRANSIT_TO,2025-04-23 14:59:32,,1760,34-HU-26,POINT (-9.145400047302246 38.79804992675781)
2757_712,3541_20250401_189_0_14,189_0,1,38.70392990112305,-9.174630165100098,0,IN_TRANSIT_TO,2025-04-23 14:59:28,,2757,AH-32-ND,POINT (-9.174630165100098 38.70392990112305)
2333_735,5267_20250401_172_0_11,172_0,0,38.716400146484375,-9.120670318603516,7,IN_TRANSIT_TO,2025-04-23 14:59:31,2103,2333,62-97-ZG,POINT (-9.120670318603516 38.716400146484375)
2497_742,5761_20250401_114_0_2,114_0,1,38.71099853515625,-9.195670127868652,4,IN_TRANSIT_TO,2025-04-23 14:59:04,50139,2497,88-BL-71,POINT (-9.195670127868652 38.71099853515625)
2461_726,4295_20250401_116_0_9,116_0,0,38.76036834716797,-9.193129539489746,28,IN_TRANSIT_TO,2025-04-23 14:59:37,12814,2461,55-BH-04,POINT (-9.193129539489746 38.76036834716797)
2422_767,7272_20250401_112_0_9,112_0,0,38.74858093261719,-9.217820167541504,44,IN_TRANSIT_TO,2025-04-23 14:59:31,3002,2422,29-AU-17,POINT (-9.217820167541504 38.74858093261719)
2285_767,7308_20250401_112_0_8,112_0,1,38.72782897949219,-9.14052963256836,41,IN_TRANSIT_TO,2025-04-23 14:59:40,6903,2285,67-55-ZJ,POINT (-9.14052963256836 38.72782897949219)
1719_701,2979_20250401_123_0_15,123_0,1,38.7552490234375,-9.167730331420898,20,IN_TRANSIT_TO,2025-04-23 14:59:35,50017,1719,25-AS-31,POINT (-9.167730331420898 38.7552490234375)
2809_718,3978_20250401_105_0_14,105_0,0,38.751678466796875,-9.104350090026855,8,IN_TRANSIT_TO,2025-04-23 14:59:24,24371,2809,01-IH-98,POINT (-9.104350090026855 38.751678466796875)
2445_747,6079_20250401_177_0_16,177_0,1,38.76633071899414,-9.166830062866211,17,IN_TRANSIT_TO,2025-04-23 14:59:21,50008,2445,44-BC-31,POINT (-9.166830062866211 38.76633071899414)
2437_703,3170_20250401_165_0_14,165_0,1,38.77170181274414,-9.171870231628418,34,IN_TRANSIT_TO,2025-04-23 14:59:29,50045,2437,29-AX-09,POINT (-9.171870231628418 38.77170181274414)
2423_778,18644_20250401_179_0_17,179_0,1,38.75333023071289,-9.1904296875,1,IN_TRANSIT_TO,2025-04-23 14:59:37,10832,2423,29-AU-18,POINT (-9.1904296875 38.75333023071289)
2269_731,5025_20250401_190_0_10,190_0,1,38.73891830444336,-9.165599822998047,32,IN_TRANSIT_TO,2025-04-23 14:59:29,1620,2269,76-88-ZG,POINT (-9.165599822998047 38.73891830444336)
2338_735,5263_20250401_172_1_10,172_1,1,38.7138786315918,-9.122300148010254,16,IN_TRANSIT_TO,2025-04-23 14:59:34,2118,2338,53-62-ZJ,POINT (-9.122300148010254 38.7138786315918)
2758_727,4485_20250401_103_0_9,103_0,1,38.70655059814453,-9.157699584960938,25,IN_TRANSIT_TO,2025-04-23 14:59:41,3911,2758,AH-36-ND,POINT (-9.157699584960938 38.70655059814453)
2420_778,7529_20250401_179_0_19,179_0,0,38.76066970825195,-9.1668701171875,4,IN_TRANSIT_TO,2025-04-23 14:59:22,50005,2420,29-AU-15,POINT (-9.1668701171875 38.76066970825195)
218_773,7408_20250401_124_0_21,124_0,0,38.70613098144531,-9.17311954498291,25,IN_TRANSIT_TO,2025-04-23 14:59:40,9417,218,11-13-XO,POINT (-9.17311954498291 38.70613098144531)
2833_751,6510_20250401_109_0_12,109_0,1,38.715919494628906,-9.175569534301758,28,IN_TRANSIT_TO,2025-04-23 14:59:22,11903,2833,BF-65-FZ,POINT (-9.175569534301758 38.715919494628906)
2839_753,6573_20250401_167_0_19,167_0,0,38.666500091552734,-9.16592025756836,8,IN_TRANSIT_TO,2025-04-23 14:59:04,14601,2839,BF-69-FZ,POINT (-9.16592025756836 38.666500091552734)
1703_717,3800_20250401_170_0_12,170_0,1,38.74932861328125,-9.137499809265137,32,IN_TRANSIT_TO,2025-04-23 14:59:40,11202,1703,35-AL-13,POINT (-9.137499809265137 38.74932861328125)
4622_783,7817_20250401_203_0_12,203_0,1,38.76097106933594,-9.132650375366211,13,IN_TRANSIT_TO,2025-04-23 14:59:18,7502,4622,90-JI-91,POINT (-9.132650375366211 38.76097106933594)
2465_767,7184_20250401_112_0_8,112_0,1,38.75408172607422,-9.144579887390137,31,IN_TRANSIT_TO,2025-04-23 14:59:33,11302,2465,55-BH-00,POINT (-9.144579887390137 38.75408172607422)
1715_798,8190_20250401_194_0_21,194_0,0,38.778480529785156,-9.148929595947266,16,IN_TRANSIT_TO,2025-04-23 14:59:45,11511,1715,69-AL-78,POINT (-9.148929595947266 38.778480529785156)
1777_735,5258_20250401_172_0_9,172_0,0,38.73366928100586,-9.133970260620117,19,IN_TRANSIT_TO,2025-04-23 14:59:23,509,1777,63-HX-31,POINT (-9.133970260620117 38.73366928100586)
2271_758,6889_20250401_150_0_13,150_0,0,38.707271575927734,-9.143400192260742,1,IN_TRANSIT_TO,2025-04-23 14:59:24,3807,2271,92-54-ZM,POINT (-9.143400192260742 38.707271575927734)
1765_794,8043_20250401_115_0_12,115_0,0,38.72917938232422,-9.115280151367188,8,IN_TRANSIT_TO,2025-04-23 14:59:01,8321,1765,63-HX-28,POINT (-9.115280151367188 38.72917938232422)
4603_728,4681_20250401_204_0_9,204_0,1,38.72611999511719,-9.110650062561035,25,IN_TRANSIT_TO,2025-04-23 14:59:27,8310,4603,96-GL-81,POINT (-9.110650062561035 38.72611999511719)
2306_742,5783_20250401_114_0_9,114_0,0,38.73725128173828,-9.145050048828125,22,IN_TRANSIT_TO,2025-04-23 14:59:28,11118,2306,83-19-ZM,POINT (-9.145050048828125 38.73725128173828)
220_13B,21591_20250401_243_0_18,243_0,0,38.7181282043457,-9.119250297546387,16,IN_TRANSIT_TO,2025-04-23 14:58:41,2103,220,11-07-XO,POINT (-9.119250297546387 38.7181282043457)
2484_726,4273_20250401_116_0_10,116_0,1,38.738380432128906,-9.16273021697998,17,IN_TRANSIT_TO,2025-04-23 14:59:19,1602,2484,91-BE-76,POINT (-9.16273021697998 38.738380432128906)
601_15E,11238_20250401_76_0_12,76_0,1,38.70637893676758,-9.154979705810547,18,IN_TRANSIT_TO,2025-04-23 14:59:27,3901,601,,POINT (-9.154979705810547 38.70637893676758)
2403_716,3718_20250401_164_0_18,164_0,1,38.738319396972656,-9.157179832458496,17,IN_TRANSIT_TO,2025-04-23 14:59:25,1508,2403,50-AL-12,POINT (-9.157179832458496 38.738319396972656)
2491_720,4094_20250401_143_0_13,143_0,0,38.70357131958008,-9.168279647827148,24,IN_TRANSIT_TO,2025-04-23 14:59:19,10204,2491,54-BH-98,POINT (-9.168279647827148 38.70357131958008)
1707_701,2987_20250401_123_0_17,123_0,1,38.732669830322266,-9.162679672241211,9,IN_TRANSIT_TO,2025-04-23 14:59:16,6123,1707,69-AL-70,POINT (-9.162679672241211 38.732669830322266)
2791_714,3627_20250401_102_0_12,102_0,1,38.70627975463867,-9.145429611206055,37,IN_TRANSIT_TO,2025-04-23 14:59:32,7101,2791,AJ-61-LI,POINT (-9.145429611206055 38.70627975463867)
2426_767,7297_20250401_112_0_9,112_0,0,38.73807907104492,-9.136799812316895,9,IN_TRANSIT_TO,2025-04-23 14:59:26,11104,2426,29-AU-21,POINT (-9.136799812316895 38.73807907104492)
2838_751,6520_20250401_109_0_11,109_0,1,38.70682907104492,-9.175829887390137,25,IN_TRANSIT_TO,2025-04-23 14:59:44,12105,2838,BF-59-FZ,POINT (-9.175829887390137 38.70682907104492)
2401_716,3723_20250401_164_0_2,164_0,1,38.749778747558594,-9.194419860839844,5,IN_TRANSIT_TO,2025-04-23 14:58:48,10801,2401,50-AL-14,POINT (-9.194419860839844 38.749778747558594)
2837_751,6514_20250401_109_0_13,109_0,1,38.70690155029297,-9.173649787902832,25,IN_TRANSIT_TO,2025-04-23 14:59:34,12105,2837,BF-66-FZ,POINT (-9.173649787902832 38.70690155029297)
2764_746,5964_20250401_108_0_15,108_0,0,38.74877166748047,-9.216629981994629,23,IN_TRANSIT_TO,2025-04-23 14:59:27,50234,2764,AH-29-ND,POINT (-9.216629981994629 38.74877166748047)
2776_754,6592_20250401_201_0_12,201_0,1,38.74171829223633,-9.167750358581543,29,IN_TRANSIT_TO,2025-04-23 14:59:34,1603,2776,AI-07-BT,POINT (-9.167750358581543 38.74171829223633)
2942_29B,17524_20250401_209_0_15,209_0,0,38.764278411865234,-9.120499610900879,30,IN_TRANSIT_TO,2025-04-23 14:59:27,7521,2942,51-GL-82,POINT (-9.120499610900879 38.764278411865234)
2303_708,3298_20250401_100_0_9,100_0,0,38.77151870727539,-9.147080421447754,16,IN_TRANSIT_TO,2025-04-23 14:59:28,7505,2303,83-11-ZM,POINT (-9.147080421447754 38.77151870727539)
2748_755,6711_20250401_118_0_12,118_0,0,38.75503158569336,-9.151080131530762,34,IN_TRANSIT_TO,2025-04-23 14:59:32,11321,2748,AG-96-TG,POINT (-9.151080131530762 38.75503158569336)
4840_736,5331_20250401_199_0_10,199_0,1,38.7705192565918,-9.159979820251465,10,IN_TRANSIT_TO,2025-04-23 14:59:18,5906,4840,45-VX-93,POINT (-9.159979820251465 38.7705192565918)
1724_701,2947_20250401_123_0_13,123_0,0,38.73918151855469,-9.16819953918457,20,IN_TRANSIT_TO,2025-04-23 14:59:17,1610,1724,25-AS-36,POINT (-9.16819953918457 38.73918151855469)
2451_729,4836_20250401_104_0_8,104_0,1,38.71371841430664,-9.197330474853516,17,IN_TRANSIT_TO,2025-04-23 14:59:31,12928,2451,75-AQ-16,POINT (-9.197330474853516 38.71371841430664)
2405_767,7286_20250401_112_0_9,112_0,0,38.760520935058594,-9.156020164489746,19,IN_TRANSIT_TO,2025-04-23 14:59:17,5825,2405,50-AL-10,POINT (-9.156020164489746 38.760520935058594)
2792_727,4463_20250401_103_0_8,103_0,1,38.71091842651367,-9.153599739074707,30,IN_TRANSIT_TO,2025-04-23 14:55:15,6701,2792,AJ-53-LI,POINT (-9.153599739074707 38.71091842651367)
2434_716,3734_20250401_164_0_11,164_0,0,38.750980377197266,-9.202699661254883,23,IN_TRANSIT_TO,2025-04-23 14:59:37,10904,2434,29-AU-24,POINT (-9.202699661254883 38.750980377197266)
2464_726,4317_20250401_116_0_11,116_0,0,38.755821228027344,-9.176630020141602,23,IN_TRANSIT_TO,2025-04-23 14:59:32,13617,2464,91-BE-71,POINT (-9.176630020141602 38.755821228027344)
4610_750,6290_20250401_106_0_10,106_0,1,38.744781494140625,-9.197979927062988,13,IN_TRANSIT_TO,2025-04-23 14:59:35,2812,4610,96-GL-87,POINT (-9.197979927062988 38.744781494140625)
2610_759,6896_20250401_144_0_8,144_0,1,38.714420318603516,-9.139249801635742,46,IN_TRANSIT_TO,2025-04-23 14:59:35,919,2610,66-VI-20,POINT (-9.139249801635742 38.714420318603516)
2840_728,4581_20250401_204_0_10,204_0,0,38.70624923706055,-9.14503002166748,19,IN_TRANSIT_TO,2025-04-23 14:59:27,3803,2840,BF-75-FZ,POINT (-9.14503002166748 38.70624923706055)
2773_714,3705_20250401_102_0_11,102_0,0,38.69742965698242,-9.203900337219238,19,IN_TRANSIT_TO,2025-04-23 14:59:18,4112,2773,AH-39-ND,POINT (-9.203900337219238 38.69742965698242)
6012_706,3267_20250401_147_0_13,147_0,1,38.73040008544922,-9.12697982788086,9,IN_TRANSIT_TO,2025-04-23 14:59:44,11705,6012,67-ZF-26,POINT (-9.12697982788086 38.73040008544922)
2751_720,4086_20250401_143_0_13,143_0,1,38.70444869995117,-9.175200462341309,5,IN_TRANSIT_TO,2025-04-23 14:59:27,12101,2751,AG-12-TH,POINT (-9.175200462341309 38.70444869995117)
2249_758,6848_20250401_150_0_12,150_0,1,38.74958038330078,-9.193050384521484,6,IN_TRANSIT_TO,2025-04-23 14:59:34,10801,2249,22-32-ZB,POINT (-9.193050384521484 38.74958038330078)
2438_767,7250_20250401_112_0_9,112_0,1,38.74689865112305,-9.216099739074707,3,IN_TRANSIT_TO,2025-04-23 14:59:42,3015,2438,44-BC-29,POINT (-9.216099739074707 38.74689865112305)
2276_706,3259_20250401_147_0_6,147_0,0,38.70589828491211,-9.143919944763184,0,IN_TRANSIT_TO,2025-04-23 14:59:16,,2276,53-57-ZJ,POINT (-9.143919944763184 38.70589828491211)
2418_747,6101_20250401_177_0_16,177_0,1,38.76409912109375,-9.176600456237793,13,IN_TRANSIT_TO,2025-04-23 14:59:13,50022,2418,92-AO-54,POINT (-9.176600456237793 38.76409912109375)
2466_726,4350_20250401_116_0_10,116_0,1,38.7216682434082,-9.128849983215332,31,IN_TRANSIT_TO,2025-04-23 14:59:41,9118,2466,16-AZ-16,POINT (-9.128849983215332 38.7216682434082)
2843_751,6437_20250401_109_0_15,109_0,1,38.698448181152344,-9.227479934692383,11,IN_TRANSIT_TO,2025-04-23 14:59:26,4210,2843,BF-63-FZ,POINT (-9.227479934692383 38.698448181152344)
213_773,7378_20250401_124_0_22,124_0,1,38.71677017211914,-9.148520469665527,23,IN_TRANSIT_TO,2025-04-23 14:58:48,10605,213,44-10-XL,POINT (-9.148520469665527 38.71677017211914)
209_49B,22224_20250401_251_0_15,251_0,0,38.73966979980469,-9.127019882202148,11,IN_TRANSIT_TO,2025-04-23 14:59:41,8910,209,33-46-XH,POINT (-9.127019882202148 38.73966979980469)
212_773,7423_20250401_124_0_15,124_0,1,38.7174186706543,-9.150279998779297,23,IN_TRANSIT_TO,2025-04-23 14:59:34,10605,212,44-11-XL,POINT (-9.150279998779297 38.7174186706543)
2209_742,5737_20250401_114_0_8,114_0,1,38.7276496887207,-9.160900115966797,30,IN_TRANSIT_TO,2025-04-23 14:59:41,6104,2209,01-68-XO,POINT (-9.160900115966797 38.7276496887207)
2225_755,6706_20250401_118_0_8,118_0,1,38.741729736328125,-9.167630195617676,2,IN_TRANSIT_TO,2025-04-23 14:59:23,1603,2225,08-03-XS,POINT (-9.167630195617676 38.741729736328125)
410_67B,28216_20250401_253_0_12,253_0,0,38.70637130737305,-9.173749923706055,11,IN_TRANSIT_TO,2025-04-23 14:59:36,9425,410,BF-21-VF,POINT (-9.173749923706055 38.70637130737305)
2224_742,5788_20250401_114_0_8,114_0,0,38.73337936401367,-9.133099555969238,17,IN_TRANSIT_TO,2025-04-23 14:59:16,503,2224,08-15-XS,POINT (-9.133099555969238 38.73337936401367)
2210_793,7973_20250401_145_0_16,145_0,1,38.74652862548828,-9.119379997253418,9,IN_TRANSIT_TO,2025-04-23 14:59:23,3608,2210,01-66-XO,POINT (-9.119379997253418 38.74652862548828)
2217_720,4100_20250401_143_0_13,143_0,0,38.72542190551758,-9.148929595947266,14,IN_TRANSIT_TO,2025-04-23 14:59:18,1202,2217,07-99-XS,POINT (-9.148929595947266 38.72542190551758)
2834_748,6182_20250401_169_0_12,169_0,0,38.72391891479492,-9.19694995880127,5,IN_TRANSIT_TO,2025-04-23 14:59:23,8607,2834,BF-76-FZ,POINT (-9.19694995880127 38.72391891479492)
2212_793,7989_20250401_145_0_17,145_0,1,38.745479583740234,-9.135530471801758,0,IN_TRANSIT_TO,2025-04-23 14:59:20,,2212,08-05-XS,POINT (-9.135530471801758 38.745479583740234)
2781_764,7162_20250401_168_0_14,168_0,1,38.74467849731445,-9.190799713134766,17,IN_TRANSIT_TO,2025-04-23 14:59:44,10838,2781,AI-00-BT,POINT (-9.190799713134766 38.74467849731445)
2208_794,8091_20250401_115_0_12,115_0,1,38.75537872314453,-9.113869667053223,10,IN_TRANSIT_TO,2025-04-23 14:59:20,24367,2208,01-69-XO,POINT (-9.113869667053223 38.75537872314453)
2220_793,8019_20250401_145_0_15,145_0,1,38.7400016784668,-9.111530303955078,22,IN_TRANSIT_TO,2025-04-23 14:59:40,50173,2220,07-96-XS,POINT (-9.111530303955078 38.7400016784668)
6002_703,3124_20250401_165_0_12,165_0,1,38.76612091064453,-9.182519912719727,16,IN_TRANSIT_TO,2025-04-23 14:59:27,50359,6002,98-XU-85,POINT (-9.182519912719727 38.76612091064453)
2712_713,3592_20250401_122_0_12,122_0,1,38.729129791259766,-9.15902042388916,28,IN_TRANSIT_TO,2025-04-23 14:59:33,6106,2712,92-XQ-33,POINT (-9.15902042388916 38.729129791259766)
563_28E,14946_20250401_75_0_14,75_0,0,38.71556854248047,-9.129019737243652,9,IN_TRANSIT_TO,2025-04-23 14:59:19,14804,563,,POINT (-9.129019737243652 38.71556854248047)
234_17B,21703_20250401_247_0_13,247_0,0,38.730770111083984,-9.143969535827637,5,IN_TRANSIT_TO,2025-04-23 14:59:22,6501,234,13-31-XZ,POINT (-9.143969535827637 38.730770111083984)
568_25E,14250_20250401_79_0_30,79_0,0,38.701171875,-9.181079864501953,3,IN_TRANSIT_TO,2025-04-16 22:30:21,7102,568,,POINT (-9.181079864501953 38.701171875)
567_25E,14252_20250401_79_0_18,79_0,0,38.70637130737305,-9.148269653320312,2,IN_TRANSIT_TO,2025-04-23 14:59:28,3802,567,,POINT (-9.148269653320312 38.70637130737305)
2226_735,5252_20250401_172_1_2,172_1,1,38.708580017089844,-9.135749816894531,19,IN_TRANSIT_TO,2025-04-23 14:59:23,4502,2226,06-35-XX,POINT (-9.135749816894531 38.708580017089844)
2230_731,5022_20250401_190_0_11,190_0,0,38.74457931518555,-9.156550407409668,7,IN_TRANSIT_TO,2025-04-23 14:59:27,3303,2230,06-36-XX,POINT (-9.156550407409668 38.74457931518555)
2222_742,5720_20250401_114_0_10,114_0,1,38.73337173461914,-9.154520034790039,34,IN_TRANSIT_TO,2025-04-23 14:59:44,1406,2222,08-17-XS,POINT (-9.154520034790039 38.73337173461914)
562_25E,14268_20250401_79_0_21,79_0,1,38.7140007019043,-9.161450386047363,5,IN_TRANSIT_TO,2025-04-23 14:59:44,8109,562,,POINT (-9.161450386047363 38.7140007019043)
2232_758,6885_20250401_150_0_13,150_0,0,38.716800689697266,-9.14857006072998,6,IN_TRANSIT_TO,2025-04-23 14:59:40,10605,2232,06-23-XX,POINT (-9.14857006072998 38.716800689697266)
2201_708,3333_20250401_100_0_10,100_0,1,38.77750015258789,-9.095020294189453,11,IN_TRANSIT_TO,2025-04-23 14:59:29,50125,2201,72-15-XN,POINT (-9.095020294189453 38.77750015258789)
230_773,7416_20250401_124_0_22,124_0,1,38.712371826171875,-9.168000221252441,8,IN_TRANSIT_TO,2025-04-23 14:59:32,10106,230,13-33-XZ,POINT (-9.168000221252441 38.712371826171875)
6004_760,7044_20250401_171_0_6,171_0,1,38.70532989501953,-9.178680419921875,23,IN_TRANSIT_TO,2025-04-23 14:59:28,12119,6004,82-ZC-35,POINT (-9.178680419921875 38.70532989501953)
2835_748,6188_20250401_169_0_11,169_0,1,38.72502899169922,-9.153800010681152,9,IN_TRANSIT_TO,2025-04-23 14:59:43,1224,2835,BF-62-FZ,POINT (-9.153800010681152 38.72502899169922)
615_15E,11202_20250401_76_0_15,76_0,0,38.699119567871094,-9.229499816894531,19,IN_TRANSIT_TO,2025-04-23 14:59:15,4218,615,,POINT (-9.229499816894531 38.699119567871094)
2265_799,8222_20250401_120_0_16,120_0,0,38.73955154418945,-9.223170280456543,23,IN_TRANSIT_TO,2025-04-23 14:59:33,18126,2265,76-91-ZG,POINT (-9.223170280456543 38.73955154418945)
2273_758,6868_20250401_150_0_11,150_0,0,38.73448181152344,-9.164649963378906,15,IN_TRANSIT_TO,2025-04-23 14:59:20,6123,2273,76-81-ZG,POINT (-9.164649963378906 38.73448181152344)
2832_728,4601_20250401_204_0_8,204_0,0,38.706268310546875,-9.145580291748047,18,IN_TRANSIT_TO,2025-04-23 14:59:34,7101,2832,BF-68-FZ,POINT (-9.145580291748047 38.706268310546875)
303_744,5850_20250401_200_0_10,200_0,1,38.75128173828125,-9.13737964630127,20,IN_TRANSIT_TO,2025-04-23 14:59:35,11202,303,22-SP-90,POINT (-9.13737964630127 38.75128173828125)
2267_758,6770_20250401_150_0_12,150_0,1,38.71120071411133,-9.1428804397583,31,IN_TRANSIT_TO,2025-04-23 14:59:27,10504,2267,76-86-ZG,POINT (-9.1428804397583 38.71120071411133)
2266_724,4222_20250401_178_0_17,178_0,0,38.756370544433594,-9.204170227050781,25,IN_TRANSIT_TO,2025-04-23 14:59:22,13702,2266,76-92-ZG,POINT (-9.204170227050781 38.756370544433594)
