id,trip_id,route_id,direction_id,latitude,longitude,current_stop_sequence,current_status,timestamp,stop_id,vehicle_id,license_plate,geometry
2302_735,5255_20251202_172_0_19,172_0,0,38.7398796081543,-9.133549690246582,20,IN_TRANSIT_TO,2025-12-26 21:33:57,414,2302,83-08-ZM,POINT (-9.133549690246582 38.7398796081543)
4606_750,6292_20251202_106_0_16,106_0,0,38.75008010864258,-9.19556999206543,23,IN_TRANSIT_TO,2025-12-26 21:33:50,10802,4606,96-GL-83,POINT (-9.19556999206543 38.75008010864258)
2440_778,7532_20251202_179_0_28,179_0,1,38.76491928100586,-9.171830177307129,18,IN_TRANSIT_TO,2025-12-26 21:33:49,50024,2440,29-AX-08,POINT (-9.171830177307129 38.76491928100586)
558_28E,15027_20251202_75_0_15,75_0,1,38.708229064941406,-9.139869689941406,5,IN_TRANSIT_TO,2025-12-26 21:31:26,10521,558,,POINT (-9.139869689941406 38.708229064941406)
2250_731,19403_20240727_190_0_8,190_0,1,38.78303146362305,-9.114009857177734,3,IN_TRANSIT_TO,2024-08-10 10:41:27,12610,2250,80-41-ZE,POINT (-9.114009857177734 38.78303146362305)
6021_732,5059_20251202_107_0_11,107_0,0,38.70907974243164,-9.212220191955566,42,IN_TRANSIT_TO,2025-12-26 21:33:22,12406,6021,BD-91-QG,POINT (-9.212220191955566 38.70907974243164)
2292_731,4993_20251202_190_0_16,190_0,1,38.77172088623047,-9.109829902648926,14,IN_TRANSIT_TO,2025-12-26 21:33:48,7802,2292,83-16-ZM,POINT (-9.109829902648926 38.77172088623047)
2321_754,6579_20251202_201_0_19,201_0,0,38.746429443359375,-9.189749717712402,16,IN_TRANSIT_TO,2025-12-26 21:32:55,10824,2321,04-47-ZF,POINT (-9.189749717712402 38.746429443359375)
2795_727,4527_20251202_103_0_12,103_0,1,38.708370208740234,-9.152700424194336,28,IN_TRANSIT_TO,2025-12-26 21:33:57,7105,2795,AJ-55-LI,POINT (-9.152700424194336 38.708370208740234)
2494_717,3870_20251202_170_0_6,170_0,1,38.76247024536133,-9.157099723815918,24,IN_TRANSIT_TO,2025-12-26 21:34:00,5814,2494,88-BL-68,POINT (-9.157099723815918 38.76247024536133)
4617_750,6408_20251202_106_0_4,106_0,1,38.69860076904297,-9.227279663085938,0,IN_TRANSIT_TO,2025-12-26 21:33:54,,4617,22-GP-51,POINT (-9.227279663085938 38.69860076904297)
2955_40B,19264_20251202_212_0_24,212_0,1,38.79167938232422,-9.147379875183105,21,IN_TRANSIT_TO,2025-12-26 21:33:56,50393,2955,27-GU-70,POINT (-9.147379875183105 38.79167938232422)
2951_29B,17527_20251202_209_0_13,209_0,0,38.77273178100586,-9.1181001663208,22,IN_TRANSIT_TO,2025-12-17 14:32:48,50347,2951,62-GQ-53,POINT (-9.1181001663208 38.77273178100586)
4816_750,6379_20251202_106_0_4,106_0,1,38.76272964477539,-9.12697982788086,30,IN_TRANSIT_TO,2025-12-26 21:33:47,7501,4816,34-VR-17,POINT (-9.12697982788086 38.76272964477539)
4611_750,6337_20251202_106_0_6,106_0,1,38.761680603027344,-9.130979537963867,29,IN_TRANSIT_TO,2025-12-26 21:15:34,11305,4611,96-GL-88,POINT (-9.130979537963867 38.761680603027344)
4641_750,6315_20251202_106_0_3,106_0,0,38.76055145263672,-9.133970260620117,11,IN_TRANSIT_TO,2025-12-26 21:34:11,11308,4641,90-JI-98,POINT (-9.133970260620117 38.76055145263672)
4646_750,6388_20251202_106_0_6,106_0,1,38.75004959106445,-9.19752025604248,15,IN_TRANSIT_TO,2025-12-26 21:34:15,10907,4646,11-JM-79,POINT (-9.19752025604248 38.75004959106445)
2691_713,3595_20251202_122_0_20,122_0,1,38.735069274902344,-9.145569801330566,34,IN_TRANSIT_TO,2025-12-26 21:33:49,1806,2691,90-XF-45,POINT (-9.145569801330566 38.735069274902344)
2669_738,5556_20251202_117_0_8,117_0,1,38.70558166503906,-9.179220199584961,4,IN_TRANSIT_TO,2025-12-26 21:34:05,12113,2669,87-XB-34,POINT (-9.179220199584961 38.70558166503906)
2695_714,3695_20251202_102_0_15,102_0,0,38.71638107299805,-9.214449882507324,28,IN_TRANSIT_TO,2025-12-26 21:33:51,10402,2695,90-XF-50,POINT (-9.214449882507324 38.71638107299805)
4836_736,5401_20251202_199_0_19,199_0,0,38.7218017578125,-9.146900177001953,3,IN_TRANSIT_TO,2025-12-26 21:33:59,1103,4836,34-VR-23,POINT (-9.146900177001953 38.7218017578125)
2705_709,3405_20251202_148_0_35,148_0,0,38.72159957885742,-9.146750450134277,4,IN_TRANSIT_TO,2025-12-26 21:34:14,1103,2705,92-XQ-29,POINT (-9.146750450134277 38.72159957885742)
2678_714,19170_20251202_102_0_15,102_0,0,38.705230712890625,-9.170649528503418,9,IN_TRANSIT_TO,2025-12-26 21:34:11,10210,2678,93-XA-39,POINT (-9.170649528503418 38.705230712890625)
2679_738,5547_20251202_117_0_18,117_0,1,38.737369537353516,-9.145600318908691,20,IN_TRANSIT_TO,2025-12-26 21:34:12,1801,2679,93-XA-34,POINT (-9.145600318908691 38.737369537353516)
6001_706,3215_20251202_147_0_12,147_0,0,38.70589828491211,-9.143919944763184,0,IN_TRANSIT_TO,2025-12-26 21:34:16,,6001,99-XU-70,POINT (-9.143919944763184 38.70589828491211)
2718_727,4538_20251202_103_4_11,103_4,0,38.70709991455078,-9.202520370483398,40,IN_TRANSIT_TO,2025-12-26 21:33:54,13114,2718,92-XQ-23,POINT (-9.202520370483398 38.70709991455078)
2347_758,6877_20251202_150_0_14,150_0,1,38.72425079345703,-9.160369873046875,21,IN_TRANSIT_TO,2025-12-09 19:31:15,6120,2347,53-61-ZJ,POINT (-9.160369873046875 38.72425079345703)
2741_735,5265_20251202_172_0_19,172_0,0,38.70785140991211,-9.133179664611816,4,IN_TRANSIT_TO,2025-12-26 21:33:52,4501,2741,AG-99-TG,POINT (-9.133179664611816 38.70785140991211)
2658_709,3390_20251202_148_0_37,148_0,1,38.71540069580078,-9.164119720458984,3,IN_TRANSIT_TO,2025-12-26 21:34:04,8001,2658,05-VZ-71,POINT (-9.164119720458984 38.71540069580078)
2414_726,4263_20251202_116_0_16,116_0,1,38.73516845703125,-9.142550468444824,25,IN_TRANSIT_TO,2025-12-26 21:34:07,1806,2414,92-AO-51,POINT (-9.142550468444824 38.73516845703125)
2288_731,4978_20251202_190_0_14,190_0,1,38.742000579833984,-9.168450355529785,33,IN_TRANSIT_TO,2025-12-26 21:34:07,1612,2288,92-59-ZM,POINT (-9.168450355529785 38.742000579833984)
608_15E,11332_20251202_76_0_8,76_0,1,38.699180603027344,-9.225549697875977,2,IN_TRANSIT_TO,2025-12-26 21:34:07,4219,608,,POINT (-9.225549697875977 38.699180603027344)
2979_730,4943_20251202_198_0_21,198_0,1,38.73735046386719,-9.12405014038086,19,IN_TRANSIT_TO,2025-12-26 21:33:51,8904,2979,30-VM-17,POINT (-9.12405014038086 38.73735046386719)
2281_731,5020_20251202_190_0_17,190_0,0,38.783931732177734,-9.109780311584473,35,IN_TRANSIT_TO,2025-12-26 21:34:11,12627,2281,67-56-ZJ,POINT (-9.109780311584473 38.783931732177734)
2628_718,3963_20251202_105_0_21,105_0,1,38.756370544433594,-9.112279891967773,30,IN_TRANSIT_TO,2025-12-26 21:27:52,24370,2628,52-VP-82,POINT (-9.112279891967773 38.756370544433594)
2717_746,6048_20251202_108_0_1,108_0,1,38.72626876831055,-9.149649620056152,24,IN_TRANSIT_TO,2025-12-26 21:34:13,1206,2717,92-XQ-16,POINT (-9.149649620056152 38.72626876831055)
2629_759,6946_20251202_144_0_14,144_0,0,38.725318908691406,-9.113129615783691,12,IN_TRANSIT_TO,2025-12-26 21:34:14,9807,2629,52-VP-81,POINT (-9.113129615783691 38.725318908691406)
4633_783,7848_20251202_203_0_18,203_0,1,38.74345016479492,-9.147330284118652,21,IN_TRANSIT_TO,2025-12-26 21:34:17,2019,4633,90-JI-94,POINT (-9.147330284118652 38.74345016479492)
4833_736,5418_20251202_199_0_16,199_0,1,38.75659942626953,-9.154399871826172,15,IN_TRANSIT_TO,2025-12-26 21:33:48,5806,4833,20-VQ-65,POINT (-9.154399871826172 38.75659942626953)
6009_706,19507_20251202_147_0_7,147_0,0,38.727779388427734,-9.14365005493164,15,IN_TRANSIT_TO,2025-12-26 21:34:03,6609,6009,81-ZC-18,POINT (-9.14365005493164 38.727779388427734)
4825_736,5381_20251202_199_0_19,199_0,0,38.753379821777344,-9.150349617004395,13,IN_TRANSIT_TO,2025-12-26 21:33:53,2017,4825,20-VQ-72,POINT (-9.150349617004395 38.753379821777344)
2345_726,4274_20251202_116_0_16,116_0,1,38.761199951171875,-9.196619987487793,4,IN_TRANSIT_TO,2025-12-26 21:33:51,13907,2345,53-59-ZJ,POINT (-9.196619987487793 38.761199951171875)
6023_760,7037_20251202_171_0_11,171_0,1,38.70438003540039,-9.174750328063965,24,IN_TRANSIT_TO,2025-12-26 21:33:55,12101,6023,BF-03-BD,POINT (-9.174750328063965 38.70438003540039)
4815_728,4651_20251202_204_0_5,204_0,1,38.70077133178711,-9.177630424499512,40,IN_TRANSIT_TO,2025-12-26 21:34:00,4002,4815,34-VR-24,POINT (-9.177630424499512 38.70077133178711)
2264_768,7334_20251202_111_0_24,111_0,0,38.7600212097168,-9.19176959991455,18,IN_TRANSIT_TO,2025-12-26 21:34:13,12814,2264,76-90-ZG,POINT (-9.19176959991455 38.7600212097168)
6026_732,5073_20251202_107_0_5,107_0,0,38.70597839355469,-9.1564302444458,22,IN_TRANSIT_TO,2025-12-26 21:34:04,3902,6026,BF-39-BB,POINT (-9.1564302444458 38.70597839355469)
602_15E,11231_20251202_76_0_19,76_0,0,38.69742965698242,-9.194479942321777,14,IN_TRANSIT_TO,2025-12-26 21:34:12,9508,602,,POINT (-9.194479942321777 38.69742965698242)
4806_751,6512_20251202_109_0_25,109_0,0,38.71596908569336,-9.175749778747559,4,IN_TRANSIT_TO,2025-12-26 21:33:55,11902,4806,20-VQ-74,POINT (-9.175749778747559 38.71596908569336)
4826_736,5370_20251202_199_0_15,199_0,0,38.7835807800293,-9.163579940795898,24,IN_TRANSIT_TO,2025-12-26 21:34:14,7205,4826,53-VR-05,POINT (-9.163579940795898 38.7835807800293)
6037_747,6091_20251202_177_0_11,177_0,0,38.7671012878418,-9.164899826049805,5,IN_TRANSIT_TO,2025-12-26 21:34:05,5815,6037,BG-37-LT,POINT (-9.164899826049805 38.7671012878418)
2633_718,3974_20251202_105_0_21,105_0,1,38.74369812011719,-9.101479530334473,21,IN_TRANSIT_TO,2025-12-26 21:34:09,12511,2633,52-VP-79,POINT (-9.101479530334473 38.74369812011719)
6039_760,7100_20251202_171_0_11,171_0,0,38.725669860839844,-9.140700340270996,3,IN_TRANSIT_TO,2025-12-26 21:33:47,6901,6039,BG-96-LU,POINT (-9.140700340270996 38.725669860839844)
2716_746,6061_20251202_108_0_1,108_0,1,38.75,-9.195599555969238,6,IN_TRANSIT_TO,2025-12-26 21:33:51,10905,2716,92-XQ-27,POINT (-9.195599555969238 38.75)
2647_759,6976_20251202_144_0_6,144_0,1,38.77214813232422,-9.11001968383789,6,IN_TRANSIT_TO,2025-12-26 21:33:45,7801,2647,75-VS-45,POINT (-9.11001968383789 38.77214813232422)
2989_774,7461_20251202_192_1_30,192_1,1,38.71474838256836,-9.167019844055176,16,IN_TRANSIT_TO,2025-12-26 21:34:03,8028,2989,29-VM-85,POINT (-9.167019844055176 38.71474838256836)
2724_714,3630_20251202_102_0_18,102_0,1,38.706031799316406,-9.143899917602539,38,IN_TRANSIT_TO,2025-12-26 21:34:10,3803,2724,92-XQ-40,POINT (-9.143899917602539 38.706031799316406)
273_28E,48758_20251202_75_8_37,75_8,1,38.71432876586914,-9.169400215148926,15,IN_TRANSIT_TO,2025-12-26 21:34:13,8017,273,AH-15-TB,POINT (-9.169400215148926 38.71432876586914)
2721_723,66298_20251202_121_0_9,121_0,0,38.72488021850586,-9.157320022583008,8,IN_TRANSIT_TO,2025-12-26 21:33:59,1223,2721,92-XQ-37,POINT (-9.157320022583008 38.72488021850586)
2326_712,3553_20251202_189_0_20,189_0,0,38.72782897949219,-9.15939998626709,20,IN_TRANSIT_TO,2025-12-26 21:33:55,6103,2326,67-49-ZJ,POINT (-9.15939998626709 38.72782897949219)
2981_774,7434_20251202_192_1_35,192_1,0,38.71352005004883,-9.137120246887207,1,IN_TRANSIT_TO,2025-12-26 21:33:59,906,2981,29-VM-86,POINT (-9.137120246887207 38.71352005004883)
6030_760,7091_20251202_171_0_9,171_0,0,38.70502853393555,-9.187729835510254,22,IN_TRANSIT_TO,2025-12-26 21:34:01,12006,6030,BF-39-AU,POINT (-9.187729835510254 38.70502853393555)
2664_723,4174_20251202_121_0_17,121_0,0,38.69578170776367,-9.218549728393555,28,IN_TRANSIT_TO,2025-12-26 21:33:50,50385,2664,05-VZ-68,POINT (-9.218549728393555 38.69578170776367)
2654_759,6924_20251202_144_0_15,144_0,0,38.73712158203125,-9.112649917602539,19,IN_TRANSIT_TO,2025-12-26 21:33:15,17579,2654,05-VZ-69,POINT (-9.112649917602539 38.73712158203125)
2707_723,4171_20251202_121_0_19,121_0,0,38.71549987792969,-9.229849815368652,30,IN_TRANSIT_TO,2025-12-26 21:31:55,4208,2707,92-XQ-39,POINT (-9.229849815368652 38.71549987792969)
2612_705,3188_20251202_176_0_20,176_0,1,38.75613021850586,-9.11182975769043,25,IN_TRANSIT_TO,2025-12-26 21:30:13,7825,2612,66-VI-29,POINT (-9.11182975769043 38.75613021850586)
501_15E,11452_20251202_76_0_3,76_0,1,38.69728088378906,-9.202670097351074,7,IN_TRANSIT_TO,2025-12-26 21:33:51,9609,501,,POINT (-9.202670097351074 38.69728088378906)
2713_713,21219_20251202_122_0_7,122_0,0,38.706050872802734,-9.159250259399414,24,IN_TRANSIT_TO,2025-12-26 21:34:00,3910,2713,92-XQ-34,POINT (-9.159250259399414 38.706050872802734)
2799_712,3533_20251202_189_0_15,189_0,1,38.718929290771484,-9.127920150756836,25,IN_TRANSIT_TO,2025-12-26 21:34:07,9120,2799,AJ-52-LI,POINT (-9.127920150756836 38.718929290771484)
2769_727,4443_20251202_103_4_13,103_4,0,38.71997833251953,-9.155130386352539,16,IN_TRANSIT_TO,2025-12-26 21:34:08,6810,2769,AH-19-ND,POINT (-9.155130386352539 38.71997833251953)
2621_744,5824_20251202_200_0_7,200_0,0,38.768550872802734,-9.098170280456543,25,IN_TRANSIT_TO,2025-12-26 21:34:14,7805,2621,66-VI-45,POINT (-9.098170280456543 38.768550872802734)
263_28E,44755_20251202_75_8_37,75_8,0,38.713748931884766,-9.16057014465332,5,IN_TRANSIT_TO,2025-12-26 21:30:47,8109,263,AG-26-NH,POINT (-9.16057014465332 38.713748931884766)
2603_783,7868_20251202_203_0_1,203_0,1,38.78004837036133,-9.120429992675781,5,IN_TRANSIT_TO,2025-12-26 21:33:53,12602,2603,16-VF-76,POINT (-9.120429992675781 38.78004837036133)
2711_746,6042_20251202_108_0_2,108_0,0,38.7475700378418,-9.190349578857422,16,IN_TRANSIT_TO,2025-12-26 21:34:07,10826,2711,92-XQ-44,POINT (-9.190349578857422 38.7475700378418)
2616_744,5825_20251202_200_0_17,200_0,0,38.75722885131836,-9.137269973754883,14,IN_TRANSIT_TO,2025-12-26 21:34:00,11315,2616,66-VI-44,POINT (-9.137269973754883 38.75722885131836)
2605_759,6899_20251202_144_0_15,144_0,0,38.77067947387695,-9.10968017578125,41,IN_TRANSIT_TO,2025-12-26 21:34:01,7802,2605,66-VI-35,POINT (-9.10968017578125 38.77067947387695)
2663_714,3697_20240914_102_0_16,102_0,1,38.72127151489258,-9.221500396728516,4,IN_TRANSIT_TO,2024-10-22 20:26:58,18703,2663,05-VZ-62,POINT (-9.221500396728516 38.72127151489258)
2659_727,4546_20251202_103_0_13,103_0,0,38.706268310546875,-9.173419952392578,28,IN_TRANSIT_TO,2025-12-26 21:33:53,9417,2659,05-VZ-57,POINT (-9.173419952392578 38.706268310546875)
2685_714,3674_20251202_102_0_18,102_0,1,38.70335006713867,-9.212519645690918,16,IN_TRANSIT_TO,2025-12-26 21:33:58,13119,2685,93-XA-46,POINT (-9.212519645690918 38.70335006713867)
6043_758,20136_20251202_150_0_6,150_0,1,38.706600189208984,-9.143719673156738,33,IN_TRANSIT_TO,2025-12-26 21:33:51,3826,6043,BG-93-LT,POINT (-9.143719673156738 38.706600189208984)
554_28E,14963_20251202_75_0_24,75_0,0,38.71862030029297,-9.135649681091309,1,IN_TRANSIT_TO,2025-12-26 21:34:13,819,554,,POINT (-9.135649681091309 38.71862030029297)
1714_798,8200_20251202_194_0_33,194_0,0,38.76734924316406,-9.148799896240234,7,IN_TRANSIT_TO,2025-12-26 21:33:56,50154,1714,69-AL-77,POINT (-9.148799896240234 38.76734924316406)
4804_751,6458_20251202_109_0_23,109_0,1,38.698429107666016,-9.188220024108887,21,IN_TRANSIT_TO,2025-12-26 21:34:06,9507,4804,53-VR-07,POINT (-9.188220024108887 38.698429107666016)
505_15E,11283_20251202_76_0_20,76_0,1,38.706581115722656,-9.141949653625488,20,IN_TRANSIT_TO,2025-12-26 21:33:52,3803,505,,POINT (-9.141949653625488 38.706581115722656)
2828_748,6134_20251202_169_0_29,169_0,0,38.7159309387207,-9.235420227050781,10,IN_TRANSIT_TO,2025-12-26 21:34:01,50059,2828,BF-60-FZ,POINT (-9.235420227050781 38.7159309387207)
2662_776,7493_20251202_193_0_56,193_0,0,38.699520111083984,-9.238630294799805,2,IN_TRANSIT_TO,2025-12-26 21:33:47,14908,2662,05-VZ-51,POINT (-9.238630294799805 38.699520111083984)
264_734,5149_20251202_205_0_27,205_0,0,38.72026824951172,-9.135499954223633,2,IN_TRANSIT_TO,2025-12-26 21:33:47,803,264,AG-42-OV,POINT (-9.135499954223633 38.72026824951172)
270_734,5135_20251202_205_0_33,205_0,0,38.716068267822266,-9.231220245361328,1,IN_TRANSIT_TO,2025-12-26 20:42:55,816,270,AH-54-CZ,POINT (-9.231220245361328 38.716068267822266)
269_64B,21493_20251202_238_0_29,238_0,0,38.715728759765625,-9.23132038116455,2,IN_TRANSIT_TO,2025-12-26 21:01:33,8019,269,AG-25-NH,POINT (-9.23132038116455 38.715728759765625)
4644_728,4697_20251202_204_0_11,204_0,1,38.768619537353516,-9.10241985321045,8,IN_TRANSIT_TO,2025-12-26 21:34:03,7806,4644,27-JO-11,POINT (-9.10241985321045 38.768619537353516)
2983_774,7441_20251202_192_1_35,192_1,0,38.721031188964844,-9.162469863891602,23,IN_TRANSIT_TO,2025-12-26 21:34:00,8027,2983,30-VM-08,POINT (-9.162469863891602 38.721031188964844)
276_28E,48783_20250901_75_8_35,75_8,1,38.71432876586914,-9.169320106506348,15,IN_TRANSIT_TO,2025-11-16 23:22:53,8017,276,AH-12-TB,POINT (-9.169320106506348 38.71432876586914)
2725_711,3451_20251202_101_0_16,101_0,0,38.73323059082031,-9.189629554748535,13,IN_TRANSIT_TO,2025-12-26 21:33:55,8705,2725,92-XQ-30,POINT (-9.189629554748535 38.73323059082031)
2715_727,4535_20251202_103_0_20,103_0,1,38.70389938354492,-9.202420234680176,9,IN_TRANSIT_TO,2025-12-26 21:33:57,13113,2715,92-XQ-22,POINT (-9.202420234680176 38.70389938354492)
2274_771,39067_20251202_248_0_27,248_0,1,38.70289993286133,-9.194780349731445,0,IN_TRANSIT_TO,2025-12-26 21:34:00,,2274,76-79-ZG,POINT (-9.194780349731445 38.70289993286133)
2419_729,4767_20251202_104_0_16,104_0,0,38.76342010498047,-9.198349952697754,6,IN_TRANSIT_TO,2025-12-26 21:33:54,13909,2419,92-AO-55,POINT (-9.198349952697754 38.76342010498047)
2330_764,7146_20251202_168_0_21,168_0,0,38.74610137939453,-9.189769744873047,18,IN_TRANSIT_TO,2025-12-26 21:33:47,10822,2330,67-52-ZJ,POINT (-9.189769744873047 38.74610137939453)
2260_758,6806_20251202_150_0_18,150_0,1,38.73984909057617,-9.167799949645996,14,IN_TRANSIT_TO,2025-12-26 21:33:49,1610,2260,67-47-ZJ,POINT (-9.167799949645996 38.73984909057617)
2327_712,3565_20250901_189_0_8,189_0,1,38.72502899169922,-9.15291976928711,14,IN_TRANSIT_TO,2025-11-11 11:30:40,1224,2327,67-53-ZJ,POINT (-9.15291976928711 38.72502899169922)
253_797,8188_20251202_163_0_1,163_0,1,38.73347854614258,-9.133729934692383,10,IN_TRANSIT_TO,2025-12-26 21:34:02,509,253,AF-88-NU,POINT (-9.133729934692383 38.73347854614258)
2490_708,3323_20251202_100_0_15,100_0,1,38.76177978515625,-9.129779815673828,29,IN_TRANSIT_TO,2025-12-26 21:33:51,7514,2490,55-BH-01,POINT (-9.129779815673828 38.76177978515625)
2341_778,18646_20251202_179_0_26,179_0,0,38.75492858886719,-9.193429946899414,22,IN_TRANSIT_TO,2025-12-26 21:34:05,12821,2341,67-50-ZJ,POINT (-9.193429946899414 38.75492858886719)
2244_767,7268_20251202_112_0_14,112_0,1,38.763519287109375,-9.159469604492188,27,IN_TRANSIT_TO,2025-12-26 21:34:01,5824,2244,22-44-ZB,POINT (-9.159469604492188 38.763519287109375)
6013_706,19503_20251202_147_1_13,147_1,1,38.71799850463867,-9.118900299072266,3,IN_TRANSIT_TO,2025-12-26 21:34:06,2103,6013,68-ZF-53,POINT (-9.118900299072266 38.71799850463867)
2293_724,4192_20251202_178_0_27,178_0,0,38.7357292175293,-9.203370094299316,12,IN_TRANSIT_TO,2025-12-26 21:33:57,8846,2293,92-57-ZM,POINT (-9.203370094299316 38.7357292175293)
2478_716,3722_20251202_164_0_24,164_0,1,38.73517990112305,-9.142780303955078,22,IN_TRANSIT_TO,2025-12-26 21:34:08,1806,2478,91-BE-80,POINT (-9.142780303955078 38.73517990112305)
4621_783,7841_20251202_203_0_19,203_0,0,38.725120544433594,-9.152029991149902,3,IN_TRANSIT_TO,2025-12-26 21:34:15,50197,4621,90-JI-90,POINT (-9.152029991149902 38.725120544433594)
2815_793,7992_20251202_145_0_20,145_0,0,38.74068069458008,-9.127679824829102,25,IN_TRANSIT_TO,2025-12-26 18:24:35,8910,2815,90-II-55,POINT (-9.127679824829102 38.74068069458008)
1747_742,5721_20251202_114_0_15,114_0,1,38.731300354003906,-9.109829902648926,54,IN_TRANSIT_TO,2025-12-26 21:34:10,8317,1747,92-HR-04,POINT (-9.109829902648926 38.731300354003906)
2969_702,3095_20251202_146_0_4,146_0,0,38.72544860839844,-9.151169776916504,0,IN_TRANSIT_TO,2025-12-26 21:33:48,,2969,30-VM-09,POINT (-9.151169776916504 38.72544860839844)
1746_717,3821_20251202_170_0_18,170_0,0,38.770870208740234,-9.160050392150879,19,IN_TRANSIT_TO,2025-12-26 21:34:12,5903,1746,92-HR-03,POINT (-9.160050392150879 38.770870208740234)
4812_728,4680_20251202_204_0_13,204_0,1,38.72380065917969,-9.112600326538086,26,IN_TRANSIT_TO,2025-12-26 21:33:48,9810,4812,20-VQ-70,POINT (-9.112600326538086 38.72380065917969)
1753_735,5261_20251202_172_0_15,172_0,1,38.719478607177734,-9.122770309448242,23,IN_TRANSIT_TO,2025-12-26 21:34:01,9116,1753,34-HU-19,POINT (-9.122770309448242 38.719478607177734)
2761_756,6742_20251202_175_0_25,175_0,1,38.73923110961914,-9.123499870300293,22,IN_TRANSIT_TO,2025-12-26 21:34:14,8908,2761,AH-33-ND,POINT (-9.123499870300293 38.73923110961914)
2816_793,7971_20251202_145_0_25,145_0,0,38.747398376464844,-9.119950294494629,21,IN_TRANSIT_TO,2025-12-26 21:34:02,3605,2816,90-II-56,POINT (-9.119950294494629 38.747398376464844)
2410_729,4800_20251202_104_0_17,104_0,1,38.74481964111328,-9.19713020324707,24,IN_TRANSIT_TO,2025-12-26 21:33:34,10831,2410,92-AO-46,POINT (-9.19713020324707 38.74481964111328)
302_708,3301_20251202_100_0_15,100_0,0,38.71908187866211,-9.135669708251953,3,IN_TRANSIT_TO,2025-12-26 21:34:11,803,302,22-SP-89,POINT (-9.135669708251953 38.71908187866211)
2278_758,6880_20251202_150_0_19,150_0,0,38.720218658447266,-9.154899597167969,8,IN_TRANSIT_TO,2025-12-26 21:33:52,6812,2278,67-41-ZJ,POINT (-9.154899597167969 38.720218658447266)
2623_744,5843_20251202_200_0_15,200_0,1,38.72465133666992,-9.150679588317871,31,IN_TRANSIT_TO,2025-12-26 21:34:08,1212,2623,66-VI-26,POINT (-9.150679588317871 38.72465133666992)
2790_727,4496_20251202_103_0_5,103_0,1,38.73637008666992,-9.145520210266113,40,IN_TRANSIT_TO,2025-12-26 21:33:50,1801,2790,AI-54-TL,POINT (-9.145520210266113 38.73637008666992)
2450_747,6115_20251202_177_0_28,177_0,1,38.763999938964844,-9.175700187683105,13,IN_TRANSIT_TO,2025-12-26 21:33:58,50022,2450,44-BC-36,POINT (-9.175700187683105 38.763999938964844)
301_720,4088_20251202_143_1_20,143_1,1,38.72412872314453,-9.150750160217285,14,IN_TRANSIT_TO,2025-12-26 21:33:59,1207,301,74-SM-62,POINT (-9.150750160217285 38.72412872314453)
2483_726,4335_20251202_116_0_17,116_0,0,38.739830017089844,-9.151419639587402,13,IN_TRANSIT_TO,2025-12-26 21:34:06,33102,2483,74-BC-66,POINT (-9.151419639587402 38.739830017089844)
1773_717,3843_20251202_170_0_16,170_0,0,38.74155044555664,-9.133399963378906,3,IN_TRANSIT_TO,2025-12-26 21:33:37,411,1773,53-HX-06,POINT (-9.133399963378906 38.74155044555664)
2784_728,43216_20251202_204_0_1,204_0,0,38.714019775390625,-9.121979713439941,24,IN_TRANSIT_TO,2025-12-26 21:34:10,2111,2784,AI-09-BT,POINT (-9.121979713439941 38.714019775390625)
2243_758,6877_20251202_150_0_13,150_0,0,38.71607971191406,-9.147370338439941,5,IN_TRANSIT_TO,2025-12-11 17:56:30,10601,2243,22-36-ZB,POINT (-9.147370338439941 38.71607971191406)
4628_736,5341_20251202_199_0_17,199_0,0,38.789119720458984,-9.173879623413086,28,IN_TRANSIT_TO,2025-12-26 21:33:50,50083,4628,27-JO-10,POINT (-9.173879623413086 38.789119720458984)
2252_758,6865_20251202_150_0_19,150_0,0,38.74905014038086,-9.191300392150879,25,IN_TRANSIT_TO,2025-12-26 21:33:54,10826,2252,80-40-ZE,POINT (-9.191300392150879 38.74905014038086)
217_773,7410_20251202_124_0_34,124_0,1,38.719749450683594,-9.154069900512695,24,IN_TRANSIT_TO,2025-12-26 21:34:07,10607,217,29-98-XM,POINT (-9.154069900512695 38.719749450683594)
2767_728,43217_20251202_204_0_1,204_0,0,38.69636917114258,-9.199399948120117,11,IN_TRANSIT_TO,2025-12-26 21:33:57,4109,2767,AH-34-ND,POINT (-9.199399948120117 38.69636917114258)
2413_703,3164_20251202_165_0_20,165_0,1,38.768978118896484,-9.1735200881958,20,IN_TRANSIT_TO,2025-12-26 21:33:51,50161,2413,92-AO-50,POINT (-9.1735200881958 38.768978118896484)
1767_794,8061_20251202_115_0_16,115_0,1,38.73468017578125,-9.117199897766113,28,IN_TRANSIT_TO,2025-12-26 21:34:01,3601,1767,63-HX-29,POINT (-9.117199897766113 38.73468017578125)
1722_736,5426_20251202_199_1_2,199_1,1,38.72367858886719,-9.148679733276367,26,IN_TRANSIT_TO,2025-12-26 21:33:52,1206,1722,25-AS-34,POINT (-9.148679733276367 38.72367858886719)
1759_717,3804_20251202_170_0_17,170_0,0,38.7778205871582,-9.145719528198242,29,IN_TRANSIT_TO,2025-12-26 21:33:59,11511,1759,34-HU-25,POINT (-9.145719528198242 38.7778205871582)
2487_729,4756_20251202_104_0_15,104_0,0,38.74168014526367,-9.200480461120605,19,IN_TRANSIT_TO,2025-12-26 21:34:00,2810,2487,54-BH-97,POINT (-9.200480461120605 38.74168014526367)
2470_767,7202_20251202_112_0_13,112_0,0,38.75852966308594,-9.154080390930176,18,IN_TRANSIT_TO,2025-12-26 21:34:12,5805,2470,74-BC-71,POINT (-9.154080390930176 38.75852966308594)
2344_716,3719_20251202_164_0_23,164_0,0,38.74127960205078,-9.168149948120117,12,IN_TRANSIT_TO,2025-12-26 21:33:49,50472,2344,53-60-ZJ,POINT (-9.168149948120117 38.74127960205078)
2771_713,3591_20251202_122_0_19,122_0,0,38.728118896484375,-9.160429954528809,9,IN_TRANSIT_TO,2025-12-26 21:33:57,6115,2771,AH-20-ND,POINT (-9.160429954528809 38.728118896484375)
2412_771,21934_20251202_248_0_27,248_0,1,38.7322998046875,-9.162500381469727,21,IN_TRANSIT_TO,2025-12-26 21:33:50,6123,2412,92-AO-48,POINT (-9.162500381469727 38.7322998046875)
2774_728,43215_20251202_204_0_1,204_0,0,38.774749755859375,-9.102499961853027,45,IN_TRANSIT_TO,2025-12-26 21:33:56,7807,2774,AH-22-ND,POINT (-9.102499961853027 38.774749755859375)
1704_736,22943_20251202_199_1_2,199_1,1,38.75297164916992,-9.151780128479004,16,IN_TRANSIT_TO,2025-12-26 21:34:09,5704,1704,35-AL-14,POINT (-9.151780128479004 38.75297164916992)
2447_729,4811_20251202_104_0_17,104_0,1,38.69831848144531,-9.225170135498047,1,IN_TRANSIT_TO,2025-12-26 21:33:48,4211,2447,44-BC-33,POINT (-9.225170135498047 38.69831848144531)
1772_755,6675_20251202_118_0_19,118_0,1,38.759178161621094,-9.123929977416992,22,IN_TRANSIT_TO,2025-12-26 21:33:51,14706,1772,63-HX-22,POINT (-9.123929977416992 38.759178161621094)
1718_735,5246_20251202_172_0_16,172_0,1,38.74742889404297,-9.141030311584473,8,IN_TRANSIT_TO,2025-12-26 21:34:09,204,1718,69-AL-81,POINT (-9.141030311584473 38.74742889404297)
2772_712,3547_20251202_189_0_16,189_0,1,38.718170166015625,-9.171649932861328,6,IN_TRANSIT_TO,2025-12-26 21:34:14,9302,2772,AH-24-ND,POINT (-9.171649932861328 38.718170166015625)
1760_720,4043_20251202_143_1_16,143_1,0,38.74203109741211,-9.132530212402344,6,IN_TRANSIT_TO,2025-12-26 21:33:49,301,1760,34-HU-26,POINT (-9.132530212402344 38.74203109741211)
1758_742,5686_20251202_114_0_15,114_0,0,38.733829498291016,-9.134880065917969,17,IN_TRANSIT_TO,2025-12-26 21:33:55,503,1758,34-HU-24,POINT (-9.134880065917969 38.733829498291016)
2775_728,43214_20251202_204_1_2,204_1,1,38.78200149536133,-9.113980293273926,0,IN_TRANSIT_TO,2025-12-26 21:33:58,,2775,AH-31-ND,POINT (-9.113980293273926 38.78200149536133)
2269_767,7183_20251202_112_0_15,112_0,0,38.76005172729492,-9.156970024108887,19,IN_TRANSIT_TO,2025-12-26 21:33:58,5825,2269,76-88-ZG,POINT (-9.156970024108887 38.76005172729492)
2420_716,3722_20251202_164_0_8,164_0,1,38.749271392822266,-9.202730178833008,0,IN_TRANSIT_TO,2025-12-26 10:36:29,,2420,29-AU-15,POINT (-9.202730178833008 38.749271392822266)
2306_742,5770_20251202_114_0_14,114_0,0,38.709049224853516,-9.196000099182129,50,IN_TRANSIT_TO,2025-12-26 21:34:04,10304,2306,83-19-ZM,POINT (-9.196000099182129 38.709049224853516)
220_773,7382_20251202_124_0_35,124_0,0,38.70943069458008,-9.171520233154297,21,IN_TRANSIT_TO,2025-12-26 21:33:57,9421,220,11-07-XO,POINT (-9.171520233154297 38.70943069458008)
225_773,7397_20251202_124_0_13,124_0,0,38.71482849121094,-9.151630401611328,7,IN_TRANSIT_TO,2025-12-26 21:33:53,6714,225,84-37-XQ,POINT (-9.151630401611328 38.71482849121094)
605_15E,11449_20251202_76_0_3,76_0,0,38.70718002319336,-9.141349792480469,3,IN_TRANSIT_TO,2025-12-26 21:33:56,3820,605,,POINT (-9.141349792480469 38.70718002319336)
2240_763,46425_20251202_282_0_24,282_0,1,38.778770446777344,-9.164580345153809,16,IN_TRANSIT_TO,2025-12-26 21:34:14,50644,2240,06-31-XX,POINT (-9.164580345153809 38.778770446777344)
1707_701,2936_20251202_123_0_24,123_0,0,38.74205017089844,-9.168330192565918,19,IN_TRANSIT_TO,2025-12-26 21:34:11,1612,1707,69-AL-70,POINT (-9.168330192565918 38.74205017089844)
2426_767,7282_20251202_112_1_14,112_1,1,38.74909973144531,-9.214630126953125,4,IN_TRANSIT_TO,2025-12-26 21:33:56,3018,2426,29-AU-21,POINT (-9.214630126953125 38.74909973144531)
2838_748,6142_20251202_169_0_21,169_0,0,38.725379943847656,-9.151300430297852,1,IN_TRANSIT_TO,2025-12-26 21:33:26,1229,2838,BF-59-FZ,POINT (-9.151300430297852 38.725379943847656)
2401_767,7205_20251202_112_0_15,112_0,0,38.73221969604492,-9.140979766845703,4,IN_TRANSIT_TO,2025-12-26 21:33:49,6904,2401,50-AL-14,POINT (-9.140979766845703 38.73221969604492)
2408_703,3153_20251202_165_0_20,165_0,1,38.783050537109375,-9.147680282592773,34,IN_TRANSIT_TO,2025-12-26 21:33:52,50045,2408,50-AL-08,POINT (-9.147680282592773 38.783050537109375)
2942_26B,17522_20251202_208_0_24,208_0,1,38.76266860961914,-9.09807014465332,5,IN_TRANSIT_TO,2025-12-26 21:33:55,2402,2942,51-GL-82,POINT (-9.09807014465332 38.76266860961914)
2303_742,5738_20251202_114_0_14,114_0,1,38.728721618652344,-9.159549713134766,31,IN_TRANSIT_TO,2025-12-26 21:34:06,6106,2303,83-11-ZM,POINT (-9.159549713134766 38.728721618652344)
2289_731,57527_20251202_190_0_7,190_0,0,38.74137878417969,-9.168100357055664,2,IN_TRANSIT_TO,2025-12-26 21:34:06,1621,2289,92-60-ZM,POINT (-9.168100357055664 38.74137878417969)
223_773,7415_20251202_124_0_12,124_0,1,38.71091842651367,-9.170450210571289,7,IN_TRANSIT_TO,2025-12-26 21:33:58,9422,223,84-38-XQ,POINT (-9.170450210571289 38.71091842651367)
4610_750,6260_20251202_106_0_16,106_0,0,38.72652816772461,-9.20911979675293,32,IN_TRANSIT_TO,2025-12-26 21:33:49,14008,4610,96-GL-87,POINT (-9.20911979675293 38.72652816772461)
2610_759,6959_20251202_144_0_16,144_0,1,38.727928161621094,-9.10990047454834,35,IN_TRANSIT_TO,2025-12-26 21:33:39,8304,2610,66-VI-20,POINT (-9.10990047454834 38.727928161621094)
1728_794,8095_20251202_115_0_18,115_0,0,38.74993133544922,-9.105449676513672,32,IN_TRANSIT_TO,2025-12-26 21:33:59,2220,1728,25-AS-40,POINT (-9.105449676513672 38.74993133544922)
2798_711,3503_20251202_101_0_14,101_0,0,38.752079010009766,-9.205869674682617,24,IN_TRANSIT_TO,2025-12-26 21:34:04,50170,2798,AJ-56-LI,POINT (-9.205869674682617 38.752079010009766)
6029_760,7079_20251202_171_0_7,171_0,0,38.71179962158203,-9.21107006072998,36,IN_TRANSIT_TO,2025-12-26 21:33:59,12922,6029,BF-52-AX,POINT (-9.21107006072998 38.71179962158203)
2276_799,8215_20251202_120_0_32,120_0,1,38.739498138427734,-9.221650123596191,0,IN_TRANSIT_TO,2025-12-26 21:34:16,,2276,53-57-ZJ,POINT (-9.221650123596191 38.739498138427734)
2296_724,4226_20251202_178_0_20,178_0,1,38.76264953613281,-9.195449829101562,0,IN_TRANSIT_TO,2025-12-26 21:33:56,,2296,92-51-ZM,POINT (-9.195449829101562 38.76264953613281)
2770_723,4146_20251202_121_0_18,121_0,1,38.72336959838867,-9.1427001953125,32,IN_TRANSIT_TO,2025-12-26 21:33:55,6604,2770,AH-30-ND,POINT (-9.1427001953125 38.72336959838867)
2789_712,3561_20251202_189_0_13,189_0,0,38.71849822998047,-9.127880096435547,6,IN_TRANSIT_TO,2025-12-26 21:34:16,9119,2789,AI-53-TL,POINT (-9.127880096435547 38.71849822998047)
2217_735,5210_20251202_172_1_17,172_1,0,38.719398498535156,-9.12261962890625,9,IN_TRANSIT_TO,2025-12-26 21:34:07,2107,2217,07-99-XS,POINT (-9.12261962890625 38.719398498535156)
2203_708,3279_20251202_100_0_16,100_0,0,38.76498031616211,-9.116069793701172,22,IN_TRANSIT_TO,2025-12-26 21:33:57,8443,2203,72-19-XN,POINT (-9.116069793701172 38.76498031616211)
2216_755,6695_20251202_118_0_17,118_0,0,38.75419998168945,-9.136619567871094,30,IN_TRANSIT_TO,2025-12-26 21:34:12,7406,2216,08-00-XS,POINT (-9.136619567871094 38.75419998168945)
411_51E,62229_20251202_158_0_14,158_0,0,38.716068267822266,-9.231080055236816,8,IN_TRANSIT_TO,2025-12-26 21:34:04,50623,411,BF-51-TD,POINT (-9.231080055236816 38.716068267822266)
2218_708,3339_20251202_100_1_17,100_1,1,38.767578125,-9.103569984436035,15,IN_TRANSIT_TO,2025-12-26 21:33:53,7825,2218,07-98-XS,POINT (-9.103569984436035 38.767578125)
2221_742,5758_20251202_114_0_16,114_0,1,38.710201263427734,-9.195480346679688,4,IN_TRANSIT_TO,2025-12-26 21:34:03,50139,2221,07-95-XS,POINT (-9.195480346679688 38.710201263427734)
561_28E,66862_20251202_75_0_2,75_0,1,38.71717071533203,-9.129779815673828,15,IN_TRANSIT_TO,2025-12-26 21:33:53,14803,561,,POINT (-9.129779815673828 38.71717071533203)
2232_763,46423_20251202_282_0_23,282_0,0,38.777000427246094,-9.17467975616455,9,IN_TRANSIT_TO,2025-12-26 21:34:14,7201,2232,06-23-XX,POINT (-9.17467975616455 38.777000427246094)
6004_706,3245_20251202_147_0_15,147_0,1,38.70719909667969,-9.15719985961914,30,IN_TRANSIT_TO,2025-12-26 21:33:52,50593,6004,82-ZC-35,POINT (-9.15719985961914 38.70719909667969)
615_15E,11257_20251202_76_0_19,76_0,0,38.71315002441406,-9.137929916381836,0,IN_TRANSIT_TO,2025-12-26 21:34:00,,615,,POINT (-9.137929916381836 38.71315002441406)
303_783,7838_20251202_203_0_19,203_0,0,38.758121490478516,-9.141220092773438,15,IN_TRANSIT_TO,2025-12-26 21:34:03,11304,303,22-SP-90,POINT (-9.141220092773438 38.758121490478516)
