id,trip_id,route_id,direction_id,latitude,longitude,current_stop_sequence,current_status,timestamp,stop_id,vehicle_id,license_plate,geometry
4645_750,6280_20250401_106_0_6,106_0,0,38.75627136230469,-9.151849746704102,14,IN_TRANSIT_TO,2025-05-17 09:26:01,5707,4645,98-JO-46,POINT (-9.151849746704102 38.75627136230469)
2793_738,5510_20250401_117_0_6,117_0,0,38.738319396972656,-9.14601993560791,17,IN_TRANSIT_TO,2025-05-17 09:26:16,1810,2793,AJ-58-LI,POINT (-9.14601993560791 38.738319396972656)
557_28E,14909_20250401_75_0_6,75_0,0,38.71289825439453,-9.12932014465332,11,IN_TRANSIT_TO,2025-05-17 09:26:12,50150,557,,POINT (-9.12932014465332 38.71289825439453)
2253_768,7324_20250401_111_2_6,111_2,1,38.74197006225586,-9.167380332946777,32,IN_TRANSIT_TO,2025-05-17 09:26:15,1603,2253,80-52-ZE,POINT (-9.167380332946777 38.74197006225586)
611_15E,11239_20250401_76_0_8,76_0,1,38.69609832763672,-9.21953010559082,4,IN_TRANSIT_TO,2025-05-17 09:26:23,13203,611,,POINT (-9.21953010559082 38.69609832763672)
6022_732,5066_20250401_107_2_5,107_2,0,38.708229064941406,-9.137669563293457,7,IN_TRANSIT_TO,2025-05-17 09:26:14,5508,6022,BF-48-BB,POINT (-9.137669563293457 38.708229064941406)
2440_778,18906_20250401_179_0_8,179_0,1,38.75944900512695,-9.15684986114502,24,IN_TRANSIT_TO,2025-05-17 09:26:25,5808,2440,29-AX-08,POINT (-9.15684986114502 38.75944900512695)
2992_34B,35064_20250401_226_0_3,226_0,0,38.74467849731445,-9.116680145263672,4,IN_TRANSIT_TO,2025-05-17 08:55:22,50546,2992,29-VM-95,POINT (-9.116680145263672 38.74467849731445)
6010_706,3203_20250401_147_0_6,147_0,1,38.73334884643555,-9.133199691772461,13,IN_TRANSIT_TO,2025-05-17 09:25:59,503,6010,81-ZC-09,POINT (-9.133199691772461 38.73334884643555)
558_18E,12183_20250401_78_0_8,78_0,1,38.70375061035156,-9.190750122070312,13,IN_TRANSIT_TO,2025-05-17 09:26:16,12119,558,,POINT (-9.190750122070312 38.70375061035156)
603_15E,11229_20250401_76_0_8,76_0,1,38.697471618652344,-9.196379661560059,8,IN_TRANSIT_TO,2025-05-17 09:26:02,4113,603,,POINT (-9.196379661560059 38.697471618652344)
2250_731,19403_20240727_190_0_8,190_0,1,38.78303146362305,-9.114009857177734,3,IN_TRANSIT_TO,2024-08-10 10:41:27,12610,2250,80-41-ZE,POINT (-9.114009857177734 38.78303146362305)
6021_732,5069_20250401_107_2_2,107_2,1,38.72560119628906,-9.149230003356934,34,IN_TRANSIT_TO,2025-05-17 09:26:07,1103,6021,BD-91-QG,POINT (-9.149230003356934 38.72560119628906)
2292_731,4997_20250401_190_0_7,190_0,0,38.740631103515625,-9.167550086975098,2,IN_TRANSIT_TO,2025-05-17 09:26:13,1621,2292,83-16-ZM,POINT (-9.167550086975098 38.740631103515625)
612_15E,11281_20250401_76_0_7,76_0,0,38.6974983215332,-9.19594955444336,15,IN_TRANSIT_TO,2025-05-17 09:26:16,4114,612,,POINT (-9.19594955444336 38.6974983215332)
2795_746,5962_20250401_108_0_10,108_0,1,38.74633026123047,-9.183050155639648,10,IN_TRANSIT_TO,2025-05-17 09:26:13,10829,2795,AJ-55-LI,POINT (-9.183050155639648 38.74633026123047)
2494_720,19453_20250401_143_0_4,143_0,0,38.737449645996094,-9.134719848632812,8,IN_TRANSIT_TO,2025-05-17 09:26:23,407,2494,88-BL-68,POINT (-9.134719848632812 38.737449645996094)
2830_728,4673_20250401_204_0_5,204_0,0,38.7034797668457,-9.167449951171875,14,IN_TRANSIT_TO,2025-05-17 09:25:35,4003,2830,BF-57-FZ,POINT (-9.167449951171875 38.7034797668457)
2951_26B,17511_20250401_208_2_8,208_2,1,38.78324890136719,-9.093979835510254,15,IN_TRANSIT_TO,2025-05-17 09:26:09,50130,2951,62-GQ-53,POINT (-9.093979835510254 38.78324890136719)
2954_40B,19269_20250401_212_0_7,212_0,0,38.79256820678711,-9.156479835510254,3,IN_TRANSIT_TO,2025-05-17 09:25:55,50105,2954,62-GQ-56,POINT (-9.156479835510254 38.79256820678711)
2624_744,5821_20250401_200_0_5,200_0,0,38.767601013183594,-9.103899955749512,24,IN_TRANSIT_TO,2025-05-17 09:26:26,7711,2624,72-VP-82,POINT (-9.103899955749512 38.767601013183594)
2953_40B,17559_20250401_212_0_8,212_0,1,38.77342987060547,-9.161520004272461,1,IN_TRANSIT_TO,2025-05-17 09:26:06,50155,2953,62-GQ-55,POINT (-9.161520004272461 38.77342987060547)
4641_750,6384_20250401_106_0_3,106_0,0,38.73360061645508,-9.207619667053223,32,IN_TRANSIT_TO,2025-05-17 09:26:07,8804,4641,90-JI-98,POINT (-9.207619667053223 38.73360061645508)
4650_750,6258_20250401_106_0_6,106_0,0,38.75767135620117,-9.163370132446289,17,IN_TRANSIT_TO,2025-05-17 09:26:05,5802,4650,11-JM-80,POINT (-9.163370132446289 38.75767135620117)
2973_774,7438_20250401_192_1_8,192_1,1,38.722530364990234,-9.157770156860352,8,IN_TRANSIT_TO,2025-05-17 09:26:07,6824,2973,30-VM-13,POINT (-9.157770156860352 38.722530364990234)
2688_754,6595_20250401_201_2_9,201_2,1,38.7336311340332,-9.220399856567383,8,IN_TRANSIT_TO,2025-05-17 09:25:55,18103,2688,93-XA-35,POINT (-9.220399856567383 38.7336311340332)
2699_776,7477_20250401_193_2_22,193_2,0,38.69887161254883,-9.234600067138672,3,IN_TRANSIT_TO,2025-05-17 09:26:00,4212,2699,92-XQ-25,POINT (-9.234600067138672 38.69887161254883)
2692_711,3505_20250401_101_0_4,101_0,1,38.723899841308594,-9.162300109863281,26,IN_TRANSIT_TO,2025-05-17 09:26:16,8608,2692,90-XF-62,POINT (-9.162300109863281 38.723899841308594)
2691_711,3449_20250401_101_0_6,101_0,1,38.736480712890625,-9.205550193786621,12,IN_TRANSIT_TO,2025-05-17 09:26:16,8836,2691,90-XF-45,POINT (-9.205550193786621 38.736480712890625)
2690_714,3679_20250401_102_0_3,102_0,0,38.70684814453125,-9.155449867248535,4,IN_TRANSIT_TO,2025-05-17 09:26:23,3926,2690,99-XE-57,POINT (-9.155449867248535 38.70684814453125)
2693_711,3489_20250401_101_0_7,101_0,0,38.724430084228516,-9.149279594421387,6,IN_TRANSIT_TO,2025-05-17 09:26:18,1103,2693,90-XF-46,POINT (-9.149279594421387 38.724430084228516)
2705_738,5521_20250401_117_0_4,117_0,1,38.75603103637695,-9.176779747009277,34,IN_TRANSIT_TO,2025-05-17 09:26:16,50143,2705,92-XQ-29,POINT (-9.176779747009277 38.75603103637695)
2684_738,5526_20250401_117_0_6,117_0,1,38.710750579833984,-9.16493034362793,9,IN_TRANSIT_TO,2025-05-17 09:26:20,10101,2684,99-XE-59,POINT (-9.16493034362793 38.710750579833984)
2682_746,5954_20250401_108_0_8,108_0,1,38.7333984375,-9.153300285339355,21,IN_TRANSIT_TO,2025-05-17 09:26:06,1404,2682,93-XA-42,POINT (-9.153300285339355 38.7333984375)
4619_750,6302_20250401_106_0_6,106_0,0,38.759300231933594,-9.10354995727539,4,IN_TRANSIT_TO,2025-05-17 09:26:05,2320,4619,22-GP-53,POINT (-9.10354995727539 38.759300231933594)
4618_750,6350_20250401_106_0_7,106_0,1,38.74946975708008,-9.192720413208008,16,IN_TRANSIT_TO,2025-05-17 09:25:59,10835,4618,22-GP-52,POINT (-9.192720413208008 38.74946975708008)
2681_727,4507_20250401_103_0_3,103_0,0,38.73379898071289,-9.145079612731934,10,IN_TRANSIT_TO,2025-05-17 09:25:54,1802,2681,93-XA-41,POINT (-9.145079612731934 38.73379898071289)
2673_713,3599_20250401_122_0_6,122_0,0,38.70698165893555,-9.158069610595703,23,IN_TRANSIT_TO,2025-05-17 09:26:04,10009,2673,87-XB-37,POINT (-9.158069610595703 38.70698165893555)
2679_754,6601_20250401_201_2_7,201_2,0,38.74480056762695,-9.190380096435547,9,IN_TRANSIT_TO,2025-05-17 09:26:07,10822,2679,93-XA-34,POINT (-9.190380096435547 38.74480056762695)
547_28E,14973_20250401_75_0_10,75_0,0,38.71080017089844,-9.143119812011719,21,IN_TRANSIT_TO,2025-05-17 09:26:15,10514,547,,POINT (-9.143119812011719 38.71080017089844)
2347_758,6771_20250401_150_0_9,150_0,0,38.70608139038086,-9.143230438232422,0,IN_TRANSIT_TO,2025-05-17 09:26:08,,2347,53-61-ZJ,POINT (-9.143230438232422 38.70608139038086)
2741_742,5727_20250401_114_0_3,114_0,0,38.734920501708984,-9.139599800109863,20,IN_TRANSIT_TO,2025-05-17 09:25:55,11106,2741,AG-99-TG,POINT (-9.139599800109863 38.734920501708984)
2479_726,4267_20250401_116_0_7,116_0,0,38.7540283203125,-9.174949645996094,22,IN_TRANSIT_TO,2025-05-17 09:26:14,13617,2479,91-BE-74,POINT (-9.174949645996094 38.7540283203125)
4634_796,8114_20250401_174_0_15,174_0,0,38.78002166748047,-9.163900375366211,7,IN_TRANSIT_TO,2025-05-17 09:26:05,5923,4634,11-JM-78,POINT (-9.163900375366211 38.78002166748047)
2414_767,7229_20250401_112_0_5,112_0,0,38.732948303222656,-9.141119956970215,5,IN_TRANSIT_TO,2025-05-17 09:26:05,6502,2414,92-AO-51,POINT (-9.141119956970215 38.732948303222656)
2844_751,6440_20250401_109_0_7,109_0,1,38.70098114013672,-9.221150398254395,13,IN_TRANSIT_TO,2025-05-17 09:26:25,9710,2844,BF-73-FZ,POINT (-9.221150398254395 38.70098114013672)
2295_731,4975_20250401_190_0_8,190_0,1,38.77836990356445,-9.103899955749512,7,IN_TRANSIT_TO,2025-05-17 09:26:19,7904,2295,92-53-ZM,POINT (-9.103899955749512 38.77836990356445)
2417_747,6098_20250401_177_0_8,177_0,1,38.76919937133789,-9.195300102233887,3,IN_TRANSIT_TO,2025-05-17 09:25:57,14110,2417,50-AL-06,POINT (-9.195300102233887 38.76919937133789)
2755_720,4081_20250401_143_0_9,143_0,0,38.72467041015625,-9.15071964263916,14,IN_TRANSIT_TO,2025-05-17 09:26:11,1202,2755,AG-95-TG,POINT (-9.15071964263916 38.72467041015625)
2298_723,17897_20250401_121_0_5,121_0,0,38.72618103027344,-9.145150184631348,4,IN_TRANSIT_TO,2025-05-17 09:25:32,6603,2298,83-05-ZM,POINT (-9.145150184631348 38.72618103027344)
2979_71B,45279_20250401_278_0_5,278_0,0,38.75429916381836,-9.195770263671875,27,IN_TRANSIT_TO,2025-05-17 09:26:03,10909,2979,30-VM-17,POINT (-9.195770263671875 38.75429916381836)
610_15E,11203_20250401_76_0_8,76_0,1,38.70655059814453,-9.141949653625488,20,IN_TRANSIT_TO,2025-05-17 09:24:31,3803,610,,POINT (-9.141949653625488 38.70655059814453)
6015_706,19506_20250401_147_0_4,147_0,1,38.706329345703125,-9.148650169372559,32,IN_TRANSIT_TO,2025-05-17 09:26:03,3927,6015,69-ZF-01,POINT (-9.148650169372559 38.706329345703125)
2629_759,6901_20250401_144_0_6,144_0,1,38.76156997680664,-9.113880157470703,18,IN_TRANSIT_TO,2025-05-17 09:26:24,8435,2629,52-VP-81,POINT (-9.113880157470703 38.76156997680664)
6034_760,51289_20250401_171_0_3,171_0,0,38.711978912353516,-9.211000442504883,36,IN_TRANSIT_TO,2025-05-17 09:26:20,12922,6034,BF-61-AX,POINT (-9.211000442504883 38.711978912353516)
6007_706,3242_20250401_147_0_6,147_0,0,38.73350143432617,-9.133899688720703,21,IN_TRANSIT_TO,2025-05-17 09:26:18,505,6007,80-ZC-62,POINT (-9.133899688720703 38.73350143432617)
6035_732,5048_20250401_107_2_6,107_2,1,38.70542907714844,-9.204400062561035,11,IN_TRANSIT_TO,2025-05-17 09:26:03,13109,6035,BG-76-LX,POINT (-9.204400062561035 38.70542907714844)
2978_770,7365_20250401_191_0_7,191_0,0,38.74235153198242,-9.178079605102539,4,IN_TRANSIT_TO,2025-05-17 09:25:58,10714,2978,29-VM-92,POINT (-9.178079605102539 38.74235153198242)
4633_796,8136_20250401_174_0_10,174_0,1,38.790748596191406,-9.150699615478516,1,IN_TRANSIT_TO,2025-05-17 09:25:56,11613,4633,90-JI-94,POINT (-9.150699615478516 38.790748596191406)
2779_776,7497_20250401_193_2_13,193_2,1,38.69984817504883,-9.239319801330566,6,IN_TRANSIT_TO,2025-05-17 09:26:09,14905,2779,AI-02-BT,POINT (-9.239319801330566 38.69984817504883)
2703_738,5542_20250401_117_0_4,117_0,0,38.705528259277344,-9.179499626159668,33,IN_TRANSIT_TO,2025-05-17 09:26:04,12102,2703,92-XQ-24,POINT (-9.179499626159668 38.705528259277344)
2495_735,5243_20250401_172_0_6,172_0,1,38.73324966430664,-9.132769584655762,15,IN_TRANSIT_TO,2025-05-17 09:26:06,504,2495,88-BL-69,POINT (-9.132769584655762 38.73324966430664)
2796_746,5984_20250401_108_0_9,108_0,0,38.742130279541016,-9.171330451965332,10,IN_TRANSIT_TO,2025-05-17 09:26:13,1607,2796,AJ-59-LI,POINT (-9.171330451965332 38.742130279541016)
4825_736,5323_20250401_199_0_8,199_0,1,38.7465705871582,-9.148130416870117,19,IN_TRANSIT_TO,2025-05-17 09:26:09,2002,4825,20-VQ-72,POINT (-9.148130416870117 38.7465705871582)
2614_744,22979_20250401_200_0_5,200_0,0,38.7641716003418,-9.12926959991455,17,IN_TRANSIT_TO,2025-05-17 09:26:01,7513,2614,66-VI-24,POINT (-9.12926959991455 38.7641716003418)
275_28E,44751_20250401_75_8_7,75_8,1,38.71091842651367,-9.151069641113281,5,IN_TRANSIT_TO,2025-05-17 09:26:11,9904,275,AH-16-TB,POINT (-9.151069641113281 38.71091842651367)
2997_774,7473_20250401_192_1_2,192_1,1,38.70716857910156,-9.141619682312012,33,IN_TRANSIT_TO,2025-05-17 09:26:09,3818,2997,34-VN-03,POINT (-9.141619682312012 38.70716857910156)
2607_755,6638_20250401_118_0_7,118_0,1,38.75917053222656,-9.12477970123291,22,IN_TRANSIT_TO,2025-05-17 09:26:10,14706,2607,AA-95-TQ,POINT (-9.12477970123291 38.75917053222656)
4815_728,4653_20250401_204_0_5,204_0,0,38.744598388671875,-9.10105037689209,34,IN_TRANSIT_TO,2025-05-17 09:26:22,12501,4815,34-VR-24,POINT (-9.10105037689209 38.744598388671875)
2606_755,6660_20250401_118_0_7,118_0,1,38.755130767822266,-9.150650024414062,5,IN_TRANSIT_TO,2025-05-17 09:26:04,13509,2606,66-VI-40,POINT (-9.150650024414062 38.755130767822266)
2601_755,6686_20250401_118_0_6,118_0,1,38.74169921875,-9.167779922485352,2,IN_TRANSIT_TO,2025-05-17 09:26:04,1603,2601,04-VA-70,POINT (-9.167779922485352 38.74169921875)
2602_708,3341_20250401_100_0_2,100_0,1,38.75505065917969,-9.130450248718262,30,IN_TRANSIT_TO,2025-05-17 09:26:10,7512,2602,16-VF-81,POINT (-9.130450248718262 38.75505065917969)
4806_728,4633_20250401_204_0_5,204_0,0,38.772430419921875,-9.104599952697754,44,IN_TRANSIT_TO,2025-05-17 09:26:09,7803,4806,20-VQ-74,POINT (-9.104599952697754 38.772430419921875)
2988_730,4940_20250401_198_0_8,198_0,0,38.73085021972656,-9.127869606018066,12,IN_TRANSIT_TO,2025-05-17 09:26:07,7004,2988,29-VM-94,POINT (-9.127869606018066 38.73085021972656)
4826_736,5390_20250401_199_0_7,199_0,0,38.75872039794922,-9.154279708862305,15,IN_TRANSIT_TO,2025-05-17 09:25:58,5805,4826,53-VR-05,POINT (-9.154279708862305 38.75872039794922)
2637_708,3303_20250401_100_0_6,100_0,0,38.78615188598633,-9.09673023223877,36,IN_TRANSIT_TO,2025-05-17 09:26:02,50300,2637,87-VS-51,POINT (-9.09673023223877 38.78615188598633)
2617_722,41522_20250401_196_0_5,196_0,0,38.76641845703125,-9.129019737243652,20,IN_TRANSIT_TO,2025-05-17 09:26:25,7511,2617,66-VI-28,POINT (-9.129019737243652 38.76641845703125)
2633_708,3281_20250401_100_0_7,100_0,1,38.76462936401367,-9.11631965637207,22,IN_TRANSIT_TO,2025-05-17 09:25:54,8438,2633,52-VP-79,POINT (-9.11631965637207 38.76462936401367)
2619_759,6934_20250401_144_0_5,144_0,0,38.742000579833984,-9.112979888916016,21,IN_TRANSIT_TO,2025-05-17 09:25:58,3701,2619,66-VI-37,POINT (-9.112979888916016 38.742000579833984)
2716_711,3470_20250401_101_0_7,101_0,0,38.74332809448242,-9.205780029296875,19,IN_TRANSIT_TO,2025-05-17 09:26:23,8835,2716,92-XQ-27,POINT (-9.205780029296875 38.74332809448242)
6041_760,7045_20250401_171_0_7,171_0,0,38.706298828125,-9.145170211791992,12,IN_TRANSIT_TO,2025-05-17 09:26:02,50339,6041,BG-20-LV,POINT (-9.145170211791992 38.706298828125)
2639_759,6952_20250401_144_0_7,144_0,0,38.7087516784668,-9.133950233459473,4,IN_TRANSIT_TO,2025-05-17 09:26:05,5501,2639,75-VS-47,POINT (-9.133950233459473 38.7087516784668)
2647_783,7819_20250401_203_2_7,203_2,0,38.77402114868164,-9.116769790649414,21,IN_TRANSIT_TO,2025-05-17 09:26:25,12205,2647,75-VS-45,POINT (-9.116769790649414 38.77402114868164)
2989_774,7458_20250401_192_1_8,192_1,0,38.71696853637695,-9.169500350952148,20,IN_TRANSIT_TO,2025-05-17 09:26:14,8012,2989,29-VM-85,POINT (-9.169500350952148 38.71696853637695)
577_28E,14961_20250401_75_0_7,75_0,1,38.711570739746094,-9.130599975585938,10,IN_TRANSIT_TO,2025-05-17 09:26:01,13805,577,,POINT (-9.130599975585938 38.711570739746094)
2609_718,3966_20250401_105_0_6,105_0,0,38.7570686340332,-9.11242961883545,1,IN_TRANSIT_TO,2025-05-17 09:26:01,24383,2609,66-VI-36,POINT (-9.11242961883545 38.7570686340332)
2721_764,7136_20250401_168_2_12,168_2,1,38.7506217956543,-9.191149711608887,19,IN_TRANSIT_TO,2025-05-17 09:26:25,10807,2721,92-XQ-37,POINT (-9.191149711608887 38.7506217956543)
2632_744,5807_20250401_200_0_7,200_0,0,38.72407913208008,-9.148880004882812,2,IN_TRANSIT_TO,2025-05-17 09:26:23,1103,2632,52-VP-88,POINT (-9.148880004882812 38.72407913208008)
2981_774,7431_20250401_192_1_8,192_1,1,38.71833038330078,-9.166230201721191,13,IN_TRANSIT_TO,2025-05-17 09:26:07,8008,2981,29-VM-86,POINT (-9.166230201721191 38.71833038330078)
6030_760,7026_20250401_171_0_7,171_0,0,38.70606994628906,-9.182780265808105,19,IN_TRANSIT_TO,2025-05-17 09:26:01,12120,6030,BF-39-AU,POINT (-9.182780265808105 38.70606994628906)
2646_759,6937_20250401_144_0_7,144_0,0,38.72285079956055,-9.115150451660156,10,IN_TRANSIT_TO,2025-05-17 09:24:53,9813,2646,75-VS-48,POINT (-9.115150451660156 38.72285079956055)
2993_774,7468_20250401_192_1_5,192_1,0,38.708030700683594,-9.1381196975708,1,IN_TRANSIT_TO,2025-05-17 09:26:21,906,2993,29-VM-93,POINT (-9.1381196975708 38.708030700683594)
2733_756,6724_20250401_175_0_10,175_0,0,38.73802947998047,-9.123299598693848,2,IN_TRANSIT_TO,2025-05-17 09:26:20,8903,2733,AG-41-EI,POINT (-9.123299598693848 38.73802947998047)
2640_708,3325_20250401_100_0_8,100_0,0,38.74018096923828,-9.133500099182129,9,IN_TRANSIT_TO,2025-05-17 09:26:00,411,2640,75-VS-43,POINT (-9.133500099182129 38.74018096923828)
2654_713,3572_20250401_122_0_6,122_0,0,38.736881256103516,-9.136329650878906,0,IN_TRANSIT_TO,2025-05-17 09:26:02,,2654,05-VZ-69,POINT (-9.136329650878906 38.736881256103516)
6042_732,5036_20250401_107_2_4,107_2,1,38.707149505615234,-9.14115047454834,29,IN_TRANSIT_TO,2025-05-17 09:26:20,3824,6042,BG-97-LU,POINT (-9.14115047454834 38.707149505615234)
574_28E,14921_20250401_75_0_10,75_0,0,38.715030670166016,-9.12874984741211,10,IN_TRANSIT_TO,2025-05-17 09:26:04,14802,574,,POINT (-9.12874984741211 38.715030670166016)
2635_759,6915_20250401_144_0_7,144_0,0,38.76702117919922,-9.099249839782715,47,IN_TRANSIT_TO,2025-05-17 09:26:05,7825,2635,52-VP-90,POINT (-9.099249839782715 38.76702117919922)
544_12E,11026_20250401_77_0_4,77_0,0,38.70841979980469,-9.139650344848633,10,IN_TRANSIT_TO,2025-05-17 09:25:34,5604,544,,POINT (-9.139650344848633 38.70841979980469)
2636_759,6954_20250401_144_0_6,144_0,1,38.7122802734375,-9.136019706726074,45,IN_TRANSIT_TO,2025-05-17 09:25:54,913,2636,87-VS-50,POINT (-9.136019706726074 38.7122802734375)
2626_759,6912_20250401_144_0_6,144_0,1,38.77510070800781,-9.102999687194824,5,IN_TRANSIT_TO,2025-05-17 09:26:12,7908,2626,52-VP-86,POINT (-9.102999687194824 38.77510070800781)
2621_722,4110_20250401_196_0_6,196_0,0,38.72304916381836,-9.14780044555664,2,IN_TRANSIT_TO,2025-05-17 09:26:20,1103,2621,66-VI-45,POINT (-9.14780044555664 38.72304916381836)
2622_783,7806_20250401_203_2_9,203_2,0,38.72446823120117,-9.15017032623291,1,IN_TRANSIT_TO,2025-05-17 09:26:01,1213,2622,66-VI-21,POINT (-9.15017032623291 38.72446823120117)
2603_718,3933_20250401_105_0_6,105_0,0,38.74140167236328,-9.133399963378906,30,IN_TRANSIT_TO,2025-05-17 08:49:38,411,2603,16-VF-76,POINT (-9.133399963378906 38.74140167236328)
2985_774,7451_20250401_192_1_8,192_1,0,38.72740173339844,-9.142029762268066,31,IN_TRANSIT_TO,2025-05-17 09:26:26,6611,2985,30-VM-14,POINT (-9.142029762268066 38.72740173339844)
2701_714,3635_20250401_102_0_4,102_0,1,38.699928283691406,-9.205900192260742,19,IN_TRANSIT_TO,2025-05-17 09:26:15,9605,2701,92-XQ-35,POINT (-9.205900192260742 38.699928283691406)
2982_797,8162_20250401_163_0_14,163_0,0,38.733619689941406,-9.133350372314453,2,IN_TRANSIT_TO,2025-05-17 09:24:48,402,2982,30-VM-23,POINT (-9.133350372314453 38.733619689941406)
2604_755,17789_20250401_118_0_6,118_0,0,38.754451751708984,-9.130800247192383,27,IN_TRANSIT_TO,2025-05-17 09:26:16,50229,2604,66-VI-32,POINT (-9.130800247192383 38.754451751708984)
2634_783,7826_20250401_203_2_6,203_2,1,38.74248123168945,-9.146980285644531,21,IN_TRANSIT_TO,2025-05-17 09:22:55,2019,2634,52-VP-85,POINT (-9.146980285644531 38.74248123168945)
2980_55B,35094_20250401_240_0_8,240_0,0,38.76319885253906,-9.180529594421387,13,IN_TRANSIT_TO,2025-05-17 09:26:20,12808,2980,29-VM-90,POINT (-9.180529594421387 38.76319885253906)
2663_714,3697_20240914_102_0_16,102_0,1,38.72127151489258,-9.221500396728516,4,IN_TRANSIT_TO,2024-10-22 20:26:58,18703,2663,05-VZ-62,POINT (-9.221500396728516 38.72127151489258)
2659_713,18726_20250401_122_0_5,122_0,0,38.727901458740234,-9.160799980163574,9,IN_TRANSIT_TO,2025-05-17 09:25:57,6115,2659,05-VZ-57,POINT (-9.160799980163574 38.727901458740234)
581_24E,17833_20250401_213_0_9,213_0,1,38.715431213378906,-9.144820213317871,8,IN_TRANSIT_TO,2025-05-17 09:26:02,10604,581,,POINT (-9.144820213317871 38.715431213378906)
6043_760,51291_20250401_171_0_6,171_0,1,38.709468841552734,-9.194849967956543,13,IN_TRANSIT_TO,2025-05-17 09:26:08,10305,6043,BG-93-LT,POINT (-9.194849967956543 38.709468841552734)
2995_730,4960_20250401_198_0_6,198_0,1,38.72673034667969,-9.136630058288574,8,IN_TRANSIT_TO,2025-05-17 09:26:04,606,2995,30-VM-15,POINT (-9.136630058288574 38.72673034667969)
543_28E,14935_20250401_75_0_2,75_0,0,38.715431213378906,-9.135979652404785,0,IN_TRANSIT_TO,2025-05-17 09:26:05,,543,,POINT (-9.135979652404785 38.715431213378906)
4804_751,6462_20250401_109_0_11,109_0,0,38.71323013305664,-9.225130081176758,29,IN_TRANSIT_TO,2025-05-17 09:26:07,14310,4804,53-VR-07,POINT (-9.225130081176758 38.71323013305664)
2963_45B,45294_20250401_277_0_7,277_0,1,38.76502990722656,-9.17177963256836,8,IN_TRANSIT_TO,2025-05-17 09:26:10,50024,2963,29-VM-88,POINT (-9.17177963256836 38.76502990722656)
2828_728,4617_20250401_204_0_6,204_0,1,38.78205108642578,-9.113969802856445,0,IN_TRANSIT_TO,2025-05-17 09:25:57,,2828,BF-60-FZ,POINT (-9.113969802856445 38.78205108642578)
2644_708,3306_20250401_100_0_8,100_0,0,38.76771926879883,-9.10593032836914,27,IN_TRANSIT_TO,2025-05-17 09:26:21,7711,2644,87-VS-52,POINT (-9.10593032836914 38.76771926879883)
507_15E,21264_20250401_76_0_7,76_0,1,38.706298828125,-9.142999649047852,20,IN_TRANSIT_TO,2025-05-17 09:26:08,3803,507,,POINT (-9.142999649047852 38.706298828125)
2427_767,7274_20250401_112_0_2,112_0,1,38.75238037109375,-9.206649780273438,6,IN_TRANSIT_TO,2025-05-17 09:25:57,11001,2427,29-AX-14,POINT (-9.206649780273438 38.75238037109375)
572_18E,12187_20250401_78_0_9,78_0,0,38.70663070678711,-9.143670082092285,1,IN_TRANSIT_TO,2025-05-17 09:25:58,50339,572,,POINT (-9.143670082092285 38.70663070678711)
4824_736,5396_20250401_199_0_6,199_0,1,38.715999603271484,-9.142169952392578,28,IN_TRANSIT_TO,2025-05-17 09:26:04,1006,4824,34-VR-19,POINT (-9.142169952392578 38.715999603271484)
2641_783,7837_20250401_203_2_6,203_2,0,38.76169967651367,-9.13092041015625,15,IN_TRANSIT_TO,2025-05-17 09:26:17,11305,2641,75-VS-49,POINT (-9.13092041015625 38.76169967651367)
555_12E,11039_20250401_77_0_3,77_0,1,38.71717071533203,-9.129770278930664,15,IN_TRANSIT_TO,2025-05-17 09:26:19,14803,555,,POINT (-9.129770278930664 38.71717071533203)
4817_751,6473_20250401_109_0_11,109_0,0,38.706871032714844,-9.1739501953125,7,IN_TRANSIT_TO,2025-05-17 09:26:05,9425,4817,00-VV-37,POINT (-9.1739501953125 38.706871032714844)
6006_706,19488_20250401_147_0_8,147_0,0,38.722900390625,-9.149330139160156,13,IN_TRANSIT_TO,2025-05-17 09:25:59,1216,6006,82-ZC-09,POINT (-9.149330139160156 38.722900390625)
2660_748,6135_20250401_169_0_10,169_0,1,38.72475051879883,-9.156620025634766,8,IN_TRANSIT_TO,2025-05-17 09:25:58,8502,2660,05-VZ-60,POINT (-9.156620025634766 38.72475051879883)
2655_723,4144_20250401_121_0_7,121_0,0,38.71635055541992,-9.210570335388184,22,IN_TRANSIT_TO,2025-05-17 09:26:00,10404,2655,05-VZ-67,POINT (-9.210570335388184 38.71635055541992)
1729_701,2952_20250401_123_0_11,123_0,1,38.75468063354492,-9.151020050048828,27,IN_TRANSIT_TO,2025-05-17 09:26:22,2017,1729,25-AS-41,POINT (-9.151020050048828 38.75468063354492)
2984_72B,45254_20250401_279_0_6,279_0,0,38.748931884765625,-9.191200256347656,27,IN_TRANSIT_TO,2025-05-17 09:26:01,10807,2984,30-VM-04,POINT (-9.191200256347656 38.748931884765625)
4803_753,6544_20250401_167_0_7,167_0,0,38.7150993347168,-9.177379608154297,7,IN_TRANSIT_TO,2025-05-17 09:26:09,8607,4803,77-VP-16,POINT (-9.177379608154297 38.7150993347168)
2651_744,5827_20250401_200_0_7,200_0,0,38.77191925048828,-9.101369857788086,29,IN_TRANSIT_TO,2025-05-17 09:26:19,7912,2651,05-VZ-54,POINT (-9.101369857788086 38.77191925048828)
2665_748,6138_20250401_169_0_9,169_0,0,38.71492004394531,-9.229450225830078,9,IN_TRANSIT_TO,2025-05-17 09:25:54,14306,2665,87-XB-33,POINT (-9.229450225830078 38.71492004394531)
272_28E,48781_20250401_75_8_11,75_8,0,38.7098503112793,-9.151820182800293,15,IN_TRANSIT_TO,2025-05-17 09:26:10,7111,272,AH-26-IN,POINT (-9.151820182800293 38.7098503112793)
2645_755,6635_20250401_118_0_8,118_0,0,38.74617004394531,-9.11281967163086,11,IN_TRANSIT_TO,2025-05-17 09:26:16,3703,2645,87-VS-49,POINT (-9.11281967163086 38.74617004394531)
2983_52B,35053_20250401_244_0_6,244_0,0,38.74568176269531,-9.156229972839355,7,IN_TRANSIT_TO,2025-05-17 09:26:08,50543,2983,30-VM-08,POINT (-9.156229972839355 38.74568176269531)
257_37B,35067_20250401_224_0_8,224_0,0,38.73664855957031,-9.131179809570312,15,IN_TRANSIT_TO,2025-05-17 09:26:10,50394,257,AF-59-RM,POINT (-9.131179809570312 38.73664855957031)
2627_744,5813_20250401_200_0_6,200_0,1,38.752498626708984,-9.137869834899902,20,IN_TRANSIT_TO,2025-05-17 09:26:18,11202,2627,52-VP-83,POINT (-9.137869834899902 38.752498626708984)
276_76B,35089_20250401_219_0_5,219_0,0,38.71134948730469,-9.207830429077148,18,IN_TRANSIT_TO,2025-05-17 09:25:59,12926,276,AH-12-TB,POINT (-9.207830429077148 38.71134948730469)
4635_736,18825_20250401_199_0_7,199_0,0,38.73168182373047,-9.14601993560791,6,IN_TRANSIT_TO,2025-05-17 09:26:04,1703,4635,90-JI-95,POINT (-9.14601993560791 38.73168182373047)
2742_720,4059_20250401_143_0_8,143_0,1,38.70417022705078,-9.173819541931152,6,IN_TRANSIT_TO,2025-05-17 09:26:21,4001,2742,AG-94-TG,POINT (-9.173819541931152 38.70417022705078)
256_58B,35097_20250401_227_0_7,227_0,0,38.7424201965332,-9.172229766845703,22,IN_TRANSIT_TO,2025-05-17 09:26:16,1615,256,AF-57-RM,POINT (-9.172229766845703 38.7424201965332)
2715_709,3385_20250401_148_0_12,148_0,0,38.723148345947266,-9.148030281066895,4,IN_TRANSIT_TO,2025-05-17 09:26:13,1103,2715,92-XQ-22,POINT (-9.148030281066895 38.723148345947266)
2608_725,4252_20250401_197_2_9,197_2,0,38.77510070800781,-9.102529525756836,5,IN_TRANSIT_TO,2025-05-17 09:26:12,7908,2608,66-VI-39,POINT (-9.102529525756836 38.77510070800781)
2731_756,6716_20250401_175_0_8,175_0,0,38.74205017089844,-9.142629623413086,9,IN_TRANSIT_TO,2025-05-17 09:26:08,6402,2731,AG-49-EI,POINT (-9.142629623413086 38.74205017089844)
2719_764,7143_20250401_168_2_12,168_2,1,38.742679595947266,-9.212019920349121,9,IN_TRANSIT_TO,2025-05-17 09:25:58,8823,2719,92-XQ-17,POINT (-9.212019920349121 38.742679595947266)
2631_718,3944_20250401_105_0_8,105_0,0,38.73577117919922,-9.133879661560059,28,IN_TRANSIT_TO,2025-05-17 09:26:18,509,2631,52-VP-80,POINT (-9.133879661560059 38.73577117919922)
2735_742,5702_20250401_114_0_6,114_0,0,38.713951110839844,-9.195549964904785,57,IN_TRANSIT_TO,2025-05-17 09:26:05,50140,2735,AG-37-EI,POINT (-9.195549964904785 38.713951110839844)
282_79B,35096_20250401_221_0_5,221_0,0,38.698768615722656,-9.226980209350586,40,IN_TRANSIT_TO,2025-05-17 09:26:05,4208,282,AI-47-OJ,POINT (-9.226980209350586 38.698768615722656)
2625_718,3955_20250401_105_0_9,105_0,1,38.73332977294922,-9.133000373840332,4,IN_TRANSIT_TO,2025-05-17 09:26:23,402,2625,72-VP-79,POINT (-9.133000373840332 38.73332977294922)
2274_768,7344_20250401_111_2_6,111_2,1,38.773929595947266,-9.161330223083496,5,IN_TRANSIT_TO,2025-05-17 09:26:15,5950,2274,76-79-ZG,POINT (-9.161330223083496 38.773929595947266)
2402_747,6095_20250401_177_0_10,177_0,0,38.76150131225586,-9.157620429992676,0,IN_TRANSIT_TO,2025-05-17 09:26:03,,2402,50-AL-13,POINT (-9.157620429992676 38.76150131225586)
2443_767,7252_20250401_112_0_4,112_0,1,38.76388168334961,-9.158869743347168,27,IN_TRANSIT_TO,2025-05-17 09:26:04,5824,2443,29-AX-05,POINT (-9.158869743347168 38.76388168334961)
2490_720,4040_20250401_143_0_5,143_0,1,38.734771728515625,-9.141579627990723,22,IN_TRANSIT_TO,2025-05-17 09:26:14,11102,2490,55-BH-01,POINT (-9.141579627990723 38.734771728515625)
2780_727,4493_20250401_103_0_5,103_0,0,38.70621871948242,-9.173319816589355,28,IN_TRANSIT_TO,2025-05-17 09:26:02,9417,2780,AI-06-BT,POINT (-9.173319816589355 38.70621871948242)
2785_709,3395_20250401_148_0_11,148_0,1,38.71907043457031,-9.156220436096191,6,IN_TRANSIT_TO,2025-05-17 09:26:03,6803,2785,AI-05-BT,POINT (-9.156220436096191 38.71907043457031)
2404_729,4763_20250401_104_0_6,104_0,0,38.695919036865234,-9.218830108642578,38,IN_TRANSIT_TO,2025-05-17 09:26:16,13204,2404,50-AL-11,POINT (-9.218830108642578 38.695919036865234)
2246_758,6838_20250401_150_0_3,150_0,0,38.722450256347656,-9.16112995147705,10,IN_TRANSIT_TO,2025-05-17 09:26:15,8513,2246,22-38-ZB,POINT (-9.16112995147705 38.722450256347656)
2709_738,5537_20250401_117_0_6,117_0,1,38.705020904541016,-9.181130409240723,3,IN_TRANSIT_TO,2025-05-17 09:26:00,12005,2709,92-XQ-42,POINT (-9.181130409240723 38.705020904541016)
2714_712,3536_20250401_189_2_13,189_2,0,38.71797180175781,-9.122830390930176,4,IN_TRANSIT_TO,2025-05-17 09:26:10,2105,2714,92-XQ-38,POINT (-9.122830390930176 38.71797180175781)
2822_753,6533_20250401_167_0_8,167_0,1,38.70066833496094,-9.17943000793457,2,IN_TRANSIT_TO,2025-05-17 09:26:15,14602,2822,BF-54-FZ,POINT (-9.17943000793457 38.70066833496094)
2293_724,4210_20250401_178_0_11,178_0,0,38.746971130371094,-9.197870254516602,17,IN_TRANSIT_TO,2025-05-17 09:26:16,2801,2293,92-57-ZM,POINT (-9.197870254516602 38.746971130371094)
1727_735,5218_20250401_172_0_7,172_0,0,38.70840072631836,-9.136380195617676,3,IN_TRANSIT_TO,2025-05-17 09:26:13,5501,1727,25-AS-39,POINT (-9.136380195617676 38.70840072631836)
2478_703,3125_20250401_165_0_6,165_0,1,38.77397155761719,-9.16907024383545,23,IN_TRANSIT_TO,2025-05-17 09:25:01,5919,2478,91-BE-80,POINT (-9.16907024383545 38.77397155761719)
1751_717,3841_20250401_170_0_7,170_0,0,38.73432159423828,-9.135180473327637,38,IN_TRANSIT_TO,2025-05-17 09:26:26,11610,1751,34-HU-17,POINT (-9.135180473327637 38.73432159423828)
2814_793,7976_20250401_145_0_8,145_0,0,38.74407958984375,-9.11847972869873,24,IN_TRANSIT_TO,2025-05-17 09:26:05,8912,2814,90-II-54,POINT (-9.11847972869873 38.74407958984375)
4639_736,5347_20250401_199_0_8,199_0,1,38.7883186340332,-9.17667007446289,3,IN_TRANSIT_TO,2025-05-17 09:26:20,15106,4639,27-JO-13,POINT (-9.17667007446289 38.7883186340332)
2970_730,4956_20250401_198_0_10,198_0,0,38.7318000793457,-9.12771987915039,11,IN_TRANSIT_TO,2025-05-17 09:26:21,50467,2970,29-VM-87,POINT (-9.12771987915039 38.7318000793457)
1746_717,3775_20250401_170_0_7,170_0,1,38.78572082519531,-9.142580032348633,9,IN_TRANSIT_TO,2025-05-17 09:26:09,6005,1746,92-HR-03,POINT (-9.142580032348633 38.78572082519531)
2971_702,3031_20250401_146_0_14,146_0,1,38.72515106201172,-9.150830268859863,13,IN_TRANSIT_TO,2025-05-17 09:26:15,50197,2971,29-VM-98,POINT (-9.150830268859863 38.72515106201172)
4636_736,5367_20250401_199_0_5,199_0,0,38.78797149658203,-9.173150062561035,28,IN_TRANSIT_TO,2025-05-17 09:26:13,50083,4636,90-JI-97,POINT (-9.173150062561035 38.78797149658203)
4812_751,6451_20250401_109_0_10,109_0,1,38.70100021362305,-9.221199989318848,13,IN_TRANSIT_TO,2025-05-17 09:26:03,9710,4812,20-VQ-70,POINT (-9.221199989318848 38.70100021362305)
2807_793,7997_20250401_145_0_8,145_0,0,38.740821838378906,-9.105770111083984,0,IN_TRANSIT_TO,2025-05-17 09:26:16,,2807,01-IH-96,POINT (-9.105770111083984 38.740821838378906)
2817_725,4242_20250401_197_2_14,197_2,1,38.77701950073242,-9.117830276489258,8,IN_TRANSIT_TO,2025-05-17 09:26:05,12604,2817,90-II-57,POINT (-9.117830276489258 38.77701950073242)
2806_756,6733_20250401_175_0_7,175_0,1,38.721168518066406,-9.17533016204834,6,IN_TRANSIT_TO,2025-05-17 09:26:18,11903,2806,01-IH-95,POINT (-9.17533016204834 38.721168518066406)
2459_729,4804_20250401_104_0_4,104_0,1,38.769901275634766,-9.189279556274414,42,IN_TRANSIT_TO,2025-05-17 09:26:07,14106,2459,74-BC-74,POINT (-9.189279556274414 38.769901275634766)
4640_736,5327_20250401_199_0_8,199_0,1,38.777748107910156,-9.164329528808594,8,IN_TRANSIT_TO,2025-05-17 09:26:15,5910,4640,02-JN-87,POINT (-9.164329528808594 38.777748107910156)
1753_735,5207_20250401_172_0_7,172_0,0,38.72050094604492,-9.123729705810547,11,IN_TRANSIT_TO,2025-05-17 09:26:16,9113,1753,34-HU-19,POINT (-9.123729705810547 38.72050094604492)
1750_717,3762_20250401_170_0_5,170_0,1,38.774620056152344,-9.148929595947266,17,IN_TRANSIT_TO,2025-05-17 09:26:20,11505,1750,92-HR-07,POINT (-9.148929595947266 38.774620056152344)
2761_727,4468_20250401_103_0_5,103_0,1,38.70764923095703,-9.150899887084961,27,IN_TRANSIT_TO,2025-05-17 09:26:06,3922,2761,AH-33-ND,POINT (-9.150899887084961 38.70764923095703)
231_41B,19376_20250401_232_0_11,232_0,1,38.77598190307617,-9.16327953338623,6,IN_TRANSIT_TO,2025-05-17 09:26:11,5908,231,84-47-XQ,POINT (-9.16327953338623 38.77598190307617)
2455_726,4311_20250401_116_0_6,116_0,1,38.76044845581055,-9.194700241088867,4,IN_TRANSIT_TO,2025-05-17 09:26:11,13907,2455,16-AZ-12,POINT (-9.194700241088867 38.76044845581055)
2410_768,7322_20250401_111_2_7,111_2,0,38.77042007446289,-9.194219589233398,22,IN_TRANSIT_TO,2025-05-17 09:26:21,14110,2410,92-AO-46,POINT (-9.194219589233398 38.77042007446289)
2777_713,3583_20250401_122_0_6,122_0,1,38.71564865112305,-9.159799575805664,21,IN_TRANSIT_TO,2025-05-17 09:26:15,8103,2777,AI-01-BT,POINT (-9.159799575805664 38.71564865112305)
2623_722,4116_20250401_196_0_6,196_0,1,38.76958084106445,-9.12798023223877,15,IN_TRANSIT_TO,2025-05-17 09:26:19,7604,2623,66-VI-26,POINT (-9.12798023223877 38.76958084106445)
2734_701,2955_20250401_123_0_10,123_0,0,38.748329162597656,-9.14799976348877,9,IN_TRANSIT_TO,2025-05-17 09:25:57,13503,2734,AG-50-EI,POINT (-9.14799976348877 38.748329162597656)
2790_714,3676_20250401_102_0_7,102_0,0,38.6975212097168,-9.19552993774414,17,IN_TRANSIT_TO,2025-05-17 09:25:58,9508,2790,AI-54-TL,POINT (-9.19552993774414 38.6975212097168)
2756_727,4490_20250401_103_0_5,103_0,0,38.701969146728516,-9.180970191955566,31,IN_TRANSIT_TO,2025-05-17 09:26:15,12108,2756,AH-27-ND,POINT (-9.180970191955566 38.701969146728516)
2499_742,5662_20250401_114_0_6,114_0,1,38.72251892089844,-9.166769981384277,27,IN_TRANSIT_TO,2025-05-17 09:26:01,8011,2499,03-BM-58,POINT (-9.166769981384277 38.72251892089844)
2300_723,4141_20250401_121_0_5,121_0,1,38.71147155761719,-9.214599609375,9,IN_TRANSIT_TO,2025-05-17 09:20:03,12404,2300,83-13-ZM,POINT (-9.214599609375 38.71147155761719)
2797_714,3632_20250401_102_0_6,102_0,1,38.70627975463867,-9.14501953125,38,IN_TRANSIT_TO,2025-05-17 09:26:15,3803,2797,AJ-57-LI,POINT (-9.14501953125 38.70627975463867)
1773_735,5192_20250401_172_0_5,172_0,0,38.742401123046875,-9.135319709777832,22,IN_TRANSIT_TO,2025-05-17 09:26:15,319,1773,53-HX-06,POINT (-9.135319709777832 38.742401123046875)
1705_717,3819_20250401_170_0_7,170_0,0,38.75519943237305,-9.150699615478516,13,IN_TRANSIT_TO,2025-05-17 09:25:58,11301,1705,69-AL-68,POINT (-9.150699615478516 38.75519943237305)
2784_727,4471_20250401_103_0_5,103_0,1,38.69902038574219,-9.203669548034668,11,IN_TRANSIT_TO,2025-05-17 09:26:17,9601,2784,AI-09-BT,POINT (-9.203669548034668 38.69902038574219)
1706_717,3797_20250401_170_0_7,170_0,0,38.77973175048828,-9.151729583740234,27,IN_TRANSIT_TO,2025-05-17 09:26:21,50156,1706,69-AL-69,POINT (-9.151729583740234 38.77973175048828)
2480_726,4292_20250401_116_0_6,116_0,1,38.73868179321289,-9.164119720458984,18,IN_TRANSIT_TO,2025-05-17 09:26:13,1602,2480,91-BE-75,POINT (-9.164119720458984 38.73868179321289)
2413_729,4807_20250401_104_0_7,104_0,1,38.730628967285156,-9.197979927062988,21,IN_TRANSIT_TO,2025-05-17 09:26:24,8713,2413,92-AO-50,POINT (-9.197979927062988 38.730628967285156)
2482_703,3150_20250401_165_0_7,165_0,0,38.74879837036133,-9.197649955749512,36,IN_TRANSIT_TO,2025-05-17 09:26:07,10908,2482,55-BH-02,POINT (-9.197649955749512 38.74879837036133)
1767_796,8128_20250401_174_0_12,174_0,1,38.76702880859375,-9.157950401306152,14,IN_TRANSIT_TO,2025-05-17 09:26:12,5902,1767,63-HX-29,POINT (-9.157950401306152 38.76702880859375)
1768_735,5253_20250401_172_0_6,172_0,1,38.753501892089844,-9.150270462036133,1,IN_TRANSIT_TO,2025-05-17 09:26:01,13512,1768,63-HX-23,POINT (-9.150270462036133 38.753501892089844)
2666_727,4449_20250401_103_0_5,103_0,1,38.733829498291016,-9.144599914550781,40,IN_TRANSIT_TO,2025-05-17 09:26:04,1801,2666,87-XB-39,POINT (-9.144599914550781 38.733829498291016)
1759_701,2972_20250401_123_0_8,123_0,1,38.72401809692383,-9.165430068969727,5,IN_TRANSIT_TO,2025-05-17 09:25:56,8610,1759,34-HU-25,POINT (-9.165430068969727 38.72401809692383)
1756_742,5760_20250401_114_0_2,114_0,1,38.716949462890625,-9.172229766845703,25,IN_TRANSIT_TO,2025-05-17 09:12:24,9302,1756,34-HU-22,POINT (-9.172229766845703 38.716949462890625)
2487_726,4314_20250401_116_0_5,116_0,0,38.753780364990234,-9.17471981048584,22,IN_TRANSIT_TO,2025-05-17 09:25:59,13617,2487,54-BH-97,POINT (-9.17471981048584 38.753780364990234)
1757_794,8045_20250401_115_0_8,115_0,0,38.7529182434082,-9.117670059204102,26,IN_TRANSIT_TO,2025-05-17 09:26:09,24380,1757,34-HU-23,POINT (-9.117670059204102 38.7529182434082)
1754_717,3828_20250401_170_0_7,170_0,0,38.74882888793945,-9.130570411682129,5,IN_TRANSIT_TO,2025-05-17 09:26:19,313,1754,34-HU-20,POINT (-9.130570411682129 38.74882888793945)
2470_729,4785_20250401_104_0_5,104_0,0,38.75590133666992,-9.194820404052734,9,IN_TRANSIT_TO,2025-05-17 09:26:23,12821,2470,74-BC-71,POINT (-9.194820404052734 38.75590133666992)
2344_758,6832_20250401_150_0_7,150_0,0,38.74222946166992,-9.171770095825195,19,IN_TRANSIT_TO,2025-05-17 09:26:16,1607,2344,53-60-ZJ,POINT (-9.171770095825195 38.74222946166992)
2412_729,4782_20250401_104_0_6,104_0,0,38.74517059326172,-9.200599670410156,17,IN_TRANSIT_TO,2025-05-17 09:26:16,50614,2412,92-AO-48,POINT (-9.200599670410156 38.74517059326172)
2774_714,3654_20250401_102_0_8,102_0,1,38.724300384521484,-9.214969635009766,6,IN_TRANSIT_TO,2025-05-17 09:25:57,18709,2774,AH-22-ND,POINT (-9.214969635009766 38.724300384521484)
2469_729,18901_20250401_104_0_4,104_0,1,38.74440002441406,-9.194100379943848,24,IN_TRANSIT_TO,2025-05-17 09:26:01,10831,2469,16-AZ-09,POINT (-9.194100379943848 38.74440002441406)
2447_767,7207_20250401_112_0_3,112_0,0,38.759029388427734,-9.154569625854492,18,IN_TRANSIT_TO,2025-05-17 09:26:10,5805,2447,44-BC-33,POINT (-9.154569625854492 38.759029388427734)
1772_717,3806_20250401_170_0_4,170_0,0,38.773319244384766,-9.161479949951172,19,IN_TRANSIT_TO,2025-05-17 09:25:57,5903,1772,63-HX-22,POINT (-9.161479949951172 38.773319244384766)
2467_703,3101_20250401_165_0_7,165_0,0,38.779701232910156,-9.148530006408691,9,IN_TRANSIT_TO,2025-05-17 09:26:03,6015,2467,16-AZ-14,POINT (-9.148530006408691 38.779701232910156)
1760_794,8056_20250401_115_0_8,115_0,0,38.73210144042969,-9.11715030670166,9,IN_TRANSIT_TO,2025-05-17 09:26:11,17577,1760,34-HU-26,POINT (-9.11715030670166 38.73210144042969)
2497_735,5233_20250401_172_0_6,172_0,1,38.72129821777344,-9.128950119018555,20,IN_TRANSIT_TO,2025-05-17 09:26:00,9110,2497,88-BL-71,POINT (-9.128950119018555 38.72129821777344)
2461_747,6077_20250401_177_0_9,177_0,0,38.76607894897461,-9.18262004852295,12,IN_TRANSIT_TO,2025-05-17 09:26:20,12810,2461,55-BH-04,POINT (-9.18262004852295 38.76607894897461)
2422_767,7266_20250401_112_0_6,112_0,1,38.76002883911133,-9.177669525146484,21,IN_TRANSIT_TO,2025-05-17 09:26:10,12827,2422,29-AU-17,POINT (-9.177669525146484 38.76002883911133)
2285_731,5008_20250401_190_0_6,190_0,1,38.755699157714844,-9.149020195007324,22,IN_TRANSIT_TO,2025-05-17 09:26:20,11321,2285,67-55-ZJ,POINT (-9.149020195007324 38.755699157714844)
2967_737,5476_20250401_173_0_10,173_0,0,38.71392822265625,-9.137980461120605,0,IN_TRANSIT_TO,2025-05-17 09:26:23,,2967,30-VM-05,POINT (-9.137980461120605 38.71392822265625)
2437_767,7187_20250401_112_0_6,112_0,1,38.750450134277344,-9.222049713134766,0,IN_TRANSIT_TO,2025-05-17 09:26:03,,2437,29-AX-09,POINT (-9.222049713134766 38.750450134277344)
2758_713,3588_20250401_122_0_6,122_0,1,38.72697067260742,-9.173199653625488,2,IN_TRANSIT_TO,2025-05-17 09:26:06,2704,2758,AH-36-ND,POINT (-9.173199653625488 38.72697067260742)
1766_794,8075_20250401_115_0_6,115_0,1,38.75215148925781,-9.121170043945312,23,IN_TRANSIT_TO,2025-05-17 09:25:53,14729,1766,63-HX-33,POINT (-9.121170043945312 38.75215148925781)
2465_716,3731_20250401_164_0_7,164_0,0,38.7380485534668,-9.140999794006348,3,IN_TRANSIT_TO,2025-05-17 09:25:58,11109,2465,55-BH-00,POINT (-9.140999794006348 38.7380485534668)
1765_717,3847_20250401_170_0_6,170_0,1,38.758148193359375,-9.141030311584473,28,IN_TRANSIT_TO,2025-05-17 09:26:12,11304,1765,63-HX-28,POINT (-9.141030311584473 38.758148193359375)
4612_750,6328_20250401_106_0_6,106_0,1,38.75471878051758,-9.153070449829102,25,IN_TRANSIT_TO,2025-05-17 09:26:19,5804,4612,96-GL-89,POINT (-9.153070449829102 38.75471878051758)
1761_717,3858_20250401_170_0_4,170_0,1,38.765380859375,-9.157299995422363,24,IN_TRANSIT_TO,2025-05-17 09:26:01,5814,1761,63-HX-19,POINT (-9.157299995422363 38.765380859375)
220_773,7385_20250401_124_0_5,124_0,0,38.720829010009766,-9.151430130004883,2,IN_TRANSIT_TO,2025-05-17 09:26:02,50186,220,11-07-XO,POINT (-9.151430130004883 38.720829010009766)
225_773,7374_20250401_124_0_13,124_0,0,38.71038055419922,-9.161279678344727,11,IN_TRANSIT_TO,2025-05-17 09:26:07,10003,225,84-37-XQ,POINT (-9.161279678344727 38.71038055419922)
2297_724,4189_20250401_178_0_10,178_0,1,38.74517059326172,-9.198049545288086,12,IN_TRANSIT_TO,2025-05-17 09:26:19,2802,2297,83-06-ZM,POINT (-9.198049545288086 38.74517059326172)
2491_720,4062_20250401_143_0_9,143_0,1,38.703468322753906,-9.181929588317871,3,IN_TRANSIT_TO,2025-05-17 09:26:07,12005,2491,54-BH-98,POINT (-9.181929588317871 38.703468322753906)
408_73B,35078_20250401_220_0_5,220_0,0,38.70677185058594,-9.174779891967773,15,IN_TRANSIT_TO,2025-05-17 09:25:57,12105,408,BF-24-TS,POINT (-9.174779891967773 38.70677185058594)
2401_767,7221_20250401_112_0_5,112_0,0,38.75537109375,-9.150099754333496,16,IN_TRANSIT_TO,2025-05-17 09:26:27,11301,2401,50-AL-14,POINT (-9.150099754333496 38.75537109375)
228_773,7394_20250401_124_0_10,124_0,1,38.711849212646484,-9.154069900512695,18,IN_TRANSIT_TO,2025-05-17 09:24:26,6708,228,84-39-XQ,POINT (-9.154069900512695 38.711849212646484)
2474_703,3136_20250401_165_0_8,165_0,1,38.744850158691406,-9.199749946594238,4,IN_TRANSIT_TO,2025-05-17 09:26:13,2812,2474,74-BC-67,POINT (-9.199749946594238 38.744850158691406)
2748_735,5183_20250401_172_0_7,172_0,0,38.754520416259766,-9.152600288391113,30,IN_TRANSIT_TO,2025-05-17 09:26:13,5703,2748,AG-96-TG,POINT (-9.152600288391113 38.754520416259766)
4840_736,5303_20250401_199_0_8,199_0,1,38.724430084228516,-9.149970054626465,26,IN_TRANSIT_TO,2025-05-17 09:25:57,1206,4840,45-VX-93,POINT (-9.149970054626465 38.724430084228516)
2289_731,4990_20250401_190_0_7,190_0,0,38.76892852783203,-9.118000030517578,23,IN_TRANSIT_TO,2025-05-17 09:26:20,7701,2289,92-60-ZM,POINT (-9.118000030517578 38.76892852783203)
2451_703,20079_20250401_165_0_5,165_0,0,38.77048110961914,-9.171730041503906,20,IN_TRANSIT_TO,2025-05-17 09:26:16,5914,2451,75-AQ-16,POINT (-9.171730041503906 38.77048110961914)
2788_714,3657_20250401_102_0_4,102_0,0,38.7247314453125,-9.228019714355469,40,IN_TRANSIT_TO,2025-05-17 09:26:09,18602,2788,AI-51-TL,POINT (-9.228019714355469 38.7247314453125)
2434_716,3716_20250401_164_0_8,164_0,1,38.749298095703125,-9.203180313110352,0,IN_TRANSIT_TO,2025-05-17 09:26:06,,2434,29-AU-24,POINT (-9.203180313110352 38.749298095703125)
2464_716,3739_20250401_164_0_6,164_0,1,38.737770080566406,-9.155699729919434,18,IN_TRANSIT_TO,2025-05-17 09:26:13,1504,2464,91-BE-71,POINT (-9.155699729919434 38.737770080566406)
2610_759,6963_20250401_144_0_4,144_0,1,38.74420166015625,-9.113619804382324,25,IN_TRANSIT_TO,2025-05-17 09:26:22,3706,2610,66-VI-20,POINT (-9.113619804382324 38.74420166015625)
2290_724,4207_20250401_178_0_9,178_0,0,38.76517105102539,-9.198670387268066,27,IN_TRANSIT_TO,2025-05-17 09:25:58,13912,2290,92-55-ZM,POINT (-9.198670387268066 38.76517105102539)
2773_712,3542_20250401_189_2_10,189_2,1,38.72608184814453,-9.13422966003418,8,IN_TRANSIT_TO,2025-05-17 09:26:06,604,2773,AH-39-ND,POINT (-9.13422966003418 38.72608184814453)
6012_706,3225_20250401_147_0_7,147_0,1,38.71398162841797,-9.12222957611084,0,IN_TRANSIT_TO,2025-05-17 09:26:15,,6012,67-ZF-26,POINT (-9.12222957611084 38.71398162841797)
2825_728,4597_20250401_204_0_3,204_0,1,38.773048400878906,-9.105130195617676,7,IN_TRANSIT_TO,2025-05-17 09:26:24,7811,2825,BF-53-FZ,POINT (-9.105130195617676 38.773048400878906)
2418_767,7199_20250401_112_0_5,112_0,0,38.75102996826172,-9.211079597473145,41,IN_TRANSIT_TO,2025-05-17 09:26:20,11006,2418,92-AO-54,POINT (-9.211079597473145 38.75102996826172)
2843_728,4573_20250401_204_0_5,204_0,1,38.6997184753418,-9.179800033569336,40,IN_TRANSIT_TO,2025-05-17 09:26:04,4002,2843,BF-63-FZ,POINT (-9.179800033569336 38.6997184753418)
2296_724,19279_20250401_178_0_5,178_0,0,38.7065315246582,-9.179030418395996,0,IN_TRANSIT_TO,2025-05-17 09:26:11,,2296,92-51-ZM,POINT (-9.179030418395996 38.7065315246582)
209_46B,35063_20250401_239_2_6,239_2,0,38.75627136230469,-9.148870468139648,17,IN_TRANSIT_TO,2025-05-17 09:26:19,11401,209,33-46-XH,POINT (-9.148870468139648 38.75627136230469)
2215_742,5755_20250401_114_0_6,114_0,1,38.73347854614258,-9.133529663085938,41,IN_TRANSIT_TO,2025-05-17 09:26:12,517,2215,08-01-XS,POINT (-9.133529663085938 38.73347854614258)
2216_742,5741_20250401_114_0_5,114_0,0,38.729469299316406,-9.123080253601074,13,IN_TRANSIT_TO,2025-05-17 09:26:01,11701,2216,08-00-XS,POINT (-9.123080253601074 38.729469299316406)
2223_742,5683_20250401_114_0_6,114_0,1,38.713680267333984,-9.200030326843262,1,IN_TRANSIT_TO,2025-05-17 09:26:24,10315,2223,08-16-XS,POINT (-9.200030326843262 38.713680267333984)
2221_742,5680_20250401_114_0_4,114_0,1,38.70466995239258,-9.186530113220215,16,IN_TRANSIT_TO,2025-05-17 09:26:10,12007,2221,07-95-XS,POINT (-9.186530113220215 38.70466995239258)
561_28E,14947_20250401_75_0_9,75_0,1,38.7105712890625,-9.143630027770996,0,IN_TRANSIT_TO,2025-05-17 09:25:52,,561,,POINT (-9.143630027770996 38.7105712890625)
412_10B,35052_20250401_242_0_7,242_0,0,38.70718002319336,-9.133870124816895,16,IN_TRANSIT_TO,2025-05-17 09:22:24,8203,412,BF-65-TC,POINT (-9.133870124816895 38.70718002319336)
566_28E,14987_20250401_75_0_11,75_0,1,38.709800720214844,-9.133779525756836,8,IN_TRANSIT_TO,2025-05-17 09:26:04,13801,566,,POINT (-9.133779525756836 38.709800720214844)
568_28E,14896_20250401_75_0_4,75_0,0,38.7130012512207,-9.129599571228027,11,IN_TRANSIT_TO,2025-05-17 09:26:09,50150,568,,POINT (-9.129599571228027 38.7130012512207)
2226_742,5705_20250401_114_0_5,114_0,0,38.706520080566406,-9.173430442810059,37,IN_TRANSIT_TO,2025-05-17 09:26:01,9403,2226,06-35-XX,POINT (-9.173430442810059 38.706520080566406)
2228_742,5724_20250401_114_0_6,114_0,0,38.723819732666016,-9.165679931640625,31,IN_TRANSIT_TO,2025-05-17 09:25:58,8609,2228,06-24-XX,POINT (-9.165679931640625 38.723819732666016)
2237_758,6794_20250401_150_0_7,150_0,0,38.72140121459961,-9.162220001220703,27,IN_TRANSIT_TO,2025-05-17 09:26:22,10802,2237,06-27-XX,POINT (-9.162220001220703 38.72140121459961)
230_773,7404_20250401_124_0_6,124_0,1,38.70650100708008,-9.173379898071289,0,IN_TRANSIT_TO,2025-05-17 09:26:08,,230,13-33-XZ,POINT (-9.173379898071289 38.70650100708008)
2234_768,7338_20250401_111_2_7,111_2,1,38.75545120239258,-9.17805004119873,24,IN_TRANSIT_TO,2025-05-17 09:26:13,13605,2234,06-26-XX,POINT (-9.17805004119873 38.75545120239258)
2835_728,4593_20250401_204_0_5,204_0,1,38.72922897338867,-9.107049942016602,23,IN_TRANSIT_TO,2025-05-17 09:25:32,8314,2835,BF-62-FZ,POINT (-9.107049942016602 38.72922897338867)
615_15E,11213_20250401_76_0_2,76_0,1,38.703651428222656,-9.17162036895752,15,IN_TRANSIT_TO,2025-05-17 09:26:11,4001,615,,POINT (-9.17162036895752 38.703651428222656)
407_19B,35088_20250401_245_0_2,245_0,0,38.71440124511719,-9.143980026245117,14,IN_TRANSIT_TO,2025-05-17 09:25:58,10602,407,BF-55-TT,POINT (-9.143980026245117 38.71440124511719)
613_15E,11290_20250401_76_0_9,76_0,0,38.70634841918945,-9.149069786071777,5,IN_TRANSIT_TO,2025-05-17 09:26:02,7102,613,,POINT (-9.149069786071777 38.70634841918945)
2832_728,4577_20250401_204_0_5,204_0,1,38.728431701660156,-9.107879638671875,24,IN_TRANSIT_TO,2025-05-17 09:26:01,8312,2832,BF-68-FZ,POINT (-9.107879638671875 38.728431701660156)
