id,trip_id,route_id,direction_id,latitude,longitude,current_stop_sequence,current_status,timestamp,stop_id,vehicle_id,license_plate,geometry
2253_731,19406_20260101_190_0_4,190_0,1,38.74726867675781,-9.156999588012695,27,IN_TRANSIT_TO,2026-03-19 08:56:41,13507,2253,80-52-ZE,POINT (-9.156999588012695 38.74726867675781)
2745_756,6764_20260101_175_0_6,175_0,0,38.74177169799805,-9.144370079040527,10,IN_TRANSIT_TO,2026-03-19 08:57:00,1904,2745,AG-06-TH,POINT (-9.144370079040527 38.74177169799805)
282_58B,19291_20260101_227_0_6,227_0,0,38.755348205566406,-9.174420356750488,8,IN_TRANSIT_TO,2026-03-19 08:56:58,50420,282,AI-47-OJ,POINT (-9.174420356750488 38.755348205566406)
2970_737,5502_20260101_173_0_1,173_0,0,38.710350036621094,-9.131850242614746,3,IN_TRANSIT_TO,2026-03-19 08:56:37,13801,2970,29-VM-87,POINT (-9.131850242614746 38.710350036621094)
6021_732,5096_20260101_107_0_2,107_0,1,38.7016716003418,-9.192119598388672,15,IN_TRANSIT_TO,2026-03-19 08:56:57,13401,6021,BD-91-QG,POINT (-9.192119598388672 38.7016716003418)
2418_767,7311_20260101_112_0_3,112_0,0,38.76110076904297,-9.1668701171875,22,IN_TRANSIT_TO,2026-03-19 08:56:28,50005,2418,92-AO-54,POINT (-9.1668701171875 38.76110076904297)
2794_727,4476_20260101_103_0_3,103_0,0,38.74348068237305,-9.147270202636719,7,IN_TRANSIT_TO,2026-03-19 08:56:51,2020,2794,AJ-60-LI,POINT (-9.147270202636719 38.74348068237305)
2739_742,5759_20260101_114_0_4,114_0,1,38.734169006347656,-9.15404987335205,34,IN_TRANSIT_TO,2026-03-19 08:56:52,1406,2739,AG-31-EI,POINT (-9.15404987335205 38.734169006347656)
607_15E,11288_20260101_76_0_6,76_0,1,38.70241928100586,-9.180549621582031,13,IN_TRANSIT_TO,2026-03-19 08:56:38,12111,607,IA-30-13,POINT (-9.180549621582031 38.70241928100586)
403_73B,18773_20260101_220_0_4,220_0,0,38.69969940185547,-9.183629989624023,0,IN_TRANSIT_TO,2026-03-19 08:56:57,,403,BF-84-TA,POINT (-9.183629989624023 38.69969940185547)
2474_726,4325_20260101_116_0_4,116_0,1,38.73997116088867,-9.167779922485352,16,IN_TRANSIT_TO,2026-03-19 08:56:48,1610,2474,74-BC-67,POINT (-9.167779922485352 38.73997116088867)
2479_716,3747_20260101_164_0_8,164_0,1,38.7507209777832,-9.19927978515625,3,IN_TRANSIT_TO,2026-03-19 08:56:38,10903,2479,91-BE-74,POINT (-9.19927978515625 38.7507209777832)
6027_732,5093_20260101_107_0_3,107_0,1,38.70616912841797,-9.143369674682617,28,IN_TRANSIT_TO,2026-03-19 08:56:59,3803,6027,BF-66-BA,POINT (-9.143369674682617 38.70616912841797)
2259_731,5022_20260101_190_0_5,190_0,0,38.74462890625,-9.151880264282227,9,IN_TRANSIT_TO,2026-03-19 08:56:34,3309,2259,67-44-ZJ,POINT (-9.151880264282227 38.74462890625)
2292_724,4230_20260101_178_0_8,178_0,1,38.74517822265625,-9.198019981384277,12,IN_TRANSIT_TO,2026-03-19 08:56:15,2802,2292,83-16-ZM,POINT (-9.198019981384277 38.74517822265625)
2792_727,4537_20260101_103_0_3,103_0,1,38.701900482177734,-9.181070327758789,17,IN_TRANSIT_TO,2026-03-19 08:56:43,9503,2792,AJ-53-LI,POINT (-9.181070327758789 38.701900482177734)
2467_726,4317_20260101_116_0_4,116_0,1,38.737831115722656,-9.149700164794922,23,IN_TRANSIT_TO,2026-03-19 08:56:56,1408,2467,16-AZ-14,POINT (-9.149700164794922 38.737831115722656)
2969_799,8217_20260101_120_0_5,120_0,1,38.744998931884766,-9.201350212097168,16,IN_TRANSIT_TO,2026-03-19 08:56:37,8813,2969,30-VM-09,POINT (-9.201350212097168 38.744998931884766)
2623_705,3180_20260101_176_0_4,176_0,1,38.78266906738281,-9.12522029876709,15,IN_TRANSIT_TO,2026-03-19 08:55:45,16302,2623,66-VI-26,POINT (-9.12522029876709 38.78266906738281)
2788_727,4441_20260101_103_0_3,103_0,0,38.70661926269531,-9.158249855041504,22,IN_TRANSIT_TO,2026-03-19 08:56:47,50593,2788,AI-51-TL,POINT (-9.158249855041504 38.70661926269531)
2831_753,6575_20260101_167_0_5,167_0,0,38.725379943847656,-9.151880264282227,4,IN_TRANSIT_TO,2026-03-19 08:56:53,1209,2831,BF-72-FZ,POINT (-9.151880264282227 38.725379943847656)
2828_753,6573_20260101_167_0_7,167_0,0,38.72433090209961,-9.161049842834473,6,IN_TRANSIT_TO,2026-03-19 08:56:52,8501,2828,BF-60-FZ,POINT (-9.161049842834473 38.72433090209961)
579_28E,14920_20260101_75_0_5,75_0,1,38.7128791809082,-9.129400253295898,24,IN_TRANSIT_TO,2026-03-19 08:56:02,13813,579,,POINT (-9.129400253295898 38.7128791809082)
2412_767,7250_20260101_112_0_3,112_0,1,38.761749267578125,-9.16312026977539,26,IN_TRANSIT_TO,2026-03-19 08:56:39,50014,2412,92-AO-48,POINT (-9.16312026977539 38.761749267578125)
2425_703,3135_20260101_165_0_4,165_0,1,38.774330139160156,-9.166279792785645,23,IN_TRANSIT_TO,2026-03-19 08:57:00,5919,2425,29-AU-20,POINT (-9.166279792785645 38.774330139160156)
2464_729,4766_20260101_104_0_4,104_0,0,38.69721984863281,-9.204999923706055,35,IN_TRANSIT_TO,2026-03-19 08:56:56,9610,2464,91-BE-71,POINT (-9.204999923706055 38.69721984863281)
2688_738,5566_20260101_117_0_4,117_0,0,38.750099182128906,-9.158419609069824,8,IN_TRANSIT_TO,2026-03-19 08:56:49,13509,2688,93-XA-35,POINT (-9.158419609069824 38.750099182128906)
2708_714,3671_20260101_102_0_5,102_0,0,38.705718994140625,-9.212550163269043,25,IN_TRANSIT_TO,2026-03-19 08:56:53,13120,2708,92-XQ-32,POINT (-9.212550163269043 38.705718994140625)
2327_754,6609_20260101_201_0_4,201_0,1,38.73640060424805,-9.212920188903809,5,IN_TRANSIT_TO,2026-03-19 08:56:58,8845,2327,67-53-ZJ,POINT (-9.212920188903809 38.73640060424805)
605_15E,11318_20260101_76_0_6,76_0,1,38.699649810791016,-9.225850105285645,2,IN_TRANSIT_TO,2026-03-19 08:56:56,4219,605,,POINT (-9.225850105285645 38.699649810791016)
2285_724,4233_20260101_178_0_4,178_0,1,38.760379791259766,-9.199549674987793,2,IN_TRANSIT_TO,2026-03-19 08:56:49,13911,2285,67-55-ZJ,POINT (-9.199549674987793 38.760379791259766)
6022_760,7085_20260101_171_0_3,171_0,0,38.706050872802734,-9.181229591369629,19,IN_TRANSIT_TO,2026-03-19 08:56:49,12120,6022,BF-48-BB,POINT (-9.181229591369629 38.706050872802734)
2737_756,6713_20260101_175_0_6,175_0,0,38.742149353027344,-9.132129669189453,6,IN_TRANSIT_TO,2026-03-19 08:56:56,301,2737,AG-45-EI,POINT (-9.132129669189453 38.742149353027344)
6035_732,5057_20260101_107_0_3,107_0,0,38.698429107666016,-9.188400268554688,29,IN_TRANSIT_TO,2026-03-19 08:56:44,9506,6035,BG-76-LX,POINT (-9.188400268554688 38.698429107666016)
2401_703,3175_20260101_165_0_5,165_0,0,38.768951416015625,-9.17959976196289,24,IN_TRANSIT_TO,2026-03-19 08:56:46,5932,2401,50-AL-14,POINT (-9.17959976196289 38.768951416015625)
606_15E,11264_20260101_76_0_5,76_0,1,38.71271896362305,-9.137720108032227,23,IN_TRANSIT_TO,2026-03-19 08:56:53,50621,606,,POINT (-9.137720108032227 38.71271896362305)
2280_729,4828_20260101_104_0_3,104_0,1,38.73828125,-9.202179908752441,22,IN_TRANSIT_TO,2026-03-19 08:56:57,8837,2280,67-40-ZJ,POINT (-9.202179908752441 38.73828125)
2670_714,3662_20260101_102_0_5,102_0,0,38.724449157714844,-9.2147798538208,32,IN_TRANSIT_TO,2026-03-19 08:56:49,14006,2670,87-XB-32,POINT (-9.2147798538208 38.724449157714844)
2207_708,3365_20260101_100_0_6,100_0,0,38.75416946411133,-9.130350112915039,13,IN_TRANSIT_TO,2026-03-19 08:56:55,7307,2207,01-70-XO,POINT (-9.130350112915039 38.75416946411133)
2627_718,3975_20260101_105_0_5,105_0,1,38.73278045654297,-9.130749702453613,5,IN_TRANSIT_TO,2026-03-19 08:56:58,522,2627,52-VP-83,POINT (-9.130749702453613 38.73278045654297)
2767_755,6694_20260101_118_0_6,118_0,0,38.75606918334961,-9.147879600524902,34,IN_TRANSIT_TO,2026-03-19 08:57:02,11321,2767,AH-34-ND,POINT (-9.147879600524902 38.75606918334961)
2634_759,6961_20260101_144_0_4,144_0,1,38.77252960205078,-9.113329887390137,8,IN_TRANSIT_TO,2026-03-19 08:57:01,12304,2634,52-VP-85,POINT (-9.113329887390137 38.77252960205078)
2294_713,20157_20260101_122_0_4,122_0,1,38.73136901855469,-9.168530464172363,0,IN_TRANSIT_TO,2026-03-19 08:56:35,,2294,92-52-ZM,POINT (-9.168530464172363 38.73136901855469)
4831_756,6749_20260101_175_0_3,175_0,1,38.70708084106445,-9.173620223999023,4,IN_TRANSIT_TO,2026-03-19 08:55:45,9415,4831,20-VQ-61,POINT (-9.173620223999023 38.70708084106445)
6041_760,7022_20260101_171_0_3,171_0,1,38.706268310546875,-9.145649909973145,29,IN_TRANSIT_TO,2026-03-19 08:56:58,7101,6041,BG-20-LV,POINT (-9.145649909973145 38.706268310546875)
2654_744,5830_20260101_200_0_3,200_0,0,38.723079681396484,-9.148030281066895,2,IN_TRANSIT_TO,2026-03-19 08:57:01,1103,2654,05-VZ-69,POINT (-9.148030281066895 38.723079681396484)
2298_794,8073_20260101_115_0_5,115_0,1,38.76082992553711,-9.103799819946289,3,IN_TRANSIT_TO,2026-03-19 08:56:54,2322,2298,83-05-ZM,POINT (-9.103799819946289 38.76082992553711)
502_15E,11228_20260101_76_0_5,76_0,0,38.704769134521484,-9.17747974395752,10,IN_TRANSIT_TO,2026-03-19 08:56:50,12116,502,,POINT (-9.17747974395752 38.704769134521484)
2262_708,3289_20260101_100_0_5,100_0,1,38.725120544433594,-9.13502025604248,40,IN_TRANSIT_TO,2026-03-19 08:56:12,608,2262,80-48-ZE,POINT (-9.13502025604248 38.725120544433594)
2626_722,4107_20260101_196_0_4,196_0,1,38.769500732421875,-9.123069763183594,14,IN_TRANSIT_TO,2026-03-19 08:56:18,12202,2626,52-VP-86,POINT (-9.123069763183594 38.769500732421875)
2241_799,8227_20260101_120_0_6,120_0,1,38.73569869995117,-9.218819618225098,8,IN_TRANSIT_TO,2026-03-19 08:56:56,50058,2241,22-37-ZB,POINT (-9.218819618225098 38.73569869995117)
4628_736,5299_20260101_199_0_4,199_0,1,38.766170501708984,-9.157620429992676,12,IN_TRANSIT_TO,2026-03-19 08:56:34,5902,4628,27-JO-10,POINT (-9.157620429992676 38.766170501708984)
2790_727,4463_20260101_103_0_3,103_0,0,38.73031997680664,-9.146949768066406,11,IN_TRANSIT_TO,2026-03-19 08:56:45,1704,2790,AI-54-TL,POINT (-9.146949768066406 38.73031997680664)
2804_713,3579_20260101_122_0_5,122_0,0,38.71670150756836,-9.157919883728027,15,IN_TRANSIT_TO,2026-03-19 08:56:08,6802,2804,01-IH-93,POINT (-9.157919883728027 38.71670150756836)
4608_750,6377_20260101_106_0_4,106_0,0,38.71651840209961,-9.220399856567383,33,IN_TRANSIT_TO,2026-03-19 08:56:39,18111,4608,96-GL-85,POINT (-9.220399856567383 38.71651840209961)
2951_29B,17534_20260101_209_0_3,209_0,0,38.758819580078125,-9.110950469970703,2,IN_TRANSIT_TO,2026-03-19 08:56:38,8413,2951,62-GQ-53,POINT (-9.110950469970703 38.758819580078125)
2499_729,4836_20260101_104_0_2,104_0,1,38.697349548339844,-9.199870109558105,7,IN_TRANSIT_TO,2026-03-19 08:56:33,4109,2499,03-BM-58,POINT (-9.199870109558105 38.697349548339844)
2992_774,7467_20260101_192_0_3,192_0,0,38.72650146484375,-9.145079612731934,12,IN_TRANSIT_TO,2026-03-19 08:56:50,6609,2992,29-VM-95,POINT (-9.145079612731934 38.72650146484375)
4633_736,5424_20260101_199_0_2,199_0,1,38.74197006225586,-9.146949768066406,21,IN_TRANSIT_TO,2026-03-19 08:56:52,1902,4633,90-JI-94,POINT (-9.146949768066406 38.74197006225586)
2317_764,7158_20260101_168_0_5,168_0,1,38.74787902832031,-9.19102954864502,18,IN_TRANSIT_TO,2026-03-19 08:56:50,10815,2317,61-86-ZB,POINT (-9.19102954864502 38.74787902832031)
2449_747,6122_20260101_177_0_5,177_0,0,38.765350341796875,-9.198430061340332,19,IN_TRANSIT_TO,2026-03-19 08:56:52,14111,2449,44-BC-35,POINT (-9.198430061340332 38.765350341796875)
2273_768,7341_20260101_111_0_5,111_0,0,38.7600212097168,-9.191729545593262,18,IN_TRANSIT_TO,2026-03-19 08:56:49,12814,2273,76-81-ZG,POINT (-9.191729545593262 38.7600212097168)
2710_723,4136_20260101_121_0_4,121_0,1,38.69572830200195,-9.218270301818848,3,IN_TRANSIT_TO,2026-03-19 08:56:54,13203,2710,92-XQ-19,POINT (-9.218270301818848 38.69572830200195)
1773_742,5776_20260101_114_0_5,114_0,1,38.7163200378418,-9.172550201416016,25,IN_TRANSIT_TO,2026-03-19 08:56:55,9302,1773,53-HX-06,POINT (-9.172550201416016 38.7163200378418)
2645_759,6943_20260101_144_0_4,144_0,1,38.757049560546875,-9.112930297851562,19,IN_TRANSIT_TO,2026-03-19 08:57:01,8413,2645,87-VS-49,POINT (-9.112930297851562 38.757049560546875)
2673_713,3594_20260101_122_0_4,122_0,1,38.73514938354492,-9.143830299377441,34,IN_TRANSIT_TO,2026-03-19 08:56:44,1806,2673,87-XB-37,POINT (-9.143830299377441 38.73514938354492)
2672_723,4158_20260101_121_0_3,121_0,0,38.709529876708984,-9.215470314025879,24,IN_TRANSIT_TO,2026-03-19 08:57:01,12407,2672,87-XB-44,POINT (-9.215470314025879 38.709529876708984)
2962_52B,21661_20260101_244_0_4,244_0,0,38.74570083618164,-9.156229972839355,7,IN_TRANSIT_TO,2026-03-19 08:56:56,50543,2962,30-VM-07,POINT (-9.156229972839355 38.74570083618164)
1746_749,59012_20260101_195_0_2,195_0,1,38.75617980957031,-9.112649917602539,28,IN_TRANSIT_TO,2026-03-19 08:56:57,24370,1746,92-HR-03,POINT (-9.112649917602539 38.75617980957031)
6034_760,7098_20260101_171_0_3,171_0,0,38.71382141113281,-9.137280464172363,9,IN_TRANSIT_TO,2026-03-19 08:56:56,906,6034,BF-61-AX,POINT (-9.137280464172363 38.71382141113281)
1779_735,5191_20260101_172_0_3,172_0,0,38.708648681640625,-9.135530471801758,3,IN_TRANSIT_TO,2026-03-19 08:18:37,5501,1779,63-HX-20,POINT (-9.135530471801758 38.708648681640625)
2494_716,3738_20260101_164_0_4,164_0,1,38.737918853759766,-9.159700393676758,16,IN_TRANSIT_TO,2026-03-19 08:56:45,1510,2494,88-BL-68,POINT (-9.159700393676758 38.737918853759766)
2266_731,5007_20260101_190_0_3,190_0,0,38.77996826171875,-9.102529525756836,32,IN_TRANSIT_TO,2026-03-19 08:56:44,7902,2266,76-92-ZG,POINT (-9.102529525756836 38.77996826171875)
2345_763,46424_20260101_282_0_5,282_0,0,38.75503158569336,-9.1941499710083,20,IN_TRANSIT_TO,2026-03-19 08:56:53,12821,2345,53-59-ZJ,POINT (-9.1941499710083 38.75503158569336)
4815_728,4641_20260101_204_0_5,204_0,1,38.7741813659668,-9.105799674987793,6,IN_TRANSIT_TO,2026-03-19 08:56:52,7908,4815,34-VR-24,POINT (-9.105799674987793 38.7741813659668)
2971_730,4967_20260101_198_0_6,198_0,0,38.724029541015625,-9.132220268249512,17,IN_TRANSIT_TO,2026-03-19 08:56:53,601,2971,29-VM-98,POINT (-9.132220268249512 38.724029541015625)
2975_730,4947_20260101_198_0_5,198_0,1,38.72677993774414,-9.130330085754395,13,IN_TRANSIT_TO,2026-03-19 08:56:49,9102,2975,30-VM-11,POINT (-9.130330085754395 38.72677993774414)
2701_748,6144_20260101_169_0_9,169_0,0,38.7253303527832,-9.152050018310547,2,IN_TRANSIT_TO,2026-03-19 08:56:57,1209,2701,92-XQ-35,POINT (-9.152050018310547 38.7253303527832)
2406_716,3744_20260101_164_0_6,164_0,1,38.74686813354492,-9.185199737548828,7,IN_TRANSIT_TO,2026-03-19 08:56:53,10821,2406,50-AL-09,POINT (-9.185199737548828 38.74686813354492)
2603_781,7747_20260101_151_0_4,151_0,0,38.76852035522461,-9.109800338745117,19,IN_TRANSIT_TO,2026-03-19 08:57:00,7715,2603,16-VF-76,POINT (-9.109800338745117 38.76852035522461)
1747_720,4094_20260101_143_0_6,143_0,1,38.72188186645508,-9.152050018310547,14,IN_TRANSIT_TO,2026-03-19 08:56:55,6805,1747,92-HR-04,POINT (-9.152050018310547 38.72188186645508)
206_17B,21713_20260101_247_0_3,247_0,0,38.7358283996582,-9.133970260620117,23,IN_TRANSIT_TO,2026-03-19 08:56:17,505,206,33-49-XH,POINT (-9.133970260620117 38.7358283996582)
6025_760,7081_20260101_171_0_5,171_0,0,38.71501922607422,-9.205100059509277,35,IN_TRANSIT_TO,2026-03-19 08:56:38,12906,6025,BF-92-AX,POINT (-9.205100059509277 38.71501922607422)
4818_751,6481_20260101_109_0_4,109_0,1,38.71466827392578,-9.229249954223633,3,IN_TRANSIT_TO,2026-03-19 08:56:53,14305,4818,42-VT-57,POINT (-9.229249954223633 38.71466827392578)
2800_714,3640_20260101_102_0_6,102_0,1,38.72412872314453,-9.209420204162598,9,IN_TRANSIT_TO,2026-03-19 08:56:51,18111,2800,AJ-54-LI,POINT (-9.209420204162598 38.72412872314453)
2743_742,5720_20260101_114_0_5,114_0,0,38.72050094604492,-9.168669700622559,32,IN_TRANSIT_TO,2026-03-19 08:56:57,8010,2743,AG-02-TH,POINT (-9.168669700622559 38.72050094604492)
2810_748,6160_20260101_169_0_8,169_0,1,38.7218017578125,-9.202150344848633,6,IN_TRANSIT_TO,2026-03-19 08:56:37,14311,2810,01-IH-99,POINT (-9.202150344848633 38.7218017578125)
4812_751,6459_20260101_109_4_4,109_4,0,38.710121154785156,-9.174220085144043,6,IN_TRANSIT_TO,2026-03-19 08:56:57,9412,4812,20-VQ-70,POINT (-9.174220085144043 38.710121154785156)
2789_711,3519_20260101_101_0_3,101_0,1,38.735748291015625,-9.203499794006348,13,IN_TRANSIT_TO,2026-03-19 08:56:52,8828,2789,AI-53-TL,POINT (-9.203499794006348 38.735748291015625)
2344_703,3100_20260101_165_0_4,165_0,0,38.78717041015625,-9.142250061035156,0,IN_TRANSIT_TO,2026-03-19 08:56:49,,2344,53-60-ZJ,POINT (-9.142250061035156 38.78717041015625)
2630_708,3358_20260101_100_0_4,100_0,0,38.774478912353516,-9.097229957580566,30,IN_TRANSIT_TO,2026-03-19 08:54:03,7823,2630,52-VP-89,POINT (-9.097229957580566 38.774478912353516)
2955_798,8190_20260101_194_0_8,194_0,1,38.77981948852539,-9.148469924926758,12,IN_TRANSIT_TO,2026-03-19 08:56:32,6015,2955,27-GU-70,POINT (-9.148469924926758 38.77981948852539)
2733_720,4086_20260101_143_0_6,143_0,0,38.742271423339844,-9.132579803466797,6,IN_TRANSIT_TO,2026-03-19 08:56:55,301,2733,AG-41-EI,POINT (-9.132579803466797 38.742271423339844)
2952_72B,45276_20260101_279_0_3,279_0,0,38.73609924316406,-9.2053804397583,17,IN_TRANSIT_TO,2026-03-19 08:56:35,50613,2952,62-GQ-54,POINT (-9.2053804397583 38.73609924316406)
2234_758,6876_20260101_150_0_2,150_0,1,38.74666976928711,-9.183979988098145,9,IN_TRANSIT_TO,2026-03-19 08:56:42,10829,2234,06-26-XX,POINT (-9.183979988098145 38.74666976928711)
6045_732,5080_20260101_107_0_3,107_0,0,38.748050689697266,-9.150670051574707,3,IN_TRANSIT_TO,2026-03-19 08:56:54,2010,6045,BH-32-IQ,POINT (-9.150670051574707 38.748050689697266)
4624_756,6757_20260101_175_0_4,175_0,0,38.70927047729492,-9.173919677734375,21,IN_TRANSIT_TO,2026-03-19 08:56:34,9412,4624,11-JM-75,POINT (-9.173919677734375 38.70927047729492)
4642_750,6372_20260101_106_0_3,106_0,0,38.70035171508789,-9.22743034362793,39,IN_TRANSIT_TO,2026-03-19 08:56:44,4213,4642,90-JI-99,POINT (-9.22743034362793 38.70035171508789)
219_773,7378_20260101_124_0_10,124_0,1,38.70718002319336,-9.171469688415527,5,IN_TRANSIT_TO,2026-03-19 08:56:39,9420,219,11-12-XO,POINT (-9.171469688415527 38.70718002319336)
2288_731,4974_20260101_190_0_2,190_0,1,38.763179779052734,-9.128820419311523,20,IN_TRANSIT_TO,2026-03-19 08:56:48,7506,2288,92-59-ZM,POINT (-9.128820419311523 38.763179779052734)
2741_742,5747_20260101_114_0_5,114_0,0,38.72890090942383,-9.109029769897461,5,IN_TRANSIT_TO,2026-03-19 08:56:22,8316,2741,AG-99-TG,POINT (-9.109029769897461 38.72890090942383)
2629_782,7794_20260101_152_0_3,152_0,1,38.705421447753906,-9.14387035369873,21,IN_TRANSIT_TO,2026-03-19 08:56:55,3820,2629,52-VP-81,POINT (-9.14387035369873 38.705421447753906)
2656_793,8007_20260101_145_0_6,145_0,0,38.75027084350586,-9.118550300598145,20,IN_TRANSIT_TO,2026-03-19 08:57:00,3713,2656,05-VZ-53,POINT (-9.118550300598145 38.75027084350586)
2731_755,6702_20260101_118_0_6,118_0,0,38.75537109375,-9.126330375671387,22,IN_TRANSIT_TO,2026-03-19 08:56:53,14707,2731,AG-49-EI,POINT (-9.126330375671387 38.75537109375)
2802_714,3709_20260101_102_0_4,102_0,1,38.70677947998047,-9.175649642944336,28,IN_TRANSIT_TO,2026-03-19 08:56:41,12105,2802,01-IH-91,POINT (-9.175649642944336 38.70677947998047)
4821_783,7852_20260101_203_0_4,203_0,1,38.763851165771484,-9.129579544067383,12,IN_TRANSIT_TO,2026-03-19 08:56:52,7602,4821,20-VQ-68,POINT (-9.129579544067383 38.763851165771484)
2276_731,41474_20260101_190_0_4,190_0,1,38.75537109375,-9.150050163269043,24,IN_TRANSIT_TO,2026-03-19 08:56:56,11321,2276,53-57-ZJ,POINT (-9.150050163269043 38.75537109375)
2942_71B,45266_20260101_278_0_3,278_0,0,38.73551940917969,-9.202549934387207,13,IN_TRANSIT_TO,2026-03-19 08:56:36,8826,2942,51-GL-82,POINT (-9.202549934387207 38.73551940917969)
2490_767,7228_20260101_112_0_2,112_0,1,38.754051208496094,-9.144579887390137,32,IN_TRANSIT_TO,2026-03-19 08:56:30,104,2490,55-BH-01,POINT (-9.144579887390137 38.754051208496094)
2714_759,6981_20260101_144_0_5,144_0,0,38.74879837036133,-9.113530158996582,24,IN_TRANSIT_TO,2026-03-19 08:56:51,3713,2714,92-XQ-38,POINT (-9.113530158996582 38.74879837036133)
220_773,7408_20260101_124_0_9,124_0,0,38.715118408203125,-9.150970458984375,6,IN_TRANSIT_TO,2026-03-19 08:53:35,6716,220,11-07-XO,POINT (-9.150970458984375 38.715118408203125)
2809_709,3394_20260101_148_0_5,148_0,0,38.71453094482422,-9.140130043029785,2,IN_TRANSIT_TO,2026-03-19 08:57:00,919,2809,01-IH-98,POINT (-9.140130043029785 38.71453094482422)
2805_754,6615_20260101_201_0_4,201_0,1,38.739078521728516,-9.211179733276367,1,IN_TRANSIT_TO,2026-03-19 08:56:58,8841,2805,01-IH-94,POINT (-9.211179733276367 38.739078521728516)
2295_724,4222_20260101_178_0_6,178_0,1,38.71189880371094,-9.179619789123535,25,IN_TRANSIT_TO,2026-03-19 08:56:45,11804,2295,92-53-ZM,POINT (-9.179619789123535 38.71189880371094)
4626_756,6730_20260101_175_0_4,175_0,1,38.742618560791016,-9.138580322265625,16,IN_TRANSIT_TO,2026-03-19 08:56:59,6401,4626,90-JI-93,POINT (-9.138580322265625 38.742618560791016)
2657_725,4255_20260101_197_0_9,197_0,0,38.76837921142578,-9.098170280456543,2,IN_TRANSIT_TO,2026-03-19 08:56:52,7805,2657,05-VZ-66,POINT (-9.098170280456543 38.76837921142578)
1770_717,3864_20260101_170_0_4,170_0,1,38.73794937133789,-9.133720397949219,38,IN_TRANSIT_TO,2026-03-19 08:56:35,404,1770,63-HX-17,POINT (-9.133720397949219 38.73794937133789)
2990_45B,45281_20260101_277_0_3,277_0,0,38.77470016479492,-9.14780044555664,2,IN_TRANSIT_TO,2026-03-19 08:56:56,50446,2990,30-VM-06,POINT (-9.14780044555664 38.77470016479492)
4810_751,6517_20260101_109_0_4,109_0,0,38.71792984008789,-9.175129890441895,4,IN_TRANSIT_TO,2026-03-19 08:56:50,11902,4810,20-VQ-60,POINT (-9.175129890441895 38.71792984008789)
2735_717,3803_20260101_170_0_6,170_0,1,38.79560089111328,-9.150469779968262,3,IN_TRANSIT_TO,2026-03-19 08:56:49,16005,2735,AG-37-EI,POINT (-9.150469779968262 38.79560089111328)
2782_727,4454_20260101_103_0_2,103_0,0,38.719451904296875,-9.155619621276855,16,IN_TRANSIT_TO,2026-03-19 08:56:53,6810,2782,AI-99-BS,POINT (-9.155619621276855 38.719451904296875)
2777_738,5528_20260101_117_0_4,117_0,1,38.710479736328125,-9.165220260620117,9,IN_TRANSIT_TO,2026-03-19 08:56:29,10101,2777,AI-01-BT,POINT (-9.165220260620117 38.710479736328125)
2680_754,6617_20260101_201_0_3,201_0,0,38.73286819458008,-9.216050148010254,31,IN_TRANSIT_TO,2026-03-19 08:56:57,18116,2680,93-XA-36,POINT (-9.216050148010254 38.73286819458008)
1704_742,5777_20260101_114_0_2,114_0,0,38.707420349121094,-9.196720123291016,49,IN_TRANSIT_TO,2026-03-19 08:56:39,13312,1704,35-AL-14,POINT (-9.196720123291016 38.707420349121094)
2454_729,4833_20260101_104_0_5,104_0,1,38.71398162841797,-9.200969696044922,18,IN_TRANSIT_TO,2026-03-19 08:56:58,10315,2454,16-AZ-18,POINT (-9.200969696044922 38.71398162841797)
2606_749,59014_20260101_195_0_2,195_0,1,38.75012969970703,-9.159919738769531,11,IN_TRANSIT_TO,2026-03-19 08:56:57,10724,2606,66-VI-40,POINT (-9.159919738769531 38.75012969970703)
4834_736,5319_20260101_199_0_6,199_0,1,38.786128997802734,-9.172530174255371,4,IN_TRANSIT_TO,2026-03-19 08:57:01,15107,4834,20-VQ-71,POINT (-9.172530174255371 38.786128997802734)
2740_749,59015_20260101_195_0_5,195_0,1,38.75645065307617,-9.203149795532227,6,IN_TRANSIT_TO,2026-03-19 08:56:42,13701,2740,AG-43-EI,POINT (-9.203149795532227 38.75645065307617)
4826_736,5408_20260101_199_0_5,199_0,0,38.72959899902344,-9.147319793701172,5,IN_TRANSIT_TO,2026-03-19 08:56:51,1701,4826,53-VR-05,POINT (-9.147319793701172 38.72959899902344)
2278_768,7319_20260101_111_0_2,111_0,1,38.750850677490234,-9.158479690551758,25,IN_TRANSIT_TO,2026-03-19 08:56:53,13509,2278,67-41-ZJ,POINT (-9.158479690551758 38.750850677490234)
2953_40B,17558_20260101_212_0_4,212_0,0,38.77827835083008,-9.148550033569336,16,IN_TRANSIT_TO,2026-03-19 08:56:40,11509,2953,62-GQ-55,POINT (-9.148550033569336 38.77827835083008)
2410_767,7184_20260101_112_0_3,112_0,0,38.752498626708984,-9.143630027770996,14,IN_TRANSIT_TO,2026-03-19 08:56:48,101,2410,92-AO-46,POINT (-9.143630027770996 38.752498626708984)
2988_770,7364_20260101_191_0_5,191_0,0,38.735450744628906,-9.17842960357666,12,IN_TRANSIT_TO,2026-03-19 08:57:03,10726,2988,29-VM-94,POINT (-9.17842960357666 38.735450744628906)
273_734,5133_20260101_205_0_5,205_0,0,38.719600677490234,-9.129719734191895,7,IN_TRANSIT_TO,2026-03-19 08:55:50,9129,273,AH-15-TB,POINT (-9.129719734191895 38.719600677490234)
2948_26B,17510_20260101_208_0_5,208_0,0,38.77922058105469,-9.095549583435059,7,IN_TRANSIT_TO,2026-03-19 08:55:50,50127,2948,51-GL-85,POINT (-9.095549583435059 38.77922058105469)
1709_796,8127_20260101_174_0_10,174_0,1,38.77376937866211,-9.163350105285645,16,IN_TRANSIT_TO,2026-03-19 08:56:52,5808,1709,69-AL-72,POINT (-9.163350105285645 38.77376937866211)
4836_736,5311_20260101_199_0_6,199_0,1,38.78295135498047,-9.166219711303711,6,IN_TRANSIT_TO,2026-03-19 08:56:41,7204,4836,34-VR-23,POINT (-9.166219711303711 38.78295135498047)
2226_794,8108_20260101_115_0_6,115_0,0,38.72908020019531,-9.115180015563965,8,IN_TRANSIT_TO,2026-03-19 08:56:17,8321,2226,06-35-XX,POINT (-9.115180015563965 38.72908020019531)
2797_738,5569_20260101_117_0_1,117_0,0,38.75008010864258,-9.162870407104492,7,IN_TRANSIT_TO,2026-03-19 08:56:59,13620,2797,AJ-57-LI,POINT (-9.162870407104492 38.75008010864258)
2736_717,3845_20260101_170_0_5,170_0,0,38.750221252441406,-9.13737964630127,8,IN_TRANSIT_TO,2026-03-19 08:56:52,11205,2736,AG-47-EI,POINT (-9.13737964630127 38.750221252441406)
577_25E,14263_20260101_79_0_5,79_0,1,38.70127868652344,-9.180649757385254,0,IN_TRANSIT_TO,2026-03-19 08:56:34,,577,,POINT (-9.180649757385254 38.70127868652344)
1758_717,3844_20260101_170_0_5,170_0,0,38.77859878540039,-9.148920059204102,25,IN_TRANSIT_TO,2026-03-19 08:56:56,11509,1758,34-HU-24,POINT (-9.148920059204102 38.77859878540039)
4648_728,4708_20260101_204_0_2,204_0,0,38.701171875,-9.176650047302246,13,IN_TRANSIT_TO,2026-03-19 08:56:51,9501,4648,98-JO-47,POINT (-9.176650047302246 38.701171875)
4627_755,6654_20260101_118_0_5,118_0,1,38.75566864013672,-9.148920059204102,8,IN_TRANSIT_TO,2026-03-19 08:56:51,5712,4627,11-JM-76,POINT (-9.148920059204102 38.75566864013672)
2296_724,4204_20260101_178_0_7,178_0,0,38.71887969970703,-9.184820175170898,5,IN_TRANSIT_TO,2026-03-19 08:56:49,11805,2296,92-51-ZM,POINT (-9.184820175170898 38.71887969970703)
-9991_728,4744_20260101_204_0_2,204_0,0,38.712318420410156,-9.21006965637207,1,IN_TRANSIT_TO,2026-03-19 08:42:12,12409,-9991,KIT TESTE 1,POINT (-9.21006965637207 38.712318420410156)
555_18E,12202_20260101_78_0_3,78_0,0,38.70634841918945,-9.148799896240234,18,IN_TRANSIT_TO,2026-03-19 08:56:41,10302,555,,POINT (-9.148799896240234 38.70634841918945)
2617_782,7766_20260101_152_0_4,152_0,1,38.74436950683594,-9.102250099182129,12,IN_TRANSIT_TO,2026-03-19 08:56:57,2207,2617,66-VI-28,POINT (-9.102250099182129 38.74436950683594)
4612_750,6305_20260101_106_0_2,106_0,1,38.747398376464844,-9.189970016479492,17,IN_TRANSIT_TO,2026-03-19 08:56:55,10803,4612,96-GL-89,POINT (-9.189970016479492 38.747398376464844)
2786_714,3712_20260101_102_0_1,102_0,1,38.697349548339844,-9.203479766845703,21,IN_TRANSIT_TO,2026-03-19 08:56:54,9609,2786,AI-52-TL,POINT (-9.203479766845703 38.697349548339844)
2772_748,6132_20260101_169_0_5,169_0,0,38.71487045288086,-9.22803020477295,8,IN_TRANSIT_TO,2026-03-19 08:56:53,14308,2772,AH-24-ND,POINT (-9.22803020477295 38.71487045288086)
2639_781,7748_20260101_151_0_4,151_0,0,38.74673080444336,-9.099969863891602,10,IN_TRANSIT_TO,2026-03-19 08:56:52,12501,2639,75-VS-47,POINT (-9.099969863891602 38.74673080444336)
2628_705,3195_20260101_176_0_4,176_0,0,38.77714920043945,-9.115949630737305,8,IN_TRANSIT_TO,2026-03-19 08:56:55,12307,2628,52-VP-82,POINT (-9.115949630737305 38.77714920043945)
2796_727,4528_20260101_103_0_3,103_0,1,38.723270416259766,-9.151100158691406,35,IN_TRANSIT_TO,2026-03-19 08:56:50,6809,2796,AJ-59-LI,POINT (-9.151100158691406 38.723270416259766)
4613_728,4669_20260101_204_0_4,204_0,0,38.73970031738281,-9.102879524230957,32,IN_TRANSIT_TO,2026-03-19 08:57:03,12509,4613,22-GP-48,POINT (-9.102879524230957 38.73970031738281)
2665_723,63530_20260101_121_0_3,121_0,1,38.716880798339844,-9.210180282592773,12,IN_TRANSIT_TO,2026-03-19 08:56:56,10404,2665,87-XB-33,POINT (-9.210180282592773 38.716880798339844)
2616_781,7765_20260101_151_0_4,151_0,1,38.73712921142578,-9.102700233459473,22,IN_TRANSIT_TO,2026-03-19 08:56:51,12512,2616,66-VI-44,POINT (-9.102700233459473 38.73712921142578)
6023_760,7090_20260101_171_0_5,171_0,0,38.703521728515625,-9.167730331420898,15,IN_TRANSIT_TO,2026-03-19 08:57:03,3906,6023,BF-03-BD,POINT (-9.167730331420898 38.703521728515625)
2784_727,4485_20260101_103_0_4,103_0,0,38.74571990966797,-9.138299942016602,2,IN_TRANSIT_TO,2026-03-19 08:56:59,11211,2784,AI-09-BT,POINT (-9.138299942016602 38.74571990966797)
2750_756,6748_20260101_175_0_7,175_0,1,38.73833084106445,-9.154450416564941,12,IN_TRANSIT_TO,2026-03-19 08:57:02,1504,2750,AG-10-TH,POINT (-9.154450416564941 38.73833084106445)
6048_767,7281_20260101_112_0_2,112_0,1,38.74977111816406,-9.191149711608887,16,IN_TRANSIT_TO,2026-03-19 08:56:41,10807,6048,BH-46-IR,POINT (-9.191149711608887 38.74977111816406)
218_773,20155_20260101_124_0_8,124_0,1,38.71192932128906,-9.164270401000977,9,IN_TRANSIT_TO,2026-03-19 08:56:51,10108,218,11-13-XO,POINT (-9.164270401000977 38.71192932128906)
262_24E,17842_20260101_213_0_7,213_0,1,38.71662902832031,-9.148280143737793,6,IN_TRANSIT_TO,2026-03-19 08:56:30,10608,262,AF-49-ZD,POINT (-9.148280143737793 38.71662902832031)
2637_759,6949_20260101_144_0_4,144_0,1,38.751380920410156,-9.1139497756958,22,IN_TRANSIT_TO,2026-03-19 08:56:52,24375,2637,87-VS-51,POINT (-9.1139497756958 38.751380920410156)
6050_778,18640_20260101_179_0_8,179_0,1,38.75238037109375,-9.18947982788086,0,IN_TRANSIT_TO,2026-03-19 08:56:56,,6050,BH-62-IR,POINT (-9.18947982788086 38.75238037109375)
2754_755,6682_20260101_118_0_4,118_0,0,38.75640106201172,-9.14568042755127,33,IN_TRANSIT_TO,2026-03-19 08:56:54,103,2754,AG-01-TH,POINT (-9.14568042755127 38.75640106201172)
608_15E,11238_20260101_76_0_3,76_0,0,38.706329345703125,-9.147080421447754,4,IN_TRANSIT_TO,2026-03-19 08:56:49,3802,608,,POINT (-9.147080421447754 38.706329345703125)
2255_758,6869_20260101_150_0_6,150_0,1,38.73731994628906,-9.16825008392334,15,IN_TRANSIT_TO,2026-03-19 08:56:54,2712,2255,80-54-ZE,POINT (-9.16825008392334 38.73731994628906)
2491_767,7223_20260101_112_0_2,112_0,1,38.746971130371094,-9.140800476074219,35,IN_TRANSIT_TO,2026-03-19 08:56:46,202,2491,54-BH-98,POINT (-9.140800476074219 38.746971130371094)
2682_711,3454_20260101_101_0_5,101_0,1,38.75267028808594,-9.208849906921387,6,IN_TRANSIT_TO,2026-03-19 08:57:03,3003,2682,93-XA-42,POINT (-9.208849906921387 38.75267028808594)
2210_742,5783_20260101_114_0_4,114_0,1,38.71086883544922,-9.19336986541748,8,IN_TRANSIT_TO,2026-03-19 08:56:39,10307,2210,01-66-XO,POINT (-9.19336986541748 38.71086883544922)
231_41B,19375_20260101_232_0_5,232_0,1,38.7801513671875,-9.148280143737793,16,IN_TRANSIT_TO,2026-03-19 08:52:55,6018,231,84-47-XQ,POINT (-9.148280143737793 38.7801513671875)
2238_758,6831_20260101_150_0_4,150_0,0,38.71648025512695,-9.148130416870117,6,IN_TRANSIT_TO,2026-03-19 08:56:40,10605,2238,06-29-XX,POINT (-9.148130416870117 38.71648025512695)
2658_793,7973_20260101_145_0_6,145_0,1,38.74066925048828,-9.122650146484375,7,IN_TRANSIT_TO,2026-03-19 08:56:59,8913,2658,05-VZ-71,POINT (-9.122650146484375 38.74066925048828)
2430_778,18644_20260101_179_0_4,179_0,0,38.770599365234375,-9.170319557189941,13,IN_TRANSIT_TO,2026-03-19 08:56:51,50095,2430,29-AX-12,POINT (-9.170319557189941 38.770599365234375)
2966_737,5475_20260101_173_0_1,173_0,0,38.71392822265625,-9.138030052185059,5,IN_TRANSIT_TO,2026-03-19 08:56:34,13807,2966,30-VM-20,POINT (-9.138030052185059 38.71392822265625)
4827_736,18816_20260101_199_0_4,199_0,1,38.74858093261719,-9.148819923400879,18,IN_TRANSIT_TO,2026-03-19 08:56:45,2006,4827,34-VR-15,POINT (-9.148819923400879 38.74858093261719)
2311_714,3649_20260101_102_0_3,102_0,0,38.72397994995117,-9.228269577026367,40,IN_TRANSIT_TO,2026-03-19 08:56:54,18602,2311,72-23-XN,POINT (-9.228269577026367 38.72397994995117)
4616_728,4601_20260101_204_0_3,204_0,1,38.71017074584961,-9.128179550170898,30,IN_TRANSIT_TO,2026-03-19 08:56:43,8204,4616,22-GP-50,POINT (-9.128179550170898 38.71017074584961)
2664_764,7135_20260101_168_0_5,168_0,0,38.747779846191406,-9.189749717712402,17,IN_TRANSIT_TO,2026-03-19 08:56:48,10803,2664,05-VZ-68,POINT (-9.189749717712402 38.747779846191406)
2286_726,4350_20260101_116_0_3,116_0,0,38.76607894897461,-9.199250221252441,30,IN_TRANSIT_TO,2026-03-19 08:56:34,13910,2286,67-42-ZJ,POINT (-9.199250221252441 38.76607894897461)
6002_703,3149_20260101_165_0_4,165_0,1,38.75981903076172,-9.179630279541016,13,IN_TRANSIT_TO,2026-03-19 08:56:56,12827,6002,98-XU-85,POINT (-9.179630279541016 38.75981903076172)
6037_760,7103_20260101_171_0_6,171_0,0,38.72615051269531,-9.140700340270996,0,IN_TRANSIT_TO,2026-03-19 08:56:36,,6037,BG-37-LT,POINT (-9.140700340270996 38.72615051269531)
2798_723,4183_20260101_121_0_4,121_0,1,38.72494888305664,-9.153949737548828,28,IN_TRANSIT_TO,2026-03-19 08:57:01,1224,2798,AJ-56-LI,POINT (-9.153949737548828 38.72494888305664)
2610_744,5849_20260101_200_0_3,200_0,1,38.7669792175293,-9.128649711608887,14,IN_TRANSIT_TO,2026-03-19 08:56:48,50592,2610,66-VI-20,POINT (-9.128649711608887 38.7669792175293)
2748_720,4100_20260101_143_0_6,143_0,1,38.7081184387207,-9.167369842529297,8,IN_TRANSIT_TO,2026-03-19 08:56:55,10205,2748,AG-96-TG,POINT (-9.167369842529297 38.7081184387207)
2977_799,8230_20260101_120_0_5,120_0,0,38.73870086669922,-9.224349975585938,22,IN_TRANSIT_TO,2026-03-19 08:57:01,18124,2977,30-VM-21,POINT (-9.224349975585938 38.73870086669922)
2420_767,7305_20260101_112_0_3,112_0,0,38.7505989074707,-9.197380065917969,32,IN_TRANSIT_TO,2026-03-19 08:56:49,10802,2420,29-AU-15,POINT (-9.197380065917969 38.7505989074707)
1717_701,2987_20260101_123_0_8,123_0,0,38.74481964111328,-9.168829917907715,18,IN_TRANSIT_TO,2026-03-19 08:56:48,12708,1717,69-AL-80,POINT (-9.168829917907715 38.74481964111328)
2824_753,6569_20260101_167_0_5,167_0,0,38.68402099609375,-9.17593002319336,7,IN_TRANSIT_TO,2026-03-19 08:56:55,8607,2824,BF-67-FZ,POINT (-9.17593002319336 38.68402099609375)
1778_717,3781_20260101_170_0_3,170_0,1,38.77410125732422,-9.160429954528809,20,IN_TRANSIT_TO,2026-03-19 08:56:56,50163,1778,63-HX-30,POINT (-9.160429954528809 38.77410125732422)
1742_742,5687_20260101_114_0_5,114_0,0,38.704349517822266,-9.189430236816406,44,IN_TRANSIT_TO,2026-03-19 08:55:42,12006,1742,91-HR-99,POINT (-9.189430236816406 38.704349517822266)
4833_736,5359_20260101_199_0_5,199_0,0,38.785770416259766,-9.173150062561035,26,IN_TRANSIT_TO,2026-03-19 08:57:02,7211,4833,20-VQ-65,POINT (-9.173150062561035 38.785770416259766)
278_67B,28217_20260101_253_0_3,253_0,0,38.71207809448242,-9.174869537353516,10,IN_TRANSIT_TO,2026-03-19 08:56:52,50528,278,AI-39-FG,POINT (-9.174869537353516 38.71207809448242)
281_65B,35087_20260101_250_0_1,250_0,0,38.7193489074707,-9.165749549865723,5,IN_TRANSIT_TO,2026-03-19 08:56:52,50483,281,AI-48-OJ,POINT (-9.165749549865723 38.7193489074707)
1723_708,3333_20260101_100_0_4,100_0,1,38.77605056762695,-9.09512996673584,12,IN_TRANSIT_TO,2026-03-19 08:57:02,50123,1723,25-AS-35,POINT (-9.09512996673584 38.77605056762695)
1714_701,2960_20260101_123_0_3,123_0,1,38.752498626708984,-9.167730331420898,21,IN_TRANSIT_TO,2026-03-19 08:56:33,50462,1714,69-AL-77,POINT (-9.167730331420898 38.752498626708984)
2660_759,6987_20260101_144_0_5,144_0,0,38.71501922607422,-9.120880126953125,7,IN_TRANSIT_TO,2026-03-19 08:56:57,2111,2660,05-VZ-60,POINT (-9.120880126953125 38.71501922607422)
2668_751,6514_20260101_109_0_5,109_0,0,38.71508026123047,-9.231730461120605,32,IN_TRANSIT_TO,2026-03-19 08:56:56,50059,2668,87-XB-36,POINT (-9.231730461120605 38.71508026123047)
4639_736,18817_20260101_199_0_6,199_0,1,38.76539993286133,-9.157299995422363,13,IN_TRANSIT_TO,2026-03-19 08:56:43,5814,4639,27-JO-13,POINT (-9.157299995422363 38.76539993286133)
2704_714,3627_20260101_102_0_6,102_0,1,38.70983123779297,-9.215330123901367,14,IN_TRANSIT_TO,2026-03-19 08:56:55,12407,2704,92-XQ-18,POINT (-9.215330123901367 38.70983123779297)
2482_747,6079_20260101_177_0_5,177_0,0,38.766021728515625,-9.182829856872559,12,IN_TRANSIT_TO,2026-03-19 08:56:57,12810,2482,55-BH-02,POINT (-9.182829856872559 38.766021728515625)
2674_709,3401_20260101_148_0_9,148_0,1,38.718971252441406,-9.15625,6,IN_TRANSIT_TO,2026-03-19 08:56:52,6803,2674,87-XB-38,POINT (-9.15625 38.718971252441406)
2685_714,3697_20260101_102_0_5,102_0,0,38.70465087890625,-9.162429809570312,7,IN_TRANSIT_TO,2026-03-19 08:56:52,3908,2685,93-XA-46,POINT (-9.162429809570312 38.70465087890625)
1708_735,5275_20260101_172_0_4,172_0,1,38.732879638671875,-9.131019592285156,15,IN_TRANSIT_TO,2026-03-19 08:56:54,504,1708,69-AL-71,POINT (-9.131019592285156 38.732879638671875)
2459_729,4825_20260101_104_0_2,104_0,1,38.748878479003906,-9.192729949951172,31,IN_TRANSIT_TO,2026-03-19 08:57:01,10835,2459,74-BC-74,POINT (-9.192729949951172 38.748878479003906)
265_734,5150_20260101_205_0_5,205_0,1,38.71575164794922,-9.129130363464355,5,IN_TRANSIT_TO,2026-03-19 08:56:47,14801,265,AG-40-OV,POINT (-9.129130363464355 38.71575164794922)
4614_728,4621_20260101_204_0_5,204_0,1,38.74810028076172,-9.096920013427734,17,IN_TRANSIT_TO,2026-03-19 08:56:35,2203,4614,96-GL-90,POINT (-9.096920013427734 38.74810028076172)
4811_751,6526_20260101_109_4_3,109_4,0,38.70262145996094,-9.180319786071777,9,IN_TRANSIT_TO,2026-03-19 08:56:55,12121,4811,34-VR-20,POINT (-9.180319786071777 38.70262145996094)
4838_736,5431_20260101_199_0_4,199_0,1,38.74290084838867,-9.147130012512207,20,IN_TRANSIT_TO,2026-03-19 08:56:55,2019,4838,34-VR-22,POINT (-9.147130012512207 38.74290084838867)
2702_711,3517_20260101_101_0_4,101_0,1,38.72412109375,-9.181229591369629,25,IN_TRANSIT_TO,2026-03-19 08:56:49,50324,2702,92-XQ-21,POINT (-9.181229591369629 38.72412109375)
2300_742,5666_20260101_114_0_3,114_0,0,38.71192169189453,-9.195429801940918,57,IN_TRANSIT_TO,2026-03-19 08:56:13,50140,2300,83-13-ZM,POINT (-9.195429801940918 38.71192169189453)
411_734,5139_20260101_205_0_5,205_0,0,38.7159309387207,-9.135769844055176,0,IN_TRANSIT_TO,2026-03-19 08:57:02,,411,BF-51-TD,POINT (-9.135769844055176 38.7159309387207)
4603_728,4706_20260101_204_0_4,204_0,0,38.70624923706055,-9.14501953125,19,IN_TRANSIT_TO,2026-03-19 08:56:49,3803,4603,96-GL-81,POINT (-9.14501953125 38.70624923706055)
2659_793,7994_20260101_145_0_6,145_0,0,38.73883056640625,-9.125829696655273,24,IN_TRANSIT_TO,2026-03-19 08:56:53,8912,2659,05-VZ-57,POINT (-9.125829696655273 38.73883056640625)
2427_747,6110_20260101_177_0_6,177_0,0,38.760929107666016,-9.157219886779785,2,IN_TRANSIT_TO,2026-03-19 08:56:51,5807,2427,29-AX-14,POINT (-9.157219886779785 38.760929107666016)
4802_751,6506_20260101_109_0_5,109_0,1,38.70682907104492,-9.17632007598877,25,IN_TRANSIT_TO,2026-03-19 08:56:58,12105,4802,77-VP-17,POINT (-9.17632007598877 38.70682907104492)
4632_796,8140_20260101_174_0_12,174_0,1,38.768619537353516,-9.158650398254395,13,IN_TRANSIT_TO,2026-03-19 08:56:27,5904,4632,98-JO-43,POINT (-9.158650398254395 38.768619537353516)
1766_717,3781_20260101_170_0_13,170_0,1,38.78731918334961,-9.142919540405273,8,IN_TRANSIT_TO,2026-02-27 19:43:32,6003,1766,63-HX-33,POINT (-9.142919540405273 38.78731918334961)
2256_799,8222_20260101_120_0_3,120_0,1,38.74386978149414,-9.205519676208496,15,IN_TRANSIT_TO,2026-03-19 08:56:36,8811,2256,80-53-ZE,POINT (-9.205519676208496 38.74386978149414)
1745_720,4087_20260101_143_0_7,143_0,0,38.73870086669922,-9.120519638061523,0,IN_TRANSIT_TO,2026-03-19 08:56:54,,1745,92-HR-02,POINT (-9.120519638061523 38.73870086669922)
4828_736,5379_20260101_199_0_3,199_0,0,38.7711296081543,-9.160200119018555,18,IN_TRANSIT_TO,2026-03-19 08:56:54,5903,4828,20-VQ-64,POINT (-9.160200119018555 38.7711296081543)
4645_728,4629_20260101_204_0_3,204_0,1,38.761749267578125,-9.098569869995117,11,IN_TRANSIT_TO,2026-03-19 08:56:34,2401,4645,98-JO-46,POINT (-9.098569869995117 38.761749267578125)
2700_738,5512_20260101_117_0_4,117_0,1,38.722320556640625,-9.151769638061523,15,IN_TRANSIT_TO,2026-03-19 08:57:01,6809,2700,92-XQ-26,POINT (-9.151769638061523 38.722320556640625)
580_28E,14946_20260101_75_0_3,75_0,1,38.71187973022461,-9.154080390930176,8,IN_TRANSIT_TO,2026-03-19 08:55:02,6721,580,,POINT (-9.154080390930176 38.71187973022461)
2759_742,5751_20260101_114_0_3,114_0,1,38.727569580078125,-9.11952018737793,47,IN_TRANSIT_TO,2026-03-19 08:56:56,11704,2759,AH-21-ND,POINT (-9.11952018737793 38.727569580078125)
2455_726,4286_20260101_116_0_5,116_0,0,38.737300872802734,-9.144980430603027,10,IN_TRANSIT_TO,2026-03-19 08:56:44,11118,2455,16-AZ-12,POINT (-9.144980430603027 38.737300872802734)
2991_702,3053_20260101_146_0_14,146_0,1,38.7309684753418,-9.168450355529785,4,IN_TRANSIT_TO,2026-03-19 08:56:50,2706,2991,29-VM-89,POINT (-9.168450355529785 38.7309684753418)
2703_713,3612_20260101_122_0_6,122_0,1,38.72941970825195,-9.15861988067627,29,IN_TRANSIT_TO,2026-03-19 08:56:59,6116,2703,92-XQ-24,POINT (-9.15861988067627 38.72941970825195)
2771_746,5964_20260101_108_0_6,108_0,1,38.74597930908203,-9.182229995727539,10,IN_TRANSIT_TO,2026-03-19 08:57:02,10829,2771,AH-20-ND,POINT (-9.182229995727539 38.74597930908203)
2437_729,4757_20260101_104_0_4,104_0,0,38.698970794677734,-9.226329803466797,39,IN_TRANSIT_TO,2026-03-19 08:56:34,4208,2437,29-AX-09,POINT (-9.226329803466797 38.698970794677734)
2264_758,6770_20260101_150_0_5,150_0,0,38.7489013671875,-9.19102954864502,26,IN_TRANSIT_TO,2026-03-19 08:57:01,10814,2264,76-90-ZG,POINT (-9.19102954864502 38.7489013671875)
2240_763,46424_20260101_282_0_11,282_0,0,38.76512908935547,-9.198929786682129,17,IN_TRANSIT_TO,2026-03-03 12:39:22,13909,2240,06-31-XX,POINT (-9.198929786682129 38.76512908935547)
2766_742,5676_20260101_114_0_2,114_0,0,38.706321716308594,-9.196419715881348,49,IN_TRANSIT_TO,2026-03-19 08:56:37,13312,2766,AH-40-ND,POINT (-9.196419715881348 38.706321716308594)
2483_726,4264_20260101_116_0_5,116_0,0,38.7530517578125,-9.174249649047852,21,IN_TRANSIT_TO,2026-03-19 08:56:54,12711,2483,74-BC-66,POINT (-9.174249649047852 38.7530517578125)
2346_763,49570_20260101_282_0_7,282_0,0,38.774269104003906,-9.159500122070312,4,IN_TRANSIT_TO,2026-03-19 08:56:57,50163,2346,62-93-ZG,POINT (-9.159500122070312 38.774269104003906)
6003_732,5044_20260101_107_0_3,107_0,0,38.705299377441406,-9.2050199508667,37,IN_TRANSIT_TO,2026-03-19 08:56:56,13110,6003,82-ZC-02,POINT (-9.2050199508667 38.705299377441406)
2773_746,5958_20260101_108_0_6,108_0,1,38.73550033569336,-9.154680252075195,20,IN_TRANSIT_TO,2026-03-19 08:56:49,1502,2773,AH-39-ND,POINT (-9.154680252075195 38.73550033569336)
2776_712,3549_20260101_189_0_4,189_0,1,38.727699279785156,-9.128230094909668,25,IN_TRANSIT_TO,2026-03-19 08:56:59,9107,2776,AI-07-BT,POINT (-9.128230094909668 38.727699279785156)
2778_746,5977_20260101_108_0_8,108_0,1,38.75136947631836,-9.203269958496094,4,IN_TRANSIT_TO,2026-03-19 08:56:56,10901,2778,AI-03-BT,POINT (-9.203269958496094 38.75136947631836)
6028_706,3251_20260101_147_0_5,147_0,1,38.7277717590332,-9.123800277709961,8,IN_TRANSIT_TO,2026-03-19 08:56:55,11707,6028,BF-68-AX,POINT (-9.123800277709961 38.7277717590332)
2451_729,4810_20260101_104_0_3,104_0,0,38.76533126831055,-9.198399543762207,5,IN_TRANSIT_TO,2026-03-19 08:56:45,14111,2451,75-AQ-16,POINT (-9.198399543762207 38.76533126831055)
2419_716,3753_20260101_164_0_7,164_0,0,38.74011993408203,-9.167369842529297,11,IN_TRANSIT_TO,2026-03-19 08:56:30,1601,2419,92-AO-55,POINT (-9.167369842529297 38.74011993408203)
4643_728,4698_20260101_204_0_2,204_0,0,38.75822067260742,-9.096429824829102,39,IN_TRANSIT_TO,2026-03-19 08:56:33,50315,4643,98-JO-45,POINT (-9.096429824829102 38.75822067260742)
2941_29B,17524_20260101_209_0_5,209_0,0,38.758331298828125,-9.10575008392334,4,IN_TRANSIT_TO,2026-03-19 08:56:33,8440,2941,51-GL-81,POINT (-9.10575008392334 38.758331298828125)
560_28E,14986_20260101_75_0_4,75_0,0,38.71432876586914,-9.169349670410156,34,IN_TRANSIT_TO,2026-03-19 08:56:44,8017,560,,POINT (-9.169349670410156 38.71432876586914)
2779_723,4186_20260101_121_0_4,121_0,1,38.7224006652832,-9.170450210571289,25,IN_TRANSIT_TO,2026-03-19 08:56:47,50324,2779,AI-02-BT,POINT (-9.170450210571289 38.7224006652832)
2844_751,6523_20260101_109_0_5,109_0,0,38.73125076293945,-9.168479919433594,0,IN_TRANSIT_TO,2026-03-19 08:56:58,,2844,BF-73-FZ,POINT (-9.168479919433594 38.73125076293945)
2481_729,4801_20260101_104_0_4,104_0,0,38.74985122680664,-9.191399574279785,11,IN_TRANSIT_TO,2026-03-19 08:56:42,10804,2481,54-BH-99,POINT (-9.191399574279785 38.74985122680664)
271_776,7489_20260101_193_0_11,193_0,1,38.70018005371094,-9.240429878234863,8,IN_TRANSIT_TO,2026-03-19 08:56:57,14905,271,AH-27-IN,POINT (-9.240429878234863 38.70018005371094)
4615_728,4609_20260101_204_0_7,204_0,1,38.73725128173828,-9.102669715881348,21,IN_TRANSIT_TO,2026-03-10 11:35:31,12510,4615,22-GP-49,POINT (-9.102669715881348 38.73725128173828)
2347_768,7335_20260101_111_0_6,111_0,1,38.769779205322266,-9.194849967956543,5,IN_TRANSIT_TO,2026-03-19 08:56:49,14101,2347,53-61-ZJ,POINT (-9.194849967956543 38.769779205322266)
2676_738,5553_20260101_117_0_3,117_0,0,38.71586990356445,-9.159299850463867,25,IN_TRANSIT_TO,2026-03-19 08:57:00,6802,2676,87-XB-40,POINT (-9.159299850463867 38.71586990356445)
2216_735,5267_20260101_172_0_4,172_0,1,38.72492980957031,-9.128520011901855,25,IN_TRANSIT_TO,2026-03-19 08:56:51,7014,2216,08-00-XS,POINT (-9.128520011901855 38.72492980957031)
4618_750,6421_20260101_106_0_4,106_0,1,38.76641845703125,-9.10398006439209,37,IN_TRANSIT_TO,2026-03-19 08:56:54,2313,4618,22-GP-52,POINT (-9.10398006439209 38.76641845703125)
1703_742,5737_20260101_114_0_3,114_0,0,38.72624969482422,-9.118829727172852,11,IN_TRANSIT_TO,2026-03-19 08:56:30,9802,1703,35-AL-13,POINT (-9.118829727172852 38.72624969482422)
2221_742,5698_20260101_114_0_4,114_0,0,38.706520080566406,-9.173450469970703,37,IN_TRANSIT_TO,2026-03-19 08:56:34,9403,2221,07-95-XS,POINT (-9.173450469970703 38.706520080566406)
2756_717,3879_20260101_170_0_5,170_0,1,38.753299713134766,-9.138279914855957,31,IN_TRANSIT_TO,2026-03-19 08:56:42,7411,2756,AH-27-ND,POINT (-9.138279914855957 38.753299713134766)
571_28E,14934_20260101_75_0_5,75_0,1,38.710880279541016,-9.145500183105469,12,IN_TRANSIT_TO,2026-03-19 08:55:31,10511,571,,POINT (-9.145500183105469 38.710880279541016)
551_28E,15024_20260101_75_0_4,75_0,0,38.70957946777344,-9.136980056762695,16,IN_TRANSIT_TO,2026-03-19 08:56:45,13802,551,,POINT (-9.136980056762695 38.70957946777344)
404_10B,21749_20260101_242_0_5,242_0,0,38.70886993408203,-9.133370399475098,0,IN_TRANSIT_TO,2026-03-19 08:55:21,,404,BF-14-TQ,POINT (-9.133370399475098 38.70886993408203)
552_28E,14972_20260101_75_0_5,75_0,1,38.710819244384766,-9.145350456237793,0,IN_TRANSIT_TO,2026-03-19 08:56:49,,552,,POINT (-9.145350456237793 38.710819244384766)
4609_753,20068_20260101_167_0_4,167_0,1,38.724029541015625,-9.161120414733887,3,IN_TRANSIT_TO,2026-03-19 08:56:58,8608,4609,96-GL-86,POINT (-9.161120414733887 38.724029541015625)
1772_717,3759_20260101_170_0_5,170_0,1,38.75654983520508,-9.146080017089844,27,IN_TRANSIT_TO,2026-03-19 08:57:00,5706,1772,63-HX-22,POINT (-9.146080017089844 38.75654983520508)
1780_755,6663_20260101_118_0_4,118_0,1,38.74633026123047,-9.16784954071045,3,IN_TRANSIT_TO,2026-03-19 08:56:31,12703,1780,63-HX-18,POINT (-9.16784954071045 38.74633026123047)
2830_753,6548_20260101_167_0_8,167_0,1,38.7239990234375,-9.161319732666016,3,IN_TRANSIT_TO,2026-03-19 08:56:54,8608,2830,BF-57-FZ,POINT (-9.161319732666016 38.7239990234375)
2633_722,4121_20260101_196_0_4,196_0,0,38.7442512512207,-9.131779670715332,14,IN_TRANSIT_TO,2026-03-19 08:56:57,317,2633,52-VP-79,POINT (-9.131779670715332 38.7442512512207)
2232_731,4996_20260101_190_0_4,190_0,1,38.79035186767578,-9.109970092773438,2,IN_TRANSIT_TO,2026-03-19 08:56:50,50580,2232,06-23-XX,POINT (-9.109970092773438 38.79035186767578)
566_25E,14260_20260101_79_0_5,79_0,1,38.70817184448242,-9.13677978515625,17,IN_TRANSIT_TO,2026-03-19 08:56:39,3823,566,,POINT (-9.13677978515625 38.70817184448242)
614_15E,11303_20260101_76_0_4,76_0,1,38.697479248046875,-9.195150375366211,8,IN_TRANSIT_TO,2026-03-19 08:56:50,4113,614,,POINT (-9.195150375366211 38.697479248046875)
2695_711,3484_20260101_101_0_3,101_0,0,38.72563171386719,-9.190580368041992,10,IN_TRANSIT_TO,2026-03-19 08:56:57,8607,2695,90-XF-50,POINT (-9.190580368041992 38.72563171386719)
601_15E,11212_20260101_76_0_5,76_0,0,38.6975212097168,-9.193079948425293,14,IN_TRANSIT_TO,2026-03-19 08:57:01,9508,601,,POINT (-9.193079948425293 38.6975212097168)
2965_702,3075_20260101_146_0_7,146_0,0,38.7258186340332,-9.157429695129395,2,IN_TRANSIT_TO,2026-03-19 08:56:54,6127,2965,29-VM-97,POINT (-9.157429695129395 38.7258186340332)
2477_729,4788_20260101_104_0_4,104_0,0,38.73659896850586,-9.201780319213867,19,IN_TRANSIT_TO,2026-03-19 08:56:33,2810,2477,91-BE-73,POINT (-9.201780319213867 38.73659896850586)
2291_724,4236_20260101_178_0_6,178_0,1,38.76118087768555,-9.196629524230957,2,IN_TRANSIT_TO,2026-03-19 08:56:44,13911,2291,92-56-ZM,POINT (-9.196629524230957 38.76118087768555)
272_61B,21530_20260101_241_0_5,241_0,0,38.73173141479492,-9.173930168151855,17,IN_TRANSIT_TO,2026-03-19 08:56:51,50085,272,AH-26-IN,POINT (-9.173930168151855 38.73173141479492)
2742_735,5232_20260101_172_0_4,172_0,1,38.70792007446289,-9.1385498046875,36,IN_TRANSIT_TO,2026-03-19 08:56:58,5504,2742,AG-94-TG,POINT (-9.1385498046875 38.70792007446289)
2254_758,6885_20260101_150_0_6,150_0,1,38.75217056274414,-9.205519676208496,3,IN_TRANSIT_TO,2026-03-19 08:56:43,10901,2254,80-51-ZE,POINT (-9.205519676208496 38.75217056274414)
6005_706,3202_20260101_147_0_3,147_0,1,38.70627975463867,-9.145500183105469,33,IN_TRANSIT_TO,2026-03-19 08:56:03,7101,6005,81-ZC-91,POINT (-9.145500183105469 38.70627975463867)
2734_717,3800_20260101_170_0_6,170_0,1,38.79072952270508,-9.150699615478516,6,IN_TRANSIT_TO,2026-03-19 08:56:59,11601,2734,AG-50-EI,POINT (-9.150699615478516 38.79072952270508)
545_18E,12182_20260101_78_0_7,78_0,0,38.70457077026367,-9.178150177001953,7,IN_TRANSIT_TO,2026-03-19 08:56:38,12116,545,,POINT (-9.178150177001953 38.70457077026367)
6036_765,7179_20260101_110_0_8,110_0,1,38.75457000732422,-9.196470260620117,8,IN_TRANSIT_TO,2026-03-19 08:56:55,10909,6036,BG-90-LX,POINT (-9.196470260620117 38.75457000732422)
2442_703,3124_20260101_165_0_4,165_0,1,38.779518127441406,-9.151280403137207,32,IN_TRANSIT_TO,2026-03-19 08:56:39,6020,2442,29-AX-06,POINT (-9.151280403137207 38.779518127441406)
2690_738,5535_20260101_117_0_3,117_0,1,38.70441818237305,-9.175069808959961,5,IN_TRANSIT_TO,2026-03-19 08:57:01,12101,2690,99-XE-57,POINT (-9.175069808959961 38.70441818237305)
2818_723,63529_20260101_121_0_4,121_0,1,38.71369934082031,-9.197750091552734,17,IN_TRANSIT_TO,2026-03-19 08:56:42,12923,2818,90-II-58,POINT (-9.197750091552734 38.71369934082031)
603_15E,11280_20260101_76_0_6,76_0,1,38.70384979248047,-9.172499656677246,15,IN_TRANSIT_TO,2026-03-19 08:56:42,4001,603,,POINT (-9.172499656677246 38.70384979248047)
2686_714,3689_20260101_102_0_3,102_0,0,38.69768142700195,-9.192529678344727,17,IN_TRANSIT_TO,2026-03-19 08:56:58,9508,2686,99-XE-58,POINT (-9.192529678344727 38.69768142700195)
2813_727,4545_20260101_103_0_9,103_0,0,38.710201263427734,-9.210949897766113,45,IN_TRANSIT_TO,2026-03-19 08:56:37,50192,2813,90-II-53,POINT (-9.210949897766113 38.710201263427734)
1718_701,2988_20260101_123_0_4,123_0,0,38.7559814453125,-9.169770240783691,12,IN_TRANSIT_TO,2026-03-19 08:56:38,13621,1718,69-AL-81,POINT (-9.169770240783691 38.7559814453125)
2757_720,4044_20260101_143_0_5,143_0,0,38.702518463134766,-9.180970191955566,27,IN_TRANSIT_TO,2026-03-19 08:56:53,12112,2757,AH-32-ND,POINT (-9.180970191955566 38.702518463134766)
4806_728,4581_20260101_204_0_5,204_0,1,38.70262908935547,-9.206379890441895,45,IN_TRANSIT_TO,2026-03-19 08:56:49,9606,4806,20-VQ-74,POINT (-9.206379890441895 38.70262908935547)
2981_797,8172_20260101_163_0_6,163_0,1,38.72853088378906,-9.131019592285156,4,IN_TRANSIT_TO,2026-03-19 08:56:09,7005,2981,29-VM-86,POINT (-9.131019592285156 38.72853088378906)
4803_753,18385_20260101_167_0_2,167_0,1,38.72801971435547,-9.145119667053223,8,IN_TRANSIT_TO,2026-03-19 08:56:52,6601,4803,77-VP-16,POINT (-9.145119667053223 38.72801971435547)
2453_703,3109_20260101_165_0_2,165_0,1,38.78152847290039,-9.147729873657227,33,IN_TRANSIT_TO,2026-03-19 08:56:55,6018,2453,16-AZ-13,POINT (-9.147729873657227 38.78152847290039)
2679_723,4168_20260101_121_0_5,121_0,0,38.71372985839844,-9.195280075073242,16,IN_TRANSIT_TO,2026-03-19 08:56:49,10315,2679,93-XA-34,POINT (-9.195280075073242 38.71372985839844)
2807_713,3614_20260101_122_0_2,122_0,1,38.713871002197266,-9.160530090332031,19,IN_TRANSIT_TO,2026-03-19 08:56:58,6718,2807,01-IH-96,POINT (-9.160530090332031 38.713871002197266)
2842_751,6476_20260101_109_0_8,109_0,1,38.70077896118164,-9.221650123596191,12,IN_TRANSIT_TO,2026-03-19 08:57:01,4204,2842,BF-56-FZ,POINT (-9.221650123596191 38.70077896118164)
2242_771,21928_20260101_248_0_4,248_0,1,38.740421295166016,-9.167369842529297,24,IN_TRANSIT_TO,2026-03-19 08:56:12,50472,2242,22-42-ZB,POINT (-9.167369842529297 38.740421295166016)
6026_760,7105_20260101_171_0_2,171_0,1,38.72195053100586,-9.139120101928711,38,IN_TRANSIT_TO,2026-03-19 08:57:00,9213,6026,BF-39-BB,POINT (-9.139120101928711 38.72195053100586)
4602_750,6290_20260101_106_0_4,106_0,1,38.75537109375,-9.149880409240723,26,IN_TRANSIT_TO,2026-03-19 08:56:29,5712,4602,96-GL-80,POINT (-9.149880409240723 38.75537109375)
2675_723,4182_20260101_121_0_5,121_0,0,38.721778869628906,-9.139019966125488,1,IN_TRANSIT_TO,2026-03-19 08:56:55,9209,2675,87-XB-35,POINT (-9.139019966125488 38.721778869628906)
2956_798,8198_20260101_194_0_7,194_0,0,38.7672004699707,-9.14976978302002,7,IN_TRANSIT_TO,2026-03-19 08:56:44,50154,2956,27-GU-71,POINT (-9.14976978302002 38.7672004699707)
2441_716,3718_20260101_164_0_8,164_0,1,38.735130310058594,-9.142569541931152,23,IN_TRANSIT_TO,2026-03-19 08:56:01,11101,2441,29-AX-07,POINT (-9.142569541931152 38.735130310058594)
4606_750,6335_20260101_106_0_4,106_0,1,38.739219665527344,-9.203080177307129,9,IN_TRANSIT_TO,2026-03-19 08:57:01,8807,4606,96-GL-83,POINT (-9.203080177307129 38.739219665527344)
2983_702,3030_20260101_146_0_8,146_0,1,38.72517013549805,-9.151800155639648,13,IN_TRANSIT_TO,2026-03-19 08:56:52,50197,2983,30-VM-08,POINT (-9.151800155639648 38.72517013549805)
2681_727,4536_20260101_103_0_3,103_0,1,38.70465087890625,-9.1673002243042,22,IN_TRANSIT_TO,2026-03-19 08:56:44,10209,2681,93-XA-41,POINT (-9.1673002243042 38.70465087890625)
2239_758,6860_20260101_150_0_4,150_0,1,38.734378814697266,-9.164770126342773,17,IN_TRANSIT_TO,2026-03-19 08:56:53,2710,2239,06-30-XX,POINT (-9.164770126342773 38.734378814697266)
2230_771,21940_20260101_248_0_5,248_0,1,38.7076301574707,-9.196220397949219,5,IN_TRANSIT_TO,2026-03-19 08:56:37,10302,2230,06-36-XX,POINT (-9.196220397949219 38.7076301574707)
4835_736,5388_20260101_199_0_5,199_0,0,38.760799407958984,-9.157170295715332,15,IN_TRANSIT_TO,2026-03-19 08:56:58,5807,4835,53-VR-06,POINT (-9.157170295715332 38.760799407958984)
2469_778,7534_20260101_179_0_4,179_0,1,38.770301818847656,-9.177129745483398,8,IN_TRANSIT_TO,2026-03-19 08:56:36,5937,2469,16-AZ-09,POINT (-9.177129745483398 38.770301818847656)
2838_751,6498_20260101_109_0_3,109_0,0,38.70212936401367,-9.218649864196777,20,IN_TRANSIT_TO,2026-03-19 08:56:54,9712,2838,BF-59-FZ,POINT (-9.218649864196777 38.70212936401367)
2723_793,8012_20260101_145_0_4,145_0,0,38.7347297668457,-9.112569808959961,6,IN_TRANSIT_TO,2026-03-19 08:56:30,17572,2723,92-XQ-43,POINT (-9.112569808959961 38.7347297668457)
2699_746,5986_20260101_108_0_5,108_0,0,38.749900817871094,-9.194849967956543,17,IN_TRANSIT_TO,2026-03-19 08:57:01,10814,2699,92-XQ-25,POINT (-9.194849967956543 38.749900817871094)
6004_706,3224_20260101_147_0_5,147_0,1,38.720001220703125,-9.155130386352539,24,IN_TRANSIT_TO,2026-03-19 08:56:23,6810,6004,82-ZC-35,POINT (-9.155130386352539 38.720001220703125)
275_734,5144_20260101_205_0_5,205_0,1,38.72121810913086,-9.135370254516602,13,IN_TRANSIT_TO,2026-03-19 08:56:36,704,275,AH-16-TB,POINT (-9.135370254516602 38.72121810913086)
2333_764,7142_20260101_168_0_6,168_0,0,38.74671936035156,-9.16781997680664,5,IN_TRANSIT_TO,2026-03-19 08:56:59,12704,2333,62-97-ZG,POINT (-9.16781997680664 38.74671936035156)
4647_750,6262_20260101_106_0_4,106_0,1,38.758628845214844,-9.157480239868164,24,IN_TRANSIT_TO,2026-03-19 08:56:43,5801,4647,02-JN-88,POINT (-9.157480239868164 38.758628845214844)
2716_705,3190_20260101_176_0_4,176_0,0,38.75910186767578,-9.130000114440918,19,IN_TRANSIT_TO,2026-03-19 08:57:02,7514,2716,92-XQ-27,POINT (-9.130000114440918 38.75910186767578)
609_15E,11186_20260101_76_0_4,76_0,1,38.69932174682617,-9.231180191040039,0,IN_TRANSIT_TO,2026-03-19 08:56:30,,609,,POINT (-9.231180191040039 38.69932174682617)
2245_765,18944_20260101_110_0_12,110_0,1,38.752601623535156,-9.209449768066406,0,IN_TRANSIT_TO,2026-03-19 08:56:35,,2245,22-35-ZB,POINT (-9.209449768066406 38.752601623535156)
4650_750,6417_20260101_106_0_3,106_0,1,38.76860046386719,-9.103630065917969,38,IN_TRANSIT_TO,2026-03-19 08:56:59,2315,4650,11-JM-80,POINT (-9.103630065917969 38.76860046386719)
2961_79B,18671_20260101_221_0_3,221_0,0,38.7122802734375,-9.211030006408691,22,IN_TRANSIT_TO,2026-03-19 08:56:54,12922,2961,26-VD-02,POINT (-9.211030006408691 38.7122802734375)
4819_751,6454_20260101_109_0_5,109_0,1,38.697330474853516,-9.20287036895752,18,IN_TRANSIT_TO,2026-03-19 08:56:32,9603,4819,34-VR-16,POINT (-9.20287036895752 38.697330474853516)
263_79B,18661_20260101_221_0_4,221_0,0,38.6982307434082,-9.225419998168945,1,IN_TRANSIT_TO,2026-03-19 08:56:55,4210,263,AG-26-NH,POINT (-9.225419998168945 38.6982307434082)
6014_729,4820_20260101_104_0_2,104_0,1,38.7481689453125,-9.191949844360352,31,IN_TRANSIT_TO,2026-03-19 08:56:59,10835,6014,67-ZF-30,POINT (-9.191949844360352 38.7481689453125)
2328_712,3557_20260101_189_0_6,189_0,1,38.71910095214844,-9.171150207519531,7,IN_TRANSIT_TO,2026-03-19 08:56:58,9304,2328,62-96-ZG,POINT (-9.171150207519531 38.71910095214844)
2310_723,4176_20260101_121_0_3,121_0,0,38.72460174560547,-9.159729957580566,8,IN_TRANSIT_TO,2026-03-19 08:56:52,1223,2310,83-07-ZM,POINT (-9.159729957580566 38.72460174560547)
2332_712,3535_20260101_189_0_5,189_0,0,38.72372817993164,-9.131919860839844,9,IN_TRANSIT_TO,2026-03-19 08:56:59,9125,2332,53-55-ZJ,POINT (-9.131919860839844 38.72372817993164)
2698_711,3475_20260101_101_0_5,101_0,0,38.74523162841797,-9.20479965209961,20,IN_TRANSIT_TO,2026-03-19 08:57:03,8811,2698,92-XQ-20,POINT (-9.20479965209961 38.74523162841797)
2683_723,4187_20260101_121_0_3,121_0,1,38.722530364990234,-9.181870460510254,24,IN_TRANSIT_TO,2026-03-19 08:56:51,21306,2683,99-XE-55,POINT (-9.181870460510254 38.722530364990234)
2801_764,7162_20260101_168_0_6,168_0,1,38.74113082885742,-9.207869529724121,11,IN_TRANSIT_TO,2026-03-19 08:56:49,8815,2801,38-HU-27,POINT (-9.207869529724121 38.74113082885742)
2203_708,3311_20260101_100_0_5,100_0,1,38.76205062866211,-9.115830421447754,23,IN_TRANSIT_TO,2026-03-19 08:50:36,8433,2203,72-19-XN,POINT (-9.115830421447754 38.76205062866211)
2261_735,5206_20260101_172_0_5,172_0,0,38.73262023925781,-9.129650115966797,17,IN_TRANSIT_TO,2026-03-19 08:56:54,7011,2261,80-49-ZE,POINT (-9.129650115966797 38.73262023925781)
6006_726,4341_20260101_116_0_4,116_0,1,38.763580322265625,-9.198769569396973,3,IN_TRANSIT_TO,2026-03-19 08:57:02,13905,6006,82-ZC-09,POINT (-9.198769569396973 38.763580322265625)
2795_712,3525_20260101_189_0_3,189_0,0,38.72624969482422,-9.147520065307617,16,IN_TRANSIT_TO,2026-03-19 08:56:48,6602,2795,AJ-55-LI,POINT (-9.147520065307617 38.72624969482422)
2747_756,6761_20260101_175_0_6,175_0,0,38.71603012084961,-9.175700187683105,19,IN_TRANSIT_TO,2026-03-19 08:56:49,11902,2747,AG-09-TH,POINT (-9.175700187683105 38.71603012084961)
2678_727,4552_20260101_103_0_3,103_0,0,38.7100715637207,-9.210980415344238,45,IN_TRANSIT_TO,2026-03-19 08:56:59,50192,2678,93-XA-39,POINT (-9.210980415344238 38.7100715637207)
2613_759,6921_20260101_144_0_4,144_0,1,38.711219787597656,-9.126520156860352,41,IN_TRANSIT_TO,2026-03-19 08:56:57,2118,2613,66-VI-22,POINT (-9.126520156860352 38.711219787597656)
2815_764,7151_20260101_168_0_3,168_0,1,38.747779846191406,-9.17123031616211,28,IN_TRANSIT_TO,2026-03-19 08:56:34,12710,2815,90-II-55,POINT (-9.17123031616211 38.747779846191406)
4604_728,4700_20260101_204_0_4,204_0,0,38.724769592285156,-9.111599922180176,27,IN_TRANSIT_TO,2026-03-19 08:56:32,9809,4604,96-GL-82,POINT (-9.111599922180176 38.724769592285156)
6009_706,3252_20260101_147_0_5,147_0,1,38.71397018432617,-9.122269630432129,3,IN_TRANSIT_TO,2026-03-19 08:56:38,2111,6009,81-ZC-18,POINT (-9.122269630432129 38.71397018432617)
2694_709,3384_20260101_148_0_8,148_0,0,38.720001220703125,-9.155130386352539,7,IN_TRANSIT_TO,2026-03-19 08:56:58,6810,2694,90-XF-49,POINT (-9.155130386352539 38.720001220703125)
2689_713,3592_20260101_122_0_5,122_0,0,38.727699279785156,-9.16135025024414,9,IN_TRANSIT_TO,2026-03-19 08:57:02,6115,2689,93-XA-45,POINT (-9.16135025024414 38.727699279785156)
306_783,7809_20260101_203_0_5,203_0,0,38.78227996826172,-9.12125015258789,26,IN_TRANSIT_TO,2026-03-19 08:56:34,12601,306,73-ST-81,POINT (-9.12125015258789 38.78227996826172)
2326_723,4169_20260101_121_0_2,121_0,0,38.72401809692383,-9.162400245666504,9,IN_TRANSIT_TO,2026-03-19 08:56:40,8501,2326,67-49-ZJ,POINT (-9.162400245666504 38.72401809692383)
2980_45B,45280_20260101_277_0_4,277_0,0,38.75947189331055,-9.15684986114502,12,IN_TRANSIT_TO,2026-03-19 08:57:01,5808,2980,29-VM-90,POINT (-9.15684986114502 38.75947189331055)
6010_706,3241_20260101_147_0_5,147_0,1,38.72848129272461,-9.137519836425781,16,IN_TRANSIT_TO,2026-03-19 08:56:53,6503,6010,81-ZC-09,POINT (-9.137519836425781 38.72848129272461)
6032_732,5038_20260101_107_0_3,107_0,1,38.71527862548828,-9.214730262756348,2,IN_TRANSIT_TO,2026-03-19 08:57:02,10403,6032,BF-93-BC,POINT (-9.214730262756348 38.71527862548828)
208_773,7424_20260101_124_0_6,124_0,1,38.71207809448242,-9.163299560546875,10,IN_TRANSIT_TO,2026-03-19 08:56:35,10103,208,33-47-XH,POINT (-9.163299560546875 38.71207809448242)
2687_709,3412_20260101_148_0_5,148_0,1,38.714500427246094,-9.17002010345459,0,IN_TRANSIT_TO,2026-03-19 08:56:43,,2687,93-XA-44,POINT (-9.17002010345459 38.714500427246094)
2244_765,7176_20260101_110_0_11,110_0,0,38.754398345947266,-9.196900367736816,3,IN_TRANSIT_TO,2026-03-19 08:56:46,10916,2244,22-44-ZB,POINT (-9.196900367736816 38.754398345947266)
4637_783,7817_20260101_203_0_5,203_0,0,38.767799377441406,-9.128680229187012,18,IN_TRANSIT_TO,2026-03-19 08:56:54,7601,4637,98-JO-44,POINT (-9.128680229187012 38.767799377441406)
6038_732,5088_20260101_107_0_1,107_0,1,38.72616958618164,-9.14762020111084,35,IN_TRANSIT_TO,2026-03-19 08:56:58,1201,6038,BG-46-LV,POINT (-9.14762020111084 38.72616958618164)
2974_34B,19141_20260101_226_0_3,226_0,0,38.73910140991211,-9.124629974365234,41,IN_TRANSIT_TO,2026-03-19 08:56:50,8912,2974,30-VM-22,POINT (-9.124629974365234 38.73910140991211)
225_773,7423_20260101_124_0_2,124_0,0,38.72037124633789,-9.153650283813477,0,IN_TRANSIT_TO,2026-03-19 08:57:03,,225,84-37-XQ,POINT (-9.153650283813477 38.72037124633789)
2414_703,3173_20260101_165_0_3,165_0,0,38.77397155761719,-9.163629531860352,18,IN_TRANSIT_TO,2026-03-19 08:56:56,5915,2414,92-AO-51,POINT (-9.163629531860352 38.77397155761719)
2696_711,3512_20260101_101_0_2,101_0,1,38.724281311035156,-9.160579681396484,27,IN_TRANSIT_TO,2026-03-19 08:56:59,8502,2696,90-XF-63,POINT (-9.160579681396484 38.724281311035156)
2246_758,6815_20260101_150_0_5,150_0,0,38.710269927978516,-9.1431303024292,2,IN_TRANSIT_TO,2026-03-19 08:56:38,3825,2246,22-38-ZB,POINT (-9.1431303024292 38.710269927978516)
2995_774,7450_20260101_192_0_8,192_0,1,38.718299865722656,-9.168669700622559,13,IN_TRANSIT_TO,2026-03-19 08:56:54,8008,2995,30-VM-15,POINT (-9.168669700622559 38.718299865722656)
2618_781,7721_20260101_151_0_4,151_0,1,38.76607131958008,-9.109919548034668,12,IN_TRANSIT_TO,2026-03-19 08:57:01,7716,2618,66-VI-42,POINT (-9.109919548034668 38.76607131958008)
4625_796,8135_20260101_174_0_9,174_0,0,38.77696990966797,-9.164380073547363,6,IN_TRANSIT_TO,2026-03-19 08:56:59,5912,4625,90-JI-92,POINT (-9.164380073547363 38.77696990966797)
2473_716,3752_20260101_164_0_3,164_0,0,38.74895095825195,-9.191280364990234,20,IN_TRANSIT_TO,2026-03-19 08:56:49,10814,2473,74-BC-68,POINT (-9.191280364990234 38.74895095825195)
2768_736,5351_20260101_199_0_5,199_0,0,38.78643035888672,-9.171199798583984,27,IN_TRANSIT_TO,2026-03-19 08:55:56,50083,2768,AH-25-ND,POINT (-9.171199798583984 38.78643035888672)
2287_731,5014_20260101_190_0_5,190_0,0,38.7713508605957,-9.109600067138672,26,IN_TRANSIT_TO,2026-03-19 08:57:02,7809,2287,92-58-ZM,POINT (-9.109600067138672 38.7713508605957)
6008_706,3260_20260101_147_0_4,147_0,0,38.731048583984375,-9.127920150756836,23,IN_TRANSIT_TO,2026-03-19 08:56:49,502,6008,81-ZC-08,POINT (-9.127920150756836 38.731048583984375)
215_46B,21499_20260101_239_0_4,239_0,0,38.75294876098633,-9.137399673461914,5,IN_TRANSIT_TO,2026-03-19 08:56:44,11205,215,44-42-XM,POINT (-9.137399673461914 38.75294876098633)
2968_52B,21671_20260101_244_0_3,244_0,0,38.7371711730957,-9.146780014038086,14,IN_TRANSIT_TO,2026-03-19 08:56:53,1811,2968,30-VM-24,POINT (-9.146780014038086 38.7371711730957)
230_773,7416_20260101_124_0_10,124_0,1,38.746421813964844,-9.169919967651367,0,IN_TRANSIT_TO,2026-03-19 08:55:44,,230,13-33-XZ,POINT (-9.169919967651367 38.746421813964844)
4620_750,6413_20260101_106_0_2,106_0,0,38.75957107543945,-9.13694953918457,10,IN_TRANSIT_TO,2026-03-19 08:56:36,7515,4620,22-GP-54,POINT (-9.13694953918457 38.75957107543945)
6001_768,7328_20260101_111_0_4,111_0,1,38.75828170776367,-9.179980278015137,13,IN_TRANSIT_TO,2026-03-19 08:57:00,13607,6001,99-XU-70,POINT (-9.179980278015137 38.75828170776367)
2466_767,7272_20260101_112_0_4,112_0,1,38.76169967651367,-9.163249969482422,26,IN_TRANSIT_TO,2026-03-19 08:56:41,50014,2466,16-AZ-16,POINT (-9.163249969482422 38.76169967651367)
2251_771,39065_20260101_248_0_4,248_0,0,38.723751068115234,-9.16392993927002,10,IN_TRANSIT_TO,2026-03-19 08:56:39,8501,2251,22-31-ZB,POINT (-9.16392993927002 38.723751068115234)
604_15E,11254_20260101_76_0_5,76_0,0,38.708580017089844,-9.135600090026855,1,IN_TRANSIT_TO,2026-03-19 08:56:57,50620,604,,POINT (-9.135600090026855 38.708580017089844)
576_28E,15050_20260101_75_0_4,75_0,0,38.723228454589844,-9.133079528808594,4,IN_TRANSIT_TO,2026-03-19 08:56:39,707,576,,POINT (-9.133079528808594 38.723228454589844)
558_28E,15064_20260101_75_0_2,75_0,0,38.71546936035156,-9.13599967956543,0,IN_TRANSIT_TO,2026-03-19 08:56:04,,558,,POINT (-9.13599967956543 38.71546936035156)
2649_759,6965_20260101_144_0_4,144_0,1,38.775081634521484,-9.098250389099121,4,IN_TRANSIT_TO,2026-03-19 08:56:52,7823,2649,75-VS-42,POINT (-9.098250389099121 38.775081634521484)
2602_744,5816_20260101_200_0_5,200_0,0,38.767250061035156,-9.104100227355957,24,IN_TRANSIT_TO,2026-03-19 08:57:02,7711,2602,16-VF-81,POINT (-9.104100227355957 38.767250061035156)
2608_759,6973_20260101_144_0_5,144_0,0,38.774749755859375,-9.102029800415039,43,IN_TRANSIT_TO,2026-03-19 08:56:43,7910,2608,66-VI-39,POINT (-9.102029800415039 38.774749755859375)
2638_781,7762_20260101_151_0_4,151_0,1,38.72544860839844,-9.111249923706055,25,IN_TRANSIT_TO,2026-03-19 08:56:44,8310,2638,87-VS-48,POINT (-9.111249923706055 38.72544860839844)
2299_735,5258_20260101_172_0_2,172_0,1,38.70684814453125,-9.141650199890137,37,IN_TRANSIT_TO,2026-03-19 08:56:54,3820,2299,83-14-ZM,POINT (-9.141650199890137 38.70684814453125)
2636_718,3994_20260101_105_0_4,105_0,0,38.72972869873047,-9.108269691467285,16,IN_TRANSIT_TO,2026-03-19 08:56:34,8306,2636,87-VS-50,POINT (-9.108269691467285 38.72972869873047)
2304_717,3891_20260101_170_4_6,170_4,1,38.779781341552734,-9.148500442504883,16,IN_TRANSIT_TO,2026-03-19 08:56:37,6015,2304,83-10-ZM,POINT (-9.148500442504883 38.779781341552734)
2302_794,8043_20260101_115_0_5,115_0,1,38.71311950683594,-9.123149871826172,36,IN_TRANSIT_TO,2026-03-19 08:56:50,2118,2302,83-08-ZM,POINT (-9.123149871826172 38.71311950683594)
2601_744,5846_20260101_200_0_4,200_0,1,38.761470794677734,-9.131449699401855,15,IN_TRANSIT_TO,2026-03-19 08:56:58,7502,2601,04-VA-70,POINT (-9.131449699401855 38.761470794677734)
2755_756,6754_20260101_175_0_6,175_0,1,38.70014953613281,-9.18323040008545,0,IN_TRANSIT_TO,2026-03-19 08:57:01,,2755,AG-95-TG,POINT (-9.18323040008545 38.70014953613281)
2642_718,3937_20260101_105_0_6,105_0,0,38.74980163574219,-9.105469703674316,9,IN_TRANSIT_TO,2026-03-19 08:56:53,2205,2642,75-VS-51,POINT (-9.105469703674316 38.74980163574219)
2692_738,5519_20260101_117_0_2,117_0,1,38.71744918823242,-9.157380104064941,13,IN_TRANSIT_TO,2026-03-19 08:56:24,6801,2692,90-XF-62,POINT (-9.157380104064941 38.71744918823242)
2305_794,8067_20260101_115_0_5,115_0,1,38.75254821777344,-9.114649772644043,12,IN_TRANSIT_TO,2026-03-19 08:54:49,24382,2305,83-18-ZM,POINT (-9.114649772644043 38.75254821777344)
2725_705,3186_20260101_176_0_4,176_0,1,38.74422073364258,-9.13187026977539,2,IN_TRANSIT_TO,2026-03-19 08:56:46,317,2725,92-XQ-30,POINT (-9.13187026977539 38.74422073364258)
4808_728,4609_20260101_204_0_5,204_0,1,38.71358108520508,-9.122650146484375,29,IN_TRANSIT_TO,2026-03-19 08:56:32,2114,4808,20-VQ-73,POINT (-9.122650146484375 38.71358108520508)
2738_735,5263_20260101_172_1_4,172_1,1,38.72922897338867,-9.125329971313477,12,IN_TRANSIT_TO,2026-03-19 08:56:52,7014,2738,AG-46-EI,POINT (-9.125329971313477 38.72922897338867)
2661_782,7785_20260101_152_0_3,152_0,0,38.7575798034668,-9.103119850158691,14,IN_TRANSIT_TO,2026-03-19 08:56:54,2328,2661,05-VZ-58,POINT (-9.103119850158691 38.7575798034668)
2671_713,3622_20260101_122_0_6,122_0,1,38.70624923706055,-9.173469543457031,7,IN_TRANSIT_TO,2026-03-19 08:56:52,9425,2671,87-XB-43,POINT (-9.173469543457031 38.70624923706055)
2826_753,18385_20260101_167_0_21,167_0,0,38.666351318359375,-9.166080474853516,8,IN_TRANSIT_TO,2026-03-06 00:24:24,14601,2826,BF-74-FZ,POINT (-9.166080474853516 38.666351318359375)
2269_771,21932_20260101_248_0_3,248_0,1,38.72404861450195,-9.16034984588623,17,IN_TRANSIT_TO,2026-03-19 08:56:59,8511,2269,76-88-ZG,POINT (-9.16034984588623 38.72404861450195)
2811_754,6622_20260101_201_0_3,201_0,0,38.74729919433594,-9.147850036621094,5,IN_TRANSIT_TO,2026-03-19 08:56:39,2001,2811,02-IH-00,POINT (-9.147850036621094 38.74729919433594)
4607_728,4714_20260101_204_0_4,204_0,0,38.70362854003906,-9.206819534301758,7,IN_TRANSIT_TO,2026-03-19 08:56:20,13108,4607,96-GL-84,POINT (-9.206819534301758 38.70362854003906)
2833_728,4569_20260101_204_0_3,204_0,1,38.709171295166016,-9.211950302124023,50,IN_TRANSIT_TO,2026-03-19 08:56:57,12406,2833,BF-65-FZ,POINT (-9.211950302124023 38.709171295166016)
6013_732,5085_20260101_107_0_3,107_0,1,38.724918365478516,-9.149049758911133,34,IN_TRANSIT_TO,2026-03-19 08:51:53,1103,6013,68-ZF-53,POINT (-9.149049758911133 38.724918365478516)
2213_794,8101_20260101_115_0_5,115_0,0,38.728328704833984,-9.114879608154297,8,IN_TRANSIT_TO,2026-03-19 08:43:04,8321,2213,08-04-XS,POINT (-9.114879608154297 38.728328704833984)
4832_736,5331_20260101_199_0_3,199_0,0,38.78921890258789,-9.174019813537598,27,IN_TRANSIT_TO,2026-03-19 08:56:53,50083,4832,68-VQ-51,POINT (-9.174019813537598 38.78921890258789)
253_37B,18839_20260101_224_0_5,224_0,0,38.72713088989258,-9.120869636535645,22,IN_TRANSIT_TO,2026-03-19 08:56:55,50619,253,AF-88-NU,POINT (-9.120869636535645 38.72713088989258)
4646_750,6401_20260101_106_0_4,106_0,0,38.75709915161133,-9.179949760437012,19,IN_TRANSIT_TO,2026-03-19 08:56:40,12805,4646,11-JM-79,POINT (-9.179949760437012 38.75709915161133)
2949_31B,17538_20260101_210_0_5,210_0,0,38.757198333740234,-9.112350463867188,1,IN_TRANSIT_TO,2026-03-19 08:56:39,50653,2949,62-GQ-52,POINT (-9.112350463867188 38.757198333740234)
2250_731,19403_20240727_190_0_8,190_0,1,38.78303146362305,-9.114009857177734,3,IN_TRANSIT_TO,2024-08-10 10:41:27,12610,2250,80-41-ZE,POINT (-9.114009857177734 38.78303146362305)
2986_702,3068_20260101_146_0_9,146_0,0,38.72808074951172,-9.166500091552734,5,IN_TRANSIT_TO,2026-03-19 08:56:52,6107,2986,30-VM-12,POINT (-9.166500091552734 38.72808074951172)
1707_701,2939_20260101_123_0_8,123_0,0,38.748321533203125,-9.148980140686035,5,IN_TRANSIT_TO,2026-03-19 08:57:01,2006,1707,69-AL-70,POINT (-9.148980140686035 38.748321533203125)
2231_768,7347_20260101_111_0_6,111_0,0,38.75062942504883,-9.158729553222656,0,IN_TRANSIT_TO,2026-03-19 08:56:38,,2231,06-28-XX,POINT (-9.158729553222656 38.75062942504883)
270_776,7476_20260101_193_0_16,193_0,0,38.70159912109375,-9.251370429992676,6,IN_TRANSIT_TO,2026-03-19 08:52:21,50697,270,AH-54-CZ,POINT (-9.251370429992676 38.70159912109375)
4641_750,6390_20260101_106_0_4,106_0,0,38.742530822753906,-9.204050064086914,28,IN_TRANSIT_TO,2026-03-19 08:56:58,8814,4641,90-JI-98,POINT (-9.204050064086914 38.742530822753906)
2652_781,7722_20260101_151_0_5,151_0,1,38.782981872558594,-9.124719619750977,4,IN_TRANSIT_TO,2026-03-19 08:56:58,16304,2652,05-VZ-61,POINT (-9.124719619750977 38.782981872558594)
1761_717,3825_20260101_170_0_2,170_0,0,38.77872848510742,-9.143170356750488,30,IN_TRANSIT_TO,2026-03-19 08:56:53,6016,1761,63-HX-19,POINT (-9.143170356750488 38.77872848510742)
2843_753,6553_20260101_167_0_6,167_0,1,38.71477127075195,-9.177229881286621,2,IN_TRANSIT_TO,2026-03-19 08:56:55,14602,2843,BF-63-FZ,POINT (-9.177229881286621 38.71477127075195)
2621_722,4129_20260101_196_0_3,196_0,1,38.7380485534668,-9.140850067138672,27,IN_TRANSIT_TO,2026-03-19 08:56:55,11109,2621,66-VI-45,POINT (-9.140850067138672 38.7380485534668)
4839_783,7829_20260101_203_0_3,203_0,0,38.72568130493164,-9.149580001831055,3,IN_TRANSIT_TO,2026-03-19 08:56:48,50197,4839,53-VR-08,POINT (-9.149580001831055 38.72568130493164)
2644_744,5841_20260101_200_0_4,200_0,1,38.73870086669922,-9.146149635314941,25,IN_TRANSIT_TO,2026-03-19 08:57:00,1902,2644,87-VS-52,POINT (-9.146149635314941 38.73870086669922)
2993_774,7457_20260101_192_0_8,192_0,1,38.72332000732422,-9.148269653320312,4,IN_TRANSIT_TO,2026-03-19 08:57:01,1217,2993,29-VM-93,POINT (-9.148269653320312 38.72332000732422)
1763_782,7786_20260101_152_0_4,152_0,0,38.74945068359375,-9.104880332946777,11,IN_TRANSIT_TO,2026-03-19 08:56:58,2208,1763,63-HX-25,POINT (-9.104880332946777 38.74945068359375)
2640_781,7737_20260101_151_0_4,151_0,0,38.7846794128418,-9.12440013885498,27,IN_TRANSIT_TO,2026-03-19 08:56:27,16303,2640,75-VS-43,POINT (-9.12440013885498 38.7846794128418)
6031_760,7061_20260101_171_0_4,171_0,1,38.71120071411133,-9.207050323486328,2,IN_TRANSIT_TO,2026-03-19 08:57:03,12914,6031,BF-87-AX,POINT (-9.207050323486328 38.71120071411133)
2620_718,3991_20260101_105_0_3,105_0,0,38.727630615234375,-9.119620323181152,23,IN_TRANSIT_TO,2026-03-19 08:56:49,11703,2620,66-VI-33,POINT (-9.119620323181152 38.727630615234375)
1715_701,2978_20260101_123_0_7,123_0,1,38.72129821777344,-9.167220115661621,3,IN_TRANSIT_TO,2026-03-19 08:57:01,8014,1715,69-AL-78,POINT (-9.167220115661621 38.72129821777344)
564_24E,17832_20260101_213_0_6,213_0,0,38.722129821777344,-9.15707015991211,8,IN_TRANSIT_TO,2026-03-19 08:56:00,6824,564,,POINT (-9.15707015991211 38.722129821777344)
267_734,5152_20260101_205_0_3,205_0,0,38.71398162841797,-9.123299598693848,16,IN_TRANSIT_TO,2026-03-19 08:56:49,2110,267,AG-41-OV,POINT (-9.123299598693848 38.71398162841797)
234_41B,19385_20260101_232_0_5,232_0,0,38.774818420410156,-9.161720275878906,18,IN_TRANSIT_TO,2026-03-19 08:56:50,5950,234,13-31-XZ,POINT (-9.161720275878906 38.774818420410156)
2719_744,5805_20260101_200_0_3,200_0,0,38.77450180053711,-9.100769996643066,28,IN_TRANSIT_TO,2026-03-19 08:56:58,7911,2719,92-XQ-17,POINT (-9.100769996643066 38.77450180053711)
2954_40B,17568_20260101_212_0_4,212_0,1,38.79264831542969,-9.15172004699707,25,IN_TRANSIT_TO,2026-03-19 08:56:03,11608,2954,62-GQ-56,POINT (-9.15172004699707 38.79264831542969)
2840_728,4589_20260101_204_0_5,204_0,1,38.706321716308594,-9.145350456237793,35,IN_TRANSIT_TO,2026-03-19 08:56:51,3802,2840,BF-75-FZ,POINT (-9.145350456237793 38.706321716308594)
2322_712,3550_20260101_189_0_6,189_0,1,38.724971771240234,-9.15404987335205,14,IN_TRANSIT_TO,2026-03-19 08:56:43,1224,2322,67-46-ZJ,POINT (-9.15404987335205 38.724971771240234)
2841_751,6490_20260101_109_4_7,109_4,0,38.72896957397461,-9.169549942016602,1,IN_TRANSIT_TO,2026-03-19 08:56:58,2702,2841,BF-55-FZ,POINT (-9.169549942016602 38.72896957397461)
2787_711,3501_20260101_101_0_5,101_0,0,38.72517013549805,-9.153280258178711,7,IN_TRANSIT_TO,2026-03-19 08:56:51,1209,2787,AI-55-TL,POINT (-9.153280258178711 38.72517013549805)
277_61B,21520_20260101_241_0_5,241_0,1,38.723968505859375,-9.166179656982422,13,IN_TRANSIT_TO,2026-03-19 08:56:40,8609,277,AH-13-TB,POINT (-9.166179656982422 38.723968505859375)
2799_748,6155_20260101_169_0_8,169_0,1,38.725528717041016,-9.18867015838623,6,IN_TRANSIT_TO,2026-03-19 08:56:59,14311,2799,AJ-52-LI,POINT (-9.18867015838623 38.725528717041016)
2781_727,4544_20260101_103_0_1,103_0,1,38.70452880859375,-9.202349662780762,9,IN_TRANSIT_TO,2026-03-19 08:56:55,13113,2781,AI-00-BT,POINT (-9.202349662780762 38.70452880859375)
2967_774,7430_20260101_192_0_9,192_0,0,38.72330093383789,-9.159429550170898,7,IN_TRANSIT_TO,2026-03-19 08:56:56,8516,2967,30-VM-05,POINT (-9.159429550170898 38.72330093383789)
563_28E,56015_20260101_75_0_1,75_0,0,38.71549987792969,-9.16355037689209,31,IN_TRANSIT_TO,2026-03-19 08:56:44,8108,563,,POINT (-9.16355037689209 38.71549987792969)
4824_736,5399_20260101_199_0_5,199_0,0,38.74385070800781,-9.147000312805176,9,IN_TRANSIT_TO,2026-03-19 08:56:49,1901,4824,34-VR-19,POINT (-9.147000312805176 38.74385070800781)
2265_763,46422_20260101_282_0_4,282_0,1,38.780330657958984,-9.16919994354248,14,IN_TRANSIT_TO,2026-03-19 08:56:53,50358,2265,76-91-ZG,POINT (-9.16919994354248 38.780330657958984)
2783_714,3698_20260101_102_0_3,102_0,0,38.70647048950195,-9.154279708862305,4,IN_TRANSIT_TO,2026-03-19 08:56:50,3926,2783,AI-10-BT,POINT (-9.154279708862305 38.70647048950195)
2972_71B,45267_20260101_278_0_2,278_0,0,38.75674819946289,-9.201180458068848,25,IN_TRANSIT_TO,2026-03-19 08:56:50,13703,2972,29-VM-96,POINT (-9.201180458068848 38.75674819946289)
2721_782,7775_20260101_152_0_4,152_0,1,38.76409912109375,-9.104069709777832,6,IN_TRANSIT_TO,2026-03-19 08:57:04,2324,2721,92-XQ-37,POINT (-9.104069709777832 38.76409912109375)
2812_748,6151_20260101_169_0_4,169_0,1,38.72426986694336,-9.160829544067383,8,IN_TRANSIT_TO,2026-03-19 08:56:54,8502,2812,90-II-61,POINT (-9.160829544067383 38.72426986694336)
2663_714,3697_20240914_102_0_16,102_0,1,38.72127151489258,-9.221500396728516,4,IN_TRANSIT_TO,2024-10-22 20:26:58,18703,2663,05-VZ-62,POINT (-9.221500396728516 38.72127151489258)
4644_750,6424_20260101_106_0_2,106_0,1,38.75518035888672,-9.150369644165039,26,IN_TRANSIT_TO,2026-03-19 08:56:50,5712,4644,27-JO-11,POINT (-9.150369644165039 38.75518035888672)
2816_713,3605_20260101_122_0_2,122_0,1,38.73566818237305,-9.13757038116455,36,IN_TRANSIT_TO,2026-03-19 08:56:41,11108,2816,90-II-56,POINT (-9.13757038116455 38.73566818237305)
2651_722,4119_20260101_196_0_4,196_0,0,38.78116989135742,-9.110119819641113,33,IN_TRANSIT_TO,2026-03-19 08:56:51,12625,2651,05-VZ-54,POINT (-9.110119819641113 38.78116989135742)
1769_755,6632_20260101_118_0_2,118_0,1,38.7559814453125,-9.145600318908691,9,IN_TRANSIT_TO,2026-03-19 08:56:51,11302,1769,63-HX-24,POINT (-9.145600318908691 38.7559814453125)
2622_708,3370_20260101_100_0_3,100_0,0,38.73738098144531,-9.13366985321045,8,IN_TRANSIT_TO,2026-03-19 08:56:55,413,2622,66-VI-21,POINT (-9.13366985321045 38.73738098144531)
209_17B,21703_20260101_247_0_4,247_0,0,38.73611831665039,-9.13659954071045,2,IN_TRANSIT_TO,2026-03-19 08:56:39,407,209,33-46-XH,POINT (-9.13659954071045 38.73611831665039)
2761_742,5769_20260101_114_0_3,114_0,1,38.73115158081055,-9.15608024597168,33,IN_TRANSIT_TO,2026-03-19 08:56:53,6118,2761,AH-33-ND,POINT (-9.15608024597168 38.73115158081055)
2284_731,4989_20260101_190_0_4,190_0,1,38.775421142578125,-9.110879898071289,12,IN_TRANSIT_TO,2026-03-19 08:57:01,7810,2284,67-36-ZJ,POINT (-9.110879898071289 38.775421142578125)
2650_781,7756_20260101_151_0_4,151_0,1,38.705318450927734,-9.143280029296875,29,IN_TRANSIT_TO,2026-03-19 08:56:58,3820,2650,75-VS-50,POINT (-9.143280029296875 38.705318450927734)
2780_746,5993_20260101_108_0_2,108_0,1,38.725528717041016,-9.149069786071777,25,IN_TRANSIT_TO,2026-03-19 08:56:54,1212,2780,AI-06-BT,POINT (-9.149069786071777 38.725528717041016)
2316_727,4529_20260101_103_0_2,103_0,1,38.708431243896484,-9.152779579162598,28,IN_TRANSIT_TO,2026-03-19 08:56:31,7105,2316,61-87-ZB,POINT (-9.152779579162598 38.708431243896484)
1757_735,5217_20260101_172_1_4,172_1,0,38.71427917480469,-9.122870445251465,6,IN_TRANSIT_TO,2026-03-19 08:53:00,2101,1757,34-HU-23,POINT (-9.122870445251465 38.71427917480469)
1754_717,3822_20260101_170_0_5,170_0,0,38.79747009277344,-9.143569946289062,40,IN_TRANSIT_TO,2026-03-19 08:51:29,16002,1754,34-HU-20,POINT (-9.143569946289062 38.79747009277344)
2604_755,6699_20260101_118_0_2,118_0,0,38.75471878051758,-9.13306999206543,28,IN_TRANSIT_TO,2026-03-19 08:56:54,7402,2604,66-VI-32,POINT (-9.13306999206543 38.75471878051758)
1724_735,5279_20260101_172_1_3,172_1,0,38.733028411865234,-9.131429672241211,18,IN_TRANSIT_TO,2026-03-19 08:56:58,501,1724,25-AS-36,POINT (-9.131429672241211 38.733028411865234)
2267_758,6848_20260101_150_0_4,150_0,1,38.72975158691406,-9.162320137023926,18,IN_TRANSIT_TO,2026-03-19 08:56:32,6124,2267,76-86-ZG,POINT (-9.162320137023926 38.72975158691406)
308_783,7854_20260101_203_0_6,203_0,1,38.770198822021484,-9.127169609069824,10,IN_TRANSIT_TO,2026-03-19 08:56:58,12202,308,68-SX-55,POINT (-9.127169609069824 38.770198822021484)
2217_720,4095_20260101_143_0_2,143_0,1,38.7218017578125,-9.152070045471191,14,IN_TRANSIT_TO,2026-03-19 08:57:01,6805,2217,07-99-XS,POINT (-9.152070045471191 38.7218017578125)
2814_727,4553_20260101_103_0_3,103_0,0,38.697731018066406,-9.192779541015625,34,IN_TRANSIT_TO,2026-03-19 08:56:32,9508,2814,90-II-54,POINT (-9.192779541015625 38.697731018066406)
2677_754,6604_20260101_201_0_4,201_0,1,38.744300842285156,-9.19363021850586,19,IN_TRANSIT_TO,2026-03-19 08:56:39,10817,2677,87-XB-41,POINT (-9.19363021850586 38.744300842285156)
4605_750,6313_20260101_106_0_5,106_0,1,38.744850158691406,-9.199749946594238,13,IN_TRANSIT_TO,2026-03-19 08:56:47,2812,4605,31-GN-72,POINT (-9.199749946594238 38.744850158691406)
2228_798,8194_20260101_194_0_5,194_0,0,38.777000427246094,-9.146129608154297,16,IN_TRANSIT_TO,2026-03-19 08:56:53,11511,2228,06-24-XX,POINT (-9.146129608154297 38.777000427246094)
2720_759,6896_20260101_144_0_3,144_0,0,38.7122688293457,-9.13914966583252,2,IN_TRANSIT_TO,2026-03-19 08:56:57,908,2720,92-XQ-28,POINT (-9.13914966583252 38.7122688293457)
2489_726,4334_20260101_116_0_2,116_0,1,38.75294876098633,-9.174300193786621,11,IN_TRANSIT_TO,2026-03-19 08:56:54,13618,2489,55-BH-05,POINT (-9.174300193786621 38.75294876098633)
2611_759,6928_20260101_144_0_2,144_0,1,38.73781967163086,-9.113129615783691,28,IN_TRANSIT_TO,2026-03-19 08:56:59,3712,2611,66-VI-38,POINT (-9.113129615783691 38.73781967163086)
412_51E,1156_20260101_158_0_4,158_0,0,38.71564865112305,-9.14408016204834,6,IN_TRANSIT_TO,2026-03-19 08:57:01,50635,412,BF-65-TC,POINT (-9.14408016204834 38.71564865112305)
2803_713,3621_20260101_122_0_6,122_0,1,38.704620361328125,-9.16327953338623,11,IN_TRANSIT_TO,2026-03-19 08:56:35,10211,2803,01-IH-92,POINT (-9.16327953338623 38.704620361328125)
2605_749,6201_20260101_195_0_6,195_0,0,38.75008010864258,-9.179519653320312,21,IN_TRANSIT_TO,2026-03-19 08:56:56,13508,2605,66-VI-35,POINT (-9.179519653320312 38.75008010864258)
2260_767,7289_20260101_112_0_4,112_0,1,38.748600006103516,-9.215049743652344,4,IN_TRANSIT_TO,2026-03-19 08:56:33,3018,2260,67-47-ZJ,POINT (-9.215049743652344 38.748600006103516)
1701_796,8113_20260101_174_0_5,174_0,0,38.76972961425781,-9.159319877624512,3,IN_TRANSIT_TO,2026-03-19 08:56:56,5901,1701,39-AB-08,POINT (-9.159319877624512 38.76972961425781)
2994_797,8161_20260101_163_0_12,163_0,0,38.730018615722656,-9.129300117492676,5,IN_TRANSIT_TO,2026-03-19 08:56:49,7004,2994,29-VM-91,POINT (-9.129300117492676 38.730018615722656)
2434_716,3734_20260101_164_0_2,164_0,1,38.73828125,-9.15719985961914,17,IN_TRANSIT_TO,2026-03-19 08:56:47,1508,2434,29-AU-24,POINT (-9.15719985961914 38.73828125)
2303_708,3320_20260101_100_0_2,100_0,1,38.764251708984375,-9.109869956970215,19,IN_TRANSIT_TO,2026-03-19 08:57:02,7718,2303,83-11-ZM,POINT (-9.109869956970215 38.764251708984375)
4805_751,6520_20260101_109_0_5,109_0,0,38.69977951049805,-9.184379577636719,11,IN_TRANSIT_TO,2026-03-19 08:56:45,9504,4805,20-VQ-66,POINT (-9.184379577636719 38.69977951049805)
2763_742,5788_20260101_114_0_3,114_0,1,38.71366882324219,-9.199199676513672,1,IN_TRANSIT_TO,2026-03-19 08:56:37,10315,2763,AH-23-ND,POINT (-9.199199676513672 38.71366882324219)
1767_749,6205_20260101_195_0_3,195_0,0,38.744300842285156,-9.147480010986328,16,IN_TRANSIT_TO,2026-03-19 08:56:44,2051,1767,63-HX-29,POINT (-9.147480010986328 38.744300842285156)
405_19B,21687_20260101_245_0_3,245_0,0,38.7158317565918,-9.14424991607666,15,IN_TRANSIT_TO,2026-03-19 08:56:52,50635,405,BF-14-TU,POINT (-9.14424991607666 38.7158317565918)
2943_26B,17520_20260101_208_0_4,208_0,1,38.76115036010742,-9.096170425415039,3,IN_TRANSIT_TO,2026-03-19 08:56:34,50294,2943,51-GL-83,POINT (-9.096170425415039 38.76115036010742)
582_28E,15038_20260101_75_0_4,75_0,0,38.71828079223633,-9.129830360412598,8,IN_TRANSIT_TO,2026-03-19 08:56:38,9131,582,,POINT (-9.129830360412598 38.71828079223633)
4630_796,8144_20260101_174_0_12,174_0,1,38.79212951660156,-9.150279998779297,15,IN_TRANSIT_TO,2026-03-19 08:56:50,5814,4630,02-JN-85,POINT (-9.150279998779297 38.79212951660156)
2985_730,4949_20260101_198_0_5,198_0,1,38.73040008544922,-9.14365005493164,0,IN_TRANSIT_TO,2026-03-19 08:56:42,,2985,30-VM-14,POINT (-9.14365005493164 38.73040008544922)
4816_751,6503_20260101_109_0_4,109_0,1,38.70940017700195,-9.173800468444824,26,IN_TRANSIT_TO,2026-03-19 08:56:57,9415,4816,34-VR-17,POINT (-9.173800468444824 38.70940017700195)
574_28E,15012_20260101_75_0_2,75_0,0,38.71072006225586,-9.14342975616455,21,IN_TRANSIT_TO,2026-03-19 08:56:53,10512,574,,POINT (-9.14342975616455 38.71072006225586)
2206_755,6706_20260101_118_0_3,118_0,0,38.74776840209961,-9.112299919128418,12,IN_TRANSIT_TO,2026-03-19 08:56:40,3705,2206,01-67-XO,POINT (-9.112299919128418 38.74776840209961)
2648_744,5819_20260101_200_0_4,200_0,0,38.74913024902344,-9.139129638671875,10,IN_TRANSIT_TO,2026-03-19 08:56:48,2053,2648,75-VS-46,POINT (-9.139129638671875 38.74913024902344)
2635_718,3959_20260101_105_0_5,105_0,1,38.753028869628906,-9.105500221252441,24,IN_TRANSIT_TO,2026-03-19 08:56:58,2206,2635,52-VP-90,POINT (-9.105500221252441 38.753028869628906)
301_708,3298_20260101_100_0_2,100_0,1,38.76274871826172,-9.126219749450684,28,IN_TRANSIT_TO,2026-03-19 08:56:49,7504,301,74-SM-62,POINT (-9.126219749450684 38.76274871826172)
2468_726,4273_20260101_116_0_3,116_0,0,38.74066925048828,-9.167499542236328,18,IN_TRANSIT_TO,2026-03-19 08:56:45,1621,2468,16-AZ-10,POINT (-9.167499542236328 38.74066925048828)
2693_727,4515_20260101_103_0_3,103_0,1,38.74863052368164,-9.146149635314941,44,IN_TRANSIT_TO,2026-03-19 08:56:56,2053,2693,90-XF-46,POINT (-9.146149635314941 38.74863052368164)
6043_760,7039_20260101_171_0_6,171_0,1,38.703269958496094,-9.192350387573242,18,IN_TRANSIT_TO,2026-03-19 08:56:58,13401,6043,BG-93-LT,POINT (-9.192350387573242 38.703269958496094)
221_773,7398_20260101_124_0_6,124_0,0,38.71268081665039,-9.167499542236328,19,IN_TRANSIT_TO,2026-03-19 08:56:47,10107,221,11-06-XO,POINT (-9.167499542236328 38.71268081665039)
2281_758,6868_20260101_150_0_4,150_0,1,38.73606872558594,-9.166250228881836,16,IN_TRANSIT_TO,2026-03-19 08:57:03,2718,2281,67-56-ZJ,POINT (-9.166250228881836 38.73606872558594)
2497_767,7308_20260101_112_0_3,112_0,0,38.75067901611328,-9.197319984436035,32,IN_TRANSIT_TO,2026-03-19 08:56:41,10802,2497,88-BL-71,POINT (-9.197319984436035 38.75067901611328)
2201_708,3361_20260101_100_0_2,100_0,0,38.76858139038086,-9.098770141601562,28,IN_TRANSIT_TO,2026-03-19 08:56:54,7805,2201,72-15-XN,POINT (-9.098770141601562 38.76858139038086)
2669_754,6584_20260101_201_0_2,201_0,1,38.74332809448242,-9.146769523620605,34,IN_TRANSIT_TO,2026-03-19 08:56:52,1901,2669,87-XB-34,POINT (-9.146769523620605 38.74332809448242)
2440_767,7201_20260101_112_0_3,112_0,0,38.736019134521484,-9.136699676513672,7,IN_TRANSIT_TO,2026-03-19 08:56:41,11108,2440,29-AX-08,POINT (-9.136699676513672 38.736019134521484)
2615_759,6906_20260101_144_0_4,144_0,1,38.71110153198242,-9.12677001953125,41,IN_TRANSIT_TO,2026-03-19 08:56:52,2118,2615,66-VI-27,POINT (-9.12677001953125 38.71110153198242)
2762_755,6712_20260101_118_0_3,118_0,1,38.755428314208984,-9.126350402832031,20,IN_TRANSIT_TO,2026-03-19 08:56:42,14710,2762,AH-38-ND,POINT (-9.126350402832031 38.755428314208984)
2964_737,5489_20260101_173_0_6,173_0,1,38.711551666259766,-9.132880210876465,2,IN_TRANSIT_TO,2026-03-19 08:56:35,13808,2964,30-VM-19,POINT (-9.132880210876465 38.711551666259766)
2450_747,6114_20260101_177_0_4,177_0,1,38.7661018371582,-9.183219909667969,9,IN_TRANSIT_TO,2026-03-19 08:56:45,50365,2450,44-BC-36,POINT (-9.183219909667969 38.7661018371582)
6015_732,5076_20260101_107_0_3,107_0,0,38.73815155029297,-9.14601993560791,7,IN_TRANSIT_TO,2026-03-19 08:56:51,1814,6015,69-ZF-01,POINT (-9.14601993560791 38.73815155029297)
2817_754,6592_20260101_201_0_4,201_0,1,38.74129867553711,-9.168669700622559,28,IN_TRANSIT_TO,2026-03-19 08:57:01,1615,2817,90-II-57,POINT (-9.168669700622559 38.74129867553711)
2315_764,7166_20260101_168_0_3,168_0,0,38.742801666259766,-9.205820083618164,23,IN_TRANSIT_TO,2026-03-19 08:56:42,50239,2315,61-88-ZB,POINT (-9.205820083618164 38.742801666259766)
2978_730,4969_20260101_198_0_4,198_0,0,38.735801696777344,-9.120269775390625,2,IN_TRANSIT_TO,2026-03-19 08:55:18,50050,2978,29-VM-92,POINT (-9.120269775390625 38.735801696777344)
2718_759,6978_20260101_144_0_3,144_0,0,38.767398834228516,-9.119330406188965,31,IN_TRANSIT_TO,2026-03-19 08:56:59,8403,2718,92-XQ-23,POINT (-9.119330406188965 38.767398834228516)
228_773,7409_20260101_124_0_4,124_0,0,38.71477127075195,-9.14995002746582,6,IN_TRANSIT_TO,2026-03-19 08:56:53,6716,228,84-39-XQ,POINT (-9.14995002746582 38.71477127075195)
6046_706,3267_20260101_147_0_6,147_0,0,38.705299377441406,-9.143369674682617,30,IN_TRANSIT_TO,2026-03-19 08:56:16,2128,6046,BH-73-IR,POINT (-9.143369674682617 38.705299377441406)
204_49B,22224_20260101_251_0_5,251_0,0,38.74317169189453,-9.133700370788574,17,IN_TRANSIT_TO,2026-03-19 08:56:39,50109,204,89-71-XD,POINT (-9.133700370788574 38.74317169189453)
2229_794,8054_20260101_115_0_3,115_0,1,38.737548828125,-9.117349624633789,28,IN_TRANSIT_TO,2026-03-19 08:56:37,3601,2229,06-37-XX,POINT (-9.117349624633789 38.737548828125)
2271_731,5018_20260101_190_0_2,190_0,0,38.75962829589844,-9.136469841003418,17,IN_TRANSIT_TO,2026-03-19 08:57:01,11303,2271,92-54-ZM,POINT (-9.136469841003418 38.75962829589844)
407_67B,28216_20260101_253_0_4,253_0,0,38.71337127685547,-9.162070274353027,2,IN_TRANSIT_TO,2026-03-19 08:56:32,8102,407,BF-55-TT,POINT (-9.162070274353027 38.71337127685547)
2732_742,5731_20260101_114_0_4,114_0,0,38.73337936401367,-9.132820129394531,17,IN_TRANSIT_TO,2026-03-19 08:56:47,503,2732,AG-39-EI,POINT (-9.132820129394531 38.73337936401367)
1760_717,3778_20260101_170_0_2,170_0,1,38.76272964477539,-9.156669616699219,24,IN_TRANSIT_TO,2026-03-19 08:57:02,5814,1760,34-HU-26,POINT (-9.156669616699219 38.76272964477539)
2655_725,4239_20260101_197_0_10,197_0,1,38.79106903076172,-9.12339973449707,1,IN_TRANSIT_TO,2026-03-19 08:56:50,50181,2655,05-VZ-67,POINT (-9.12339973449707 38.79106903076172)
2465_758,6877_20260101_150_0_4,150_0,1,38.748329162597656,-9.19262981414795,6,IN_TRANSIT_TO,2026-03-19 08:57:03,10801,2465,55-BH-00,POINT (-9.19262981414795 38.748329162597656)
2282_758,6787_20260101_150_0_3,150_0,0,38.736968994140625,-9.166319847106934,16,IN_TRANSIT_TO,2026-03-19 08:56:45,2711,2282,67-35-ZJ,POINT (-9.166319847106934 38.736968994140625)
2335_750,6348_20260101_106_0_2,106_0,1,38.726898193359375,-9.208869934082031,0,IN_TRANSIT_TO,2026-03-19 08:57:02,,2335,62-98-ZG,POINT (-9.208869934082031 38.726898193359375)
4820_728,4681_20260101_204_0_4,204_0,0,38.760650634765625,-9.0962495803833,39,IN_TRANSIT_TO,2026-03-19 08:56:56,50315,4820,20-VQ-62,POINT (-9.0962495803833 38.760650634765625)
2257_758,6837_20260101_150_0_2,150_0,1,38.71992111206055,-9.154729843139648,26,IN_TRANSIT_TO,2026-03-19 08:56:59,6807,2257,80-50-ZE,POINT (-9.154729843139648 38.71992111206055)
542_25E,14255_20260101_79_0_6,79_0,0,38.70624923706055,-9.143719673156738,3,IN_TRANSIT_TO,2026-03-19 08:56:35,3820,542,,POINT (-9.143719673156738 38.70624923706055)
575_18E,12186_20260101_78_0_5,78_0,0,38.708351135253906,-9.199319839477539,19,IN_TRANSIT_TO,2026-03-19 08:56:41,50533,575,,POINT (-9.199319839477539 38.708351135253906)
2976_34B,19151_20260101_226_0_3,226_0,0,38.734500885009766,-9.113329887390137,17,IN_TRANSIT_TO,2026-03-19 08:56:56,17571,2976,30-VM-00,POINT (-9.113329887390137 38.734500885009766)
2973_702,3066_20260101_146_0_5,146_0,0,38.73482131958008,-9.170330047607422,11,IN_TRANSIT_TO,2026-03-19 08:56:59,2707,2973,30-VM-13,POINT (-9.170330047607422 38.73482131958008)
561_25E,14268_20260101_79_0_3,79_0,1,38.71337890625,-9.15939998626709,6,IN_TRANSIT_TO,2026-03-19 08:54:05,8111,561,,POINT (-9.15939998626709 38.71337890625)
2612_718,3962_20260101_105_0_3,105_0,1,38.72956848144531,-9.12339973449707,8,IN_TRANSIT_TO,2026-03-19 08:56:49,7012,2612,66-VI-29,POINT (-9.12339973449707 38.72956848144531)
1726_701,2979_20260101_123_0_6,123_0,0,38.72787094116211,-9.162369728088379,25,IN_TRANSIT_TO,2026-03-19 08:57:00,6122,1726,25-AS-38,POINT (-9.162369728088379 38.72787094116211)
2646_793,8019_20260101_145_0_5,145_0,1,38.74182891845703,-9.10846996307373,21,IN_TRANSIT_TO,2026-03-19 08:56:48,50175,2646,75-VS-48,POINT (-9.10846996307373 38.74182891845703)
1768_742,5782_20260101_114_0_2,114_0,1,38.70492935180664,-9.187419891357422,16,IN_TRANSIT_TO,2026-03-19 08:56:43,12007,1768,63-HX-23,POINT (-9.187419891357422 38.70492935180664)
