id,trip_id,route_id,direction_id,latitude,longitude,current_stop_sequence,current_status,timestamp,stop_id,vehicle_id,license_plate,geometry
611_15E,11281_20250901_76_0_18,76_0,1,38.706199645996094,-9.143980026245117,20,IN_TRANSIT_TO,2025-11-08 20:26:06,3803,611,,POINT (-9.143980026245117 38.706199645996094)
4607_750,6350_20250901_106_0_16,106_0,0,38.71086883544922,-9.226300239562988,35,IN_TRANSIT_TO,2025-11-08 20:26:13,14311,4607,96-GL-84,POINT (-9.226300239562988 38.71086883544922)
6022_760,51289_20250901_171_0_13,171_0,0,38.709999084472656,-9.19474983215332,28,IN_TRANSIT_TO,2025-11-08 20:26:04,10304,6022,BF-48-BB,POINT (-9.19474983215332 38.709999084472656)
2440_716,3716_20250901_164_0_23,164_0,0,38.73749923706055,-9.13206958770752,1,IN_TRANSIT_TO,2025-11-08 20:26:05,50469,2440,29-AX-08,POINT (-9.13206958770752 38.73749923706055)
2992_52B,35053_20250901_244_0_21,244_0,0,38.74393081665039,-9.15470027923584,8,IN_TRANSIT_TO,2025-11-08 20:26:04,3309,2992,29-VM-95,POINT (-9.15470027923584 38.74393081665039)
2766_720,4062_20250901_143_0_20,143_0,0,38.704681396484375,-9.176919937133789,26,IN_TRANSIT_TO,2025-11-08 20:25:52,12102,2766,AH-40-ND,POINT (-9.176919937133789 38.704681396484375)
2250_731,19403_20240727_190_0_8,190_0,1,38.78303146362305,-9.114009857177734,3,IN_TRANSIT_TO,2024-08-10 10:41:27,12610,2250,80-41-ZE,POINT (-9.114009857177734 38.78303146362305)
6021_706,19502_20250901_147_0_6,147_0,1,38.73360061645508,-9.133930206298828,13,IN_TRANSIT_TO,2025-11-08 20:26:07,503,6021,BD-91-QG,POINT (-9.133930206298828 38.73360061645508)
6033_729,4785_20250901_104_0_16,104_0,1,38.769168853759766,-9.189080238342285,42,IN_TRANSIT_TO,2025-11-08 20:25:57,14106,6033,BF-92-AZ,POINT (-9.189080238342285 38.769168853759766)
2955_798,8190_20250901_194_3_2,194_3,1,38.75910186767578,-9.156370162963867,22,IN_TRANSIT_TO,2025-11-05 05:51:11,5841,2955,27-GU-70,POINT (-9.156370162963867 38.75910186767578)
2624_759,6901_20250901_144_0_15,144_0,0,38.756168365478516,-9.112799644470215,47,IN_TRANSIT_TO,2025-11-08 20:26:04,7825,2624,72-VP-82,POINT (-9.112799644470215 38.756168365478516)
4642_750,6311_20250901_106_0_16,106_0,1,38.744850158691406,-9.199749946594238,13,IN_TRANSIT_TO,2025-11-08 20:26:01,2812,4642,90-JI-99,POINT (-9.199749946594238 38.744850158691406)
2945_26B,17511_20250901_208_2_28,208_2,1,38.79473114013672,-9.097200393676758,18,IN_TRANSIT_TO,2025-11-08 20:26:13,50302,2945,75-GO-14,POINT (-9.097200393676758 38.79473114013672)
4629_796,8140_20250901_174_0_28,174_0,1,38.7923698425293,-9.156270027160645,4,IN_TRANSIT_TO,2025-11-05 15:40:33,11607,4629,11-JM-77,POINT (-9.156270027160645 38.7923698425293)
2973_730,4940_20250901_198_0_24,198_0,0,38.73537063598633,-9.120980262756348,2,IN_TRANSIT_TO,2025-11-08 20:26:06,50050,2973,30-VM-13,POINT (-9.120980262756348 38.73537063598633)
2688_738,5537_20250901_117_0_18,117_0,1,38.70362854003906,-9.186249732971191,1,IN_TRANSIT_TO,2025-11-08 20:26:14,12001,2688,93-XA-35,POINT (-9.186249732971191 38.70362854003906)
2694_711,3449_20250901_101_0_16,101_0,1,38.752681732177734,-9.208869934082031,6,IN_TRANSIT_TO,2025-11-08 20:26:12,3003,2694,90-XF-49,POINT (-9.208869934082031 38.752681732177734)
2695_714,3676_20250901_102_0_17,102_0,0,38.7088508605957,-9.21387004852295,25,IN_TRANSIT_TO,2025-11-08 20:26:00,13120,2695,90-XF-50,POINT (-9.21387004852295 38.7088508605957)
2705_723,4141_20250901_121_0_18,121_0,1,38.69512176513672,-9.215180397033691,4,IN_TRANSIT_TO,2025-11-08 20:25:56,13205,2705,92-XQ-29,POINT (-9.215180397033691 38.69512176513672)
2682_727,4446_20250901_103_2_14,103_2,1,38.711368560791016,-9.153650283813477,30,IN_TRANSIT_TO,2025-11-08 20:26:12,6701,2682,93-XA-42,POINT (-9.153650283813477 38.711368560791016)
2679_714,3632_20250901_102_0_17,102_0,0,38.706298828125,-9.145330429077148,1,IN_TRANSIT_TO,2025-11-08 20:26:17,3812,2679,93-XA-34,POINT (-9.145330429077148 38.706298828125)
2672_738,5510_20250901_117_0_18,117_0,0,38.728271484375,-9.148320198059082,20,IN_TRANSIT_TO,2025-11-08 20:26:02,1702,2672,87-XB-44,POINT (-9.148320198059082 38.728271484375)
2670_709,3385_20250901_148_0_33,148_0,1,38.719818115234375,-9.155400276184082,6,IN_TRANSIT_TO,2025-11-08 20:25:25,6803,2670,87-XB-32,POINT (-9.155400276184082 38.719818115234375)
2675_714,3635_20250901_102_0_14,102_0,1,38.705928802490234,-9.172719955444336,29,IN_TRANSIT_TO,2025-11-08 20:25:23,9418,2675,87-XB-35,POINT (-9.172719955444336 38.705928802490234)
6031_732,5069_20250901_107_2_12,107_2,1,38.70466995239258,-9.199150085449219,12,IN_TRANSIT_TO,2025-11-08 20:25:46,13301,6031,BF-87-AX,POINT (-9.199150085449219 38.70466995239258)
547_28E,14896_20250901_75_0_18,75_0,0,38.70962905883789,-9.13694953918457,16,IN_TRANSIT_TO,2025-11-08 20:25:59,13802,547,,POINT (-9.13694953918457 38.70962905883789)
6049_768,7322_20250901_111_2_18,111_2,1,38.74958038330078,-9.164799690246582,34,IN_TRANSIT_TO,2025-11-08 20:26:11,12705,6049,BH-47-IR,POINT (-9.164799690246582 38.74958038330078)
2723_746,5962_20250901_108_0_25,108_0,0,38.74129867553711,-9.16819953918457,9,IN_TRANSIT_TO,2025-11-08 20:26:17,50472,2723,92-XQ-43,POINT (-9.16819953918457 38.74129867553711)
2827_753,6545_20250901_167_0_20,167_0,1,38.72478103637695,-9.155779838562012,4,IN_TRANSIT_TO,2025-11-08 20:25:28,8502,2827,BF-61-FZ,POINT (-9.155779838562012 38.72478103637695)
2763_735,5207_20250901_172_0_17,172_0,0,38.731231689453125,-9.126830101013184,16,IN_TRANSIT_TO,2025-11-08 20:26:14,7003,2763,AH-23-ND,POINT (-9.126830101013184 38.731231689453125)
608_15E,11239_20250901_76_0_19,76_0,0,38.70399856567383,-9.16112995147705,6,IN_TRANSIT_TO,2025-11-08 20:26:12,3902,608,,POINT (-9.16112995147705 38.70399856567383)
2979_72B,45254_20250901_279_0_21,279_0,0,38.74557876586914,-9.20580005645752,12,IN_TRANSIT_TO,2025-11-08 20:26:16,2907,2979,30-VM-17,POINT (-9.20580005645752 38.74557876586914)
2628_759,6912_20250901_144_0_15,144_0,0,38.75394821166992,-9.11382007598877,26,IN_TRANSIT_TO,2025-11-08 20:26:13,24377,2628,52-VP-82,POINT (-9.11382007598877 38.75394821166992)
2841_728,36651_20250901_204_0_6,204_0,0,38.77294921875,-9.104630470275879,44,IN_TRANSIT_TO,2025-11-08 20:25:53,7803,2841,BF-55-FZ,POINT (-9.104630470275879 38.77294921875)
2717_714,3657_20250901_102_0_14,102_0,0,38.72016906738281,-9.21957015991211,34,IN_TRANSIT_TO,2025-11-08 20:25:49,18708,2717,92-XQ-16,POINT (-9.21957015991211 38.72016906738281)
4835_736,5327_20250901_199_0_18,199_0,1,38.72602844238281,-9.150230407714844,26,IN_TRANSIT_TO,2025-11-08 20:25:52,1206,4835,53-VR-06,POINT (-9.150230407714844 38.72602844238281)
6034_706,18897_20250901_147_0_7,147_0,0,38.705650329589844,-9.14352035522461,0,IN_TRANSIT_TO,2025-11-08 20:26:16,,6034,BF-61-AX,POINT (-9.14352035522461 38.705650329589844)
6035_732,5051_20250901_107_2_15,107_2,0,38.71332931518555,-9.139519691467285,5,IN_TRANSIT_TO,2025-11-08 20:25:54,908,6035,BG-76-LX,POINT (-9.139519691467285 38.71332931518555)
4633_736,5311_20250901_199_0_6,199_0,1,38.78129959106445,-9.164219856262207,7,IN_TRANSIT_TO,2025-11-06 08:53:58,7202,4633,90-JI-94,POINT (-9.164219856262207 38.78129959106445)
2779_712,3542_20250901_189_2_26,189_2,1,38.718650817871094,-9.12166976928711,11,IN_TRANSIT_TO,2025-11-08 20:25:56,9112,2779,AI-02-BT,POINT (-9.12166976928711 38.718650817871094)
4821_736,41525_20250901_199_0_15,199_0,0,38.723121643066406,-9.148030281066895,3,IN_TRANSIT_TO,2025-11-08 20:26:07,1103,4821,20-VQ-68,POINT (-9.148030281066895 38.723121643066406)
2821_751,6483_20250901_109_0_21,109_0,1,38.706729888916016,-9.174650192260742,25,IN_TRANSIT_TO,2025-11-08 20:26:05,12105,2821,BF-71-FZ,POINT (-9.174650192260742 38.706729888916016)
2613_708,3325_20250901_100_0_17,100_0,1,38.76897048950195,-9.097900390625,14,IN_TRANSIT_TO,2025-11-08 20:26:08,7822,2613,66-VI-22,POINT (-9.097900390625 38.76897048950195)
2601_708,3306_20250901_100_0_17,100_0,1,38.74782180786133,-9.131179809570312,32,IN_TRANSIT_TO,2025-11-08 20:26:15,7304,2601,04-VA-70,POINT (-9.131179809570312 38.74782180786133)
6036_732,5066_20250901_107_2_14,107_2,1,38.706321716308594,-9.14739990234375,27,IN_TRANSIT_TO,2025-11-08 20:25:51,7101,6036,BG-90-LX,POINT (-9.14739990234375 38.706321716308594)
2739_755,6709_20250901_118_0_8,118_0,0,38.74842834472656,-9.113499641418457,0,IN_TRANSIT_TO,2025-11-07 11:15:43,,2739,AG-31-EI,POINT (-9.113499641418457 38.74842834472656)
602_15E,11229_20250901_76_0_19,76_0,0,38.703121185302734,-9.179719924926758,10,IN_TRANSIT_TO,2025-11-08 20:26:00,12116,602,,POINT (-9.179719924926758 38.703121185302734)
2988_774,7451_20250901_192_1_20,192_1,0,38.7182502746582,-9.16487979888916,22,IN_TRANSIT_TO,2025-11-08 20:26:10,8003,2988,29-VM-94,POINT (-9.16487979888916 38.7182502746582)
4830_736,18825_20250901_199_0_17,199_0,0,38.743080139160156,-9.146820068359375,9,IN_TRANSIT_TO,2025-11-08 20:25:55,1901,4830,20-VQ-63,POINT (-9.146820068359375 38.743080139160156)
2638_759,6934_20250901_144_0_14,144_0,1,38.74245071411133,-9.112870216369629,26,IN_TRANSIT_TO,2025-11-08 20:26:02,3716,2638,87-VS-48,POINT (-9.112870216369629 38.74245071411133)
2633_744,5821_20250901_200_0_16,200_0,1,38.725730895996094,-9.150919914245605,30,IN_TRANSIT_TO,2025-11-08 20:25:51,1206,2633,52-VP-79,POINT (-9.150919914245605 38.725730895996094)
2648_708,3341_20250901_100_0_11,100_0,0,38.78112030029297,-9.096570014953613,33,IN_TRANSIT_TO,2025-11-08 20:26:04,50126,2648,75-VS-46,POINT (-9.096570014953613 38.78112030029297)
2619_744,5807_20250901_200_0_17,200_0,0,38.755218505859375,-9.139200210571289,13,IN_TRANSIT_TO,2025-11-08 20:25:51,7410,2619,66-VI-37,POINT (-9.139200210571289 38.755218505859375)
6025_760,7038_20250901_171_0_10,171_0,0,38.70682144165039,-9.141670227050781,11,IN_TRANSIT_TO,2025-11-08 20:25:57,3820,6025,BF-92-AX,POINT (-9.141670227050781 38.70682144165039)
2991_774,7431_20250901_192_1_20,192_1,1,38.714481353759766,-9.162079811096191,19,IN_TRANSIT_TO,2025-11-08 20:25:52,8107,2991,29-VM-89,POINT (-9.162079811096191 38.714481353759766)
2647_718,3966_20250901_105_0_21,105_0,1,38.7358283996582,-9.103949546813965,19,IN_TRANSIT_TO,2025-11-08 20:26:05,12505,2647,75-VS-45,POINT (-9.103949546813965 38.7358283996582)
2989_770,7365_20250901_191_3_24,191_3,0,38.73086929321289,-9.173270225524902,12,IN_TRANSIT_TO,2025-11-08 20:25:59,50087,2989,29-VM-85,POINT (-9.173270225524902 38.73086929321289)
2661_738,5526_20250901_117_0_18,117_0,1,38.71546936035156,-9.160599708557129,11,IN_TRANSIT_TO,2025-11-08 20:26:01,8101,2661,05-VZ-58,POINT (-9.160599708557129 38.71546936035156)
2609_718,3955_20250901_105_0_24,105_0,0,38.75482177734375,-9.114080429077148,1,IN_TRANSIT_TO,2025-11-08 20:25:56,24383,2609,66-VI-36,POINT (-9.114080429077148 38.75482177734375)
2981_702,3031_20250901_146_0_40,146_0,1,38.725128173828125,-9.15149974822998,13,IN_TRANSIT_TO,2025-11-08 20:26:12,50197,2981,29-VM-86,POINT (-9.15149974822998 38.725128173828125)
2618_708,3281_20250901_100_0_16,100_0,0,38.75849914550781,-9.112600326538086,19,IN_TRANSIT_TO,2025-11-08 20:25:53,8409,2618,66-VI-42,POINT (-9.112600326538086 38.75849914550781)
2993_71B,45279_20250901_278_0_20,278_0,0,38.7398681640625,-9.201780319213867,10,IN_TRANSIT_TO,2025-11-08 20:26:10,50459,2993,29-VM-93,POINT (-9.201780319213867 38.7398681640625)
2664_764,7143_20250901_168_2_34,168_2,1,38.745548248291016,-9.190850257873535,17,IN_TRANSIT_TO,2025-11-08 20:25:53,10838,2664,05-VZ-68,POINT (-9.190850257873535 38.745548248291016)
2612_759,6952_20250901_144_0_16,144_0,1,38.70817947387695,-9.133230209350586,44,IN_TRANSIT_TO,2025-11-08 20:26:00,4506,2612,66-VI-29,POINT (-9.133230209350586 38.70817947387695)
2635_755,17787_20250901_118_0_7,118_0,1,38.742271423339844,-9.100749969482422,39,IN_TRANSIT_TO,2025-11-08 20:26:11,12524,2635,52-VP-90,POINT (-9.100749969482422 38.742271423339844)
2996_45B,45294_20250901_277_0_22,277_0,0,38.76774978637695,-9.159500122070312,8,IN_TRANSIT_TO,2025-11-08 20:26:17,5904,2996,30-VM-03,POINT (-9.159500122070312 38.76774978637695)
2769_709,3395_20250901_148_0_32,148_0,0,38.72277069091797,-9.149330139160156,4,IN_TRANSIT_TO,2025-11-08 20:25:53,1103,2769,AH-19-ND,POINT (-9.149330139160156 38.72277069091797)
2686_714,3654_20250901_102_0_18,102_0,1,38.7222785949707,-9.224530220031738,3,IN_TRANSIT_TO,2025-11-08 20:25:52,18705,2686,99-XE-58,POINT (-9.224530220031738 38.7222785949707)
503_15E,11203_20250901_76_0_20,76_0,1,38.69929885864258,-9.231229782104492,0,IN_TRANSIT_TO,2025-11-08 20:26:07,,503,,POINT (-9.231229782104492 38.69929885864258)
2621_755,21759_20250901_118_0_9,118_0,1,38.75492858886719,-9.135930061340332,13,IN_TRANSIT_TO,2025-11-08 20:25:49,7407,2621,66-VI-45,POINT (-9.135930061340332 38.75492858886719)
2622_759,6915_20250901_144_0_17,144_0,0,38.72185134887695,-9.116129875183105,10,IN_TRANSIT_TO,2025-11-08 20:26:06,9813,2622,66-VI-21,POINT (-9.116129875183105 38.72185134887695)
2649_722,41523_20250901_196_0_12,196_0,0,38.76247024536133,-9.129429817199707,20,IN_TRANSIT_TO,2025-11-08 20:25:59,7511,2649,75-VS-42,POINT (-9.129429817199707 38.76247024536133)
2985_797,8162_20250901_163_0_48,163_0,0,38.73017883300781,-9.128430366516113,5,IN_TRANSIT_TO,2025-11-08 20:26:04,7004,2985,30-VM-14,POINT (-9.128430366516113 38.73017883300781)
2701_711,3505_20250901_101_0_14,101_0,1,38.72425079345703,-9.160149574279785,27,IN_TRANSIT_TO,2025-11-08 20:25:56,8502,2701,92-XQ-35,POINT (-9.160149574279785 38.72425079345703)
551_28E,14987_20250901_75_0_24,75_0,0,38.712249755859375,-9.130450248718262,13,IN_TRANSIT_TO,2025-11-08 20:25:58,13812,551,,POINT (-9.130450248718262 38.712249755859375)
2604_755,6657_20250901_118_0_10,118_0,0,38.744651794433594,-9.168279647827148,40,IN_TRANSIT_TO,2025-11-08 20:25:59,12704,2604,66-VI-32,POINT (-9.168279647827148 38.744651794433594)
552_28E,14961_20250901_75_0_20,75_0,0,38.70970153808594,-9.136619567871094,16,IN_TRANSIT_TO,2025-11-08 20:25:50,13802,552,,POINT (-9.136619567871094 38.70970153808594)
2605_29B,17525_20250901_209_0_24,209_0,0,38.764671325683594,-9.109530448913574,9,IN_TRANSIT_TO,2025-11-08 20:25:50,8423,2605,66-VI-35,POINT (-9.109530448913574 38.764671325683594)
2663_714,3697_20240914_102_0_16,102_0,1,38.72127151489258,-9.221500396728516,4,IN_TRANSIT_TO,2024-10-22 20:26:58,18703,2663,05-VZ-62,POINT (-9.221500396728516 38.72127151489258)
581_25E,14268_20250901_79_0_11,79_0,1,38.706581115722656,-9.14192008972168,16,IN_TRANSIT_TO,2025-11-04 12:34:05,3803,581,,POINT (-9.14192008972168 38.706581115722656)
2615_759,6954_20250901_144_0_16,144_0,1,38.77505111694336,-9.10260009765625,5,IN_TRANSIT_TO,2025-11-08 20:26:18,7908,2615,66-VI-27,POINT (-9.10260009765625 38.77505111694336)
545_28E,14935_20250901_75_0_15,75_0,1,38.70808029174805,-9.140399932861328,4,IN_TRANSIT_TO,2025-11-08 20:25:55,10519,545,,POINT (-9.140399932861328 38.70808029174805)
2995_45B,45295_20250901_277_0_22,277_0,1,38.76654815673828,-9.171250343322754,8,IN_TRANSIT_TO,2025-11-08 20:25:57,50026,2995,30-VM-15,POINT (-9.171250343322754 38.76654815673828)
580_28E,14999_20250901_75_0_14,75_0,0,38.709999084472656,-9.135350227355957,16,IN_TRANSIT_TO,2025-11-08 20:26:10,13802,580,,POINT (-9.135350227355957 38.709999084472656)
505_15E,11437_20250901_76_0_2,76_0,1,38.69596862792969,-9.219149589538574,4,IN_TRANSIT_TO,2025-11-08 20:25:56,13203,505,,POINT (-9.219149589538574 38.69596862792969)
2687_711,3489_20250901_101_0_17,101_0,0,38.72692108154297,-9.193499565124512,10,IN_TRANSIT_TO,2025-11-08 20:26:15,8607,2687,93-XA-44,POINT (-9.193499565124512 38.72692108154297)
2828_728,4577_20250901_204_0_12,204_0,0,38.75545120239258,-9.096549987792969,38,IN_TRANSIT_TO,2025-11-08 20:26:14,2410,2828,BF-60-FZ,POINT (-9.096549987792969 38.75545120239258)
2662_738,5521_20250901_117_0_16,117_0,1,38.754398345947266,-9.150870323181152,26,IN_TRANSIT_TO,2025-11-08 20:26:00,2017,2662,05-VZ-51,POINT (-9.150870323181152 38.754398345947266)
502_15E,11290_20250901_76_0_20,76_0,1,38.703819274902344,-9.172479629516602,15,IN_TRANSIT_TO,2025-11-08 20:25:54,4001,502,,POINT (-9.172479629516602 38.703819274902344)
2427_729,4782_20250901_104_0_16,104_0,0,38.76551818847656,-9.198530197143555,5,IN_TRANSIT_TO,2025-11-08 20:25:55,14111,2427,29-AX-14,POINT (-9.198530197143555 38.76551818847656)
4808_751,6462_20250901_109_0_21,109_0,0,38.72637939453125,-9.17294979095459,1,IN_TRANSIT_TO,2025-11-08 20:25:50,2702,4808,20-VQ-73,POINT (-9.17294979095459 38.72637939453125)
572_12E,11026_20250901_77_0_19,77_0,1,38.710731506347656,-9.143830299377441,0,IN_TRANSIT_TO,2025-11-08 20:25:50,,572,,POINT (-9.143830299377441 38.710731506347656)
2974_730,4956_20250901_198_0_25,198_0,1,38.725730895996094,-9.144619941711426,3,IN_TRANSIT_TO,2025-11-08 20:25:55,6606,2974,30-VM-22,POINT (-9.144619941711426 38.725730895996094)
4817_751,6451_20250901_109_0_23,109_0,0,38.70051956176758,-9.215950012207031,19,IN_TRANSIT_TO,2025-11-08 20:25:59,9714,4817,00-VV-37,POINT (-9.215950012207031 38.70051956176758)
269_76B,35089_20250901_219_0_28,219_0,0,38.70233154296875,-9.20164966583252,23,IN_TRANSIT_TO,2025-11-08 20:26:15,13309,269,AG-25-NH,POINT (-9.20164966583252 38.70233154296875)
2782_712,3536_20250901_189_2_29,189_2,0,38.72129821777344,-9.128520011901855,8,IN_TRANSIT_TO,2025-11-08 20:25:57,9111,2782,AI-99-BS,POINT (-9.128520011901855 38.72129821777344)
2651_722,41522_20250901_196_0_18,196_0,1,38.77016830444336,-9.127300262451172,15,IN_TRANSIT_TO,2025-11-08 20:25:49,7604,2651,05-VZ-54,POINT (-9.127300262451172 38.77016830444336)
2627_744,5813_20250901_200_0_17,200_0,0,38.74095153808594,-9.146249771118164,7,IN_TRANSIT_TO,2025-11-08 20:26:16,1809,2627,52-VP-83,POINT (-9.146249771118164 38.74095153808594)
2608_783,7819_20250901_203_2_21,203_2,0,38.76197052001953,-9.130629539489746,15,IN_TRANSIT_TO,2025-11-08 20:26:17,11305,2608,66-VI-39,POINT (-9.130629539489746 38.76197052001953)
2625_708,3284_20250901_100_0_16,100_0,0,38.71928024291992,-9.1356201171875,3,IN_TRANSIT_TO,2025-11-08 20:26:16,803,2625,72-VP-79,POINT (-9.1356201171875 38.71928024291992)
6045_732,5036_20250901_107_2_13,107_2,0,38.70011901855469,-9.191900253295898,20,IN_TRANSIT_TO,2025-11-08 20:26:07,9510,6045,BH-32-IQ,POINT (-9.191900253295898 38.70011901855469)
2247_758,6811_20250901_150_0_4,150_0,1,38.72909927368164,-9.159170150756836,14,IN_TRANSIT_TO,2025-11-02 11:21:39,1610,2247,22-34-ZB,POINT (-9.159170150756836 38.72909927368164)
2419_767,7187_20250901_112_0_14,112_0,1,38.74872970581055,-9.191120147705078,16,IN_TRANSIT_TO,2025-11-08 20:25:48,10807,2419,92-AO-55,POINT (-9.191120147705078 38.74872970581055)
2260_758,6816_20250901_150_0_17,150_0,0,38.71657180786133,-9.148119926452637,6,IN_TRANSIT_TO,2025-11-08 20:25:58,10605,2260,67-47-ZJ,POINT (-9.148119926452637 38.71657180786133)
2402_716,3726_20250901_164_0_22,164_0,1,38.738121032714844,-9.1497802734375,19,IN_TRANSIT_TO,2025-11-08 20:25:53,33101,2402,50-AL-13,POINT (-9.1497802734375 38.738121032714844)
2443_767,7274_20250901_112_0_10,112_0,1,38.76131820678711,-9.157449722290039,28,IN_TRANSIT_TO,2025-11-08 20:26:05,5808,2443,29-AX-05,POINT (-9.157449722290039 38.76131820678711)
1701_701,2934_20250901_123_0_23,123_0,1,38.72077178955078,-9.16808032989502,3,IN_TRANSIT_TO,2025-11-08 20:26:09,8014,1701,39-AB-08,POINT (-9.16808032989502 38.72077178955078)
6044_760,7080_20250901_171_0_10,171_0,1,38.70624923706055,-9.14501953125,30,IN_TRANSIT_TO,2025-11-08 20:26:15,3803,6044,BG-87-LX,POINT (-9.14501953125 38.70624923706055)
2780_727,4490_20250901_103_2_15,103_2,0,38.723270416259766,-9.151220321655273,9,IN_TRANSIT_TO,2025-11-08 20:25:48,1214,2780,AI-06-BT,POINT (-9.151220321655273 38.723270416259766)
2709_728,4677_20250901_204_0_3,204_0,1,38.75532150268555,-9.096799850463867,14,IN_TRANSIT_TO,2025-11-08 20:25:47,2409,2709,92-XQ-42,POINT (-9.096799850463867 38.75532150268555)
1708_794,8033_20250901_115_0_18,115_0,0,38.753421783447266,-9.103150367736816,32,IN_TRANSIT_TO,2025-11-08 20:26:09,2220,1708,69-AL-71,POINT (-9.103150367736816 38.753421783447266)
2244_758,6771_20250901_150_0_17,150_0,0,38.74732971191406,-9.18887996673584,25,IN_TRANSIT_TO,2025-11-08 20:26:16,10826,2244,22-44-ZB,POINT (-9.18887996673584 38.74732971191406)
2286_731,4975_20250901_190_0_15,190_0,0,38.78242111206055,-9.108429908752441,34,IN_TRANSIT_TO,2025-11-08 20:26:09,12617,2286,67-42-ZJ,POINT (-9.108429908752441 38.78242111206055)
2760_735,5253_20250901_172_0_16,172_0,1,38.71942138671875,-9.12261962890625,23,IN_TRANSIT_TO,2025-11-08 20:25:59,9116,2760,AH-35-ND,POINT (-9.12261962890625 38.71942138671875)
1727_717,3797_20250901_170_0_17,170_0,0,38.781150817871094,-9.154979705810547,40,IN_TRANSIT_TO,2025-11-08 20:25:52,16002,1727,25-AS-39,POINT (-9.154979705810547 38.781150817871094)
2478_729,4763_20250901_104_0_16,104_0,0,38.744930267333984,-9.199979782104492,17,IN_TRANSIT_TO,2025-11-08 20:25:55,50614,2478,91-BE-80,POINT (-9.199979782104492 38.744930267333984)
1751_717,3858_20250901_170_0_14,170_0,1,38.743751525878906,-9.132379531860352,36,IN_TRANSIT_TO,2025-11-08 20:25:55,310,1751,34-HU-17,POINT (-9.132379531860352 38.743751525878906)
2496_720,19453_20250901_143_1_16,143_1,0,38.73263168334961,-9.14109992980957,10,IN_TRANSIT_TO,2025-11-08 20:26:11,11105,2496,88-BL-70,POINT (-9.14109992980957 38.73263168334961)
4639_796,8136_20250901_174_0_35,174_0,0,38.759151458740234,-9.15548038482666,1,IN_TRANSIT_TO,2025-11-08 20:25:50,5826,4639,27-JO-13,POINT (-9.15548038482666 38.759151458740234)
4647_750,6374_20250901_106_0_3,106_0,0,38.732398986816406,-9.208479881286621,31,IN_TRANSIT_TO,2025-11-08 20:25:47,8804,4647,02-JN-88,POINT (-9.208479881286621 38.732398986816406)
1749_717,3762_20250901_170_0_15,170_0,1,38.7741813659668,-9.156519889831543,18,IN_TRANSIT_TO,2025-11-08 20:26:10,11510,1749,92-HR-06,POINT (-9.156519889831543 38.7741813659668)
2970_774,7473_20250901_192_1_15,192_1,0,38.70827865600586,-9.154470443725586,6,IN_TRANSIT_TO,2025-11-08 20:26:07,7105,2970,29-VM-87,POINT (-9.154470443725586 38.70827865600586)
1747_717,3806_20250901_170_0_14,170_0,0,38.77164840698242,-9.16051959991455,19,IN_TRANSIT_TO,2025-11-08 20:25:52,5903,1747,92-HR-04,POINT (-9.16051959991455 38.77164840698242)
2817_725,4242_20250901_197_2_35,197_2,0,38.78620147705078,-9.123769760131836,13,IN_TRANSIT_TO,2025-11-08 20:26:10,16305,2817,90-II-57,POINT (-9.123769760131836 38.78620147705078)
2806_782,7775_20250901_152_0_12,152_0,0,38.721351623535156,-9.114569664001465,5,IN_TRANSIT_TO,2025-11-05 18:46:16,2113,2806,01-IH-95,POINT (-9.114569664001465 38.721351623535156)
2453_729,4804_20250901_104_0_14,104_0,1,38.74435043334961,-9.194999694824219,24,IN_TRANSIT_TO,2025-11-08 20:25:47,10831,2453,16-AZ-13,POINT (-9.194999694824219 38.74435043334961)
2459_703,3110_20250901_165_0_18,165_0,1,38.7872200012207,-9.1493501663208,37,IN_TRANSIT_TO,2025-11-08 20:25:55,6001,2459,74-BC-74,POINT (-9.1493501663208 38.7872200012207)
401_67B,35057_20250901_253_0_19,253_0,0,38.7065315246582,-9.173970222473145,11,IN_TRANSIT_TO,2025-11-08 20:26:08,9425,401,BF-60-TR,POINT (-9.173970222473145 38.7065315246582)
2804_793,7997_20250901_145_0_23,145_0,1,38.74715042114258,-9.10927963256836,14,IN_TRANSIT_TO,2025-11-08 20:26:16,3710,2804,01-IH-93,POINT (-9.10927963256836 38.74715042114258)
2761_742,5702_20250901_114_0_14,114_0,0,38.71112060546875,-9.192770004272461,55,IN_TRANSIT_TO,2025-11-08 20:26:07,10307,2761,AH-33-ND,POINT (-9.192770004272461 38.71112060546875)
2810_783,7837_20250901_203_2_19,203_2,1,38.77056884765625,-9.128270149230957,11,IN_TRANSIT_TO,2025-11-08 20:26:11,7604,2810,01-IH-99,POINT (-9.128270149230957 38.77056884765625)
2816_793,7986_20250901_145_0_26,145_0,0,38.734378814697266,-9.111769676208496,1,IN_TRANSIT_TO,2025-11-08 20:26:11,12522,2816,90-II-56,POINT (-9.111769676208496 38.734378814697266)
1752_717,3828_20250901_170_0_17,170_0,0,38.758018493652344,-9.140769958496094,11,IN_TRANSIT_TO,2025-11-08 20:26:09,11307,1752,34-HU-18,POINT (-9.140769958496094 38.758018493652344)
2410_726,4292_20250901_116_0_17,116_0,0,38.76662063598633,-9.203399658203125,31,IN_TRANSIT_TO,2025-11-08 20:14:08,13902,2410,92-AO-46,POINT (-9.203399658203125 38.76662063598633)
2790_723,4144_20250901_121_0_19,121_0,0,38.725669860839844,-9.188719749450684,10,IN_TRANSIT_TO,2025-11-08 20:25:51,8607,2790,AI-54-TL,POINT (-9.188719749450684 38.725669860839844)
2483_703,3101_20250901_165_0_19,165_0,0,38.7795295715332,-9.159420013427734,14,IN_TRANSIT_TO,2025-11-08 20:25:59,5927,2483,74-BC-66,POINT (-9.159420013427734 38.7795295715332)
2818_793,7976_20250901_145_0_24,145_0,0,38.749271392822266,-9.119020462036133,20,IN_TRANSIT_TO,2025-11-08 20:26:02,3713,2818,90-II-58,POINT (-9.119020462036133 38.749271392822266)
2797_727,4493_20250901_103_2_14,103_2,1,38.720001220703125,-9.154600143432617,34,IN_TRANSIT_TO,2025-11-08 20:25:58,6805,2797,AJ-57-LI,POINT (-9.154600143432617 38.720001220703125)
1705_701,2972_20250901_123_0_22,123_0,1,38.755428314208984,-9.15155029296875,28,IN_TRANSIT_TO,2025-11-08 20:26:09,5705,1705,69-AL-68,POINT (-9.15155029296875 38.755428314208984)
2784_728,4613_20250901_204_0_2,204_0,0,38.69736862182617,-9.203630447387695,10,IN_TRANSIT_TO,2025-11-08 20:25:29,9603,2784,AI-09-BT,POINT (-9.203630447387695 38.69736862182617)
2243_758,6794_20250901_150_0_19,150_0,0,38.73693084716797,-9.16781997680664,16,IN_TRANSIT_TO,2025-11-08 20:25:58,2711,2243,22-36-ZB,POINT (-9.16781997680664 38.73693084716797)
2480_767,7266_20250901_112_0_14,112_0,1,38.74462890625,-9.139430046081543,36,IN_TRANSIT_TO,2025-11-08 20:25:54,306,2480,91-BE-75,POINT (-9.139430046081543 38.74462890625)
217_773,7404_20250901_124_0_25,124_0,0,38.70610046386719,-9.17162036895752,23,IN_TRANSIT_TO,2025-11-08 20:25:55,9419,217,29-98-XM,POINT (-9.17162036895752 38.70610046386719)
2767_748,6138_20250901_169_0_33,169_0,1,38.72306823730469,-9.165169715881348,7,IN_TRANSIT_TO,2025-11-08 20:26:00,8608,2767,AH-34-ND,POINT (-9.165169715881348 38.72306823730469)
2413_767,7243_20250901_112_0_13,112_0,0,38.75645065307617,-9.145719528198242,15,IN_TRANSIT_TO,2025-11-08 20:25:58,106,2413,92-AO-50,POINT (-9.145719528198242 38.75645065307617)
1780_742,5755_20250901_114_0_15,114_0,0,38.732749938964844,-9.114720344543457,1,IN_TRANSIT_TO,2025-11-08 20:26:06,17574,1780,63-HX-18,POINT (-9.114720344543457 38.732749938964844)
2768_748,6135_20250901_169_0_36,169_0,0,38.728050231933594,-9.212329864501953,6,IN_TRANSIT_TO,2025-11-08 20:25:22,18102,2768,AH-25-ND,POINT (-9.212329864501953 38.728050231933594)
2666_723,17897_20250901_121_0_16,121_0,1,38.724571228027344,-9.14937973022461,29,IN_TRANSIT_TO,2025-11-08 20:26:07,1212,2666,87-XB-39,POINT (-9.14937973022461 38.724571228027344)
1756_735,5192_20250901_172_0_16,172_0,1,38.74742889404297,-9.141079902648926,8,IN_TRANSIT_TO,2025-11-08 20:26:03,204,1756,34-HU-22,POINT (-9.141079902648926 38.74742889404297)
2487_726,4314_20250901_116_0_17,116_0,0,38.73749923706055,-9.142029762268066,9,IN_TRANSIT_TO,2025-11-08 20:25:57,11102,2487,54-BH-97,POINT (-9.142029762268066 38.73749923706055)
1757_742,5705_20250901_114_0_13,114_0,0,38.70383071899414,-9.195670127868652,48,IN_TRANSIT_TO,2025-11-08 20:25:56,13410,1757,34-HU-23,POINT (-9.195670127868652 38.70383071899414)
2470_726,4270_20250901_116_0_18,116_0,1,38.7377815246582,-9.149749755859375,23,IN_TRANSIT_TO,2025-11-08 20:25:52,1408,2470,74-BC-71,POINT (-9.149749755859375 38.7377815246582)
1762_794,8075_20250901_115_0_17,115_0,0,38.76852035522461,-9.101200103759766,37,IN_TRANSIT_TO,2025-11-08 20:26:13,2315,1762,63-HX-32,POINT (-9.101200103759766 38.76852035522461)
2239_768,7338_20250901_111_2_18,111_2,0,38.774078369140625,-9.160320281982422,33,IN_TRANSIT_TO,2025-11-08 20:26:19,5905,2239,06-30-XX,POINT (-9.160320281982422 38.774078369140625)
2771_727,4449_20250901_103_2_15,103_2,1,38.69742965698242,-9.1941499710083,14,IN_TRANSIT_TO,2025-11-08 20:26:13,4115,2771,AH-20-ND,POINT (-9.1941499710083 38.69742965698242)
2412_747,6098_20250901_177_0_26,177_0,1,38.76169967651367,-9.195030212402344,1,IN_TRANSIT_TO,2025-11-08 20:24:54,13913,2412,92-AO-48,POINT (-9.195030212402344 38.76169967651367)
2774_746,5984_20250901_108_0_24,108_0,1,38.74713134765625,-9.188730239868164,9,IN_TRANSIT_TO,2025-11-08 20:25:59,10821,2774,AH-22-ND,POINT (-9.188730239868164 38.74713134765625)
2469_726,4311_20250901_116_0_17,116_0,0,38.76277160644531,-9.19717025756836,29,IN_TRANSIT_TO,2025-11-08 20:26:05,13912,2469,16-AZ-09,POINT (-9.19717025756836 38.76277160644531)
1704_701,2955_20250901_123_0_26,123_0,0,38.737850189208984,-9.168620109558105,21,IN_TRANSIT_TO,2025-11-08 20:26:01,2712,1704,35-AL-14,POINT (-9.168620109558105 38.737850189208984)
1779_742,5760_20250901_114_0_10,114_0,1,38.73495101928711,-9.139780044555664,39,IN_TRANSIT_TO,2025-11-08 20:26:09,50069,1779,63-HX-20,POINT (-9.139780044555664 38.73495101928711)
406_19B,35088_20250901_245_0_15,245_0,0,38.718170166015625,-9.143980026245117,17,IN_TRANSIT_TO,2025-11-08 20:25:51,50623,406,BF-93-TB,POINT (-9.143980026245117 38.718170166015625)
2461_716,3739_20250901_164_0_21,164_0,0,38.74721908569336,-9.188349723815918,18,IN_TRANSIT_TO,2025-11-08 20:25:54,10830,2461,55-BH-04,POINT (-9.188349723815918 38.74721908569336)
2422_747,6095_20250901_177_0_28,177_0,0,38.76401901245117,-9.156900405883789,2,IN_TRANSIT_TO,2025-11-08 20:25:56,5807,2422,29-AU-17,POINT (-9.156900405883789 38.76401901245117)
2449_767,7221_20250901_112_0_13,112_0,0,38.750118255615234,-9.19552993774414,32,IN_TRANSIT_TO,2025-11-08 20:26:17,10802,2449,44-BC-35,POINT (-9.19552993774414 38.750118255615234)
2423_729,4807_20250901_104_0_17,104_0,1,38.70399856567383,-9.199399948120117,10,IN_TRANSIT_TO,2025-11-08 20:26:02,50136,2423,29-AU-18,POINT (-9.199399948120117 38.70399856567383)
2839_728,4693_20250901_204_0_13,204_0,1,38.77647018432617,-9.102669715881348,5,IN_TRANSIT_TO,2025-11-08 20:26:09,7906,2839,BF-69-FZ,POINT (-9.102669715881348 38.77647018432617)
1777_720,4040_20250901_143_0_17,143_0,1,38.734981536865234,-9.141630172729492,22,IN_TRANSIT_TO,2025-11-08 20:26:07,11102,1777,63-HX-31,POINT (-9.141630172729492 38.734981536865234)
1765_794,8065_20250901_115_0_20,115_0,1,38.7617301940918,-9.103799819946289,3,IN_TRANSIT_TO,2025-11-08 20:25:48,2322,1765,63-HX-28,POINT (-9.103799819946289 38.7617301940918)
1763_720,4059_20250901_143_0_20,143_0,1,38.7036018371582,-9.168530464172363,6,IN_TRANSIT_TO,2025-11-08 20:26:03,4001,1763,63-HX-25,POINT (-9.168530464172363 38.7036018371582)
4612_750,6293_20250901_106_0_2,106_0,1,38.75831985473633,-9.14052963256836,28,IN_TRANSIT_TO,2025-11-08 20:25:54,11303,4612,96-GL-89,POINT (-9.14052963256836 38.75831985473633)
2477_703,3136_20250901_165_0_20,165_0,1,38.74562072753906,-9.197979927062988,4,IN_TRANSIT_TO,2025-11-08 20:26:01,2812,2477,91-BE-73,POINT (-9.197979927062988 38.74562072753906)
225_773,7385_20250901_124_0_33,124_0,0,38.7150993347168,-9.149470329284668,5,IN_TRANSIT_TO,2025-11-08 20:25:49,50075,225,84-37-XQ,POINT (-9.149470329284668 38.7150993347168)
2297_731,4990_20250901_190_0_17,190_0,0,38.765899658203125,-9.119600296020508,22,IN_TRANSIT_TO,2025-11-08 20:26:18,8403,2297,83-06-ZM,POINT (-9.119600296020508 38.765899658203125)
2426_747,6077_20250901_177_0_27,177_0,0,38.76512908935547,-9.198519706726074,19,IN_TRANSIT_TO,2025-11-08 20:25:55,14111,2426,29-AU-21,POINT (-9.198519706726074 38.76512908935547)
2838_753,6533_20250901_167_0_23,167_0,0,38.665401458740234,-9.172019958496094,8,IN_TRANSIT_TO,2025-11-08 20:24:46,14601,2838,BF-59-FZ,POINT (-9.172019958496094 38.665401458740234)
221_58B,35097_20250901_227_0_22,227_0,0,38.741580963134766,-9.170669555664062,22,IN_TRANSIT_TO,2025-11-08 20:26:09,1615,221,11-06-XO,POINT (-9.170669555664062 38.741580963134766)
408_73B,35078_20250901_220_0_17,220_0,0,38.70582962036133,-9.175950050354004,26,IN_TRANSIT_TO,2025-11-08 20:25:47,12110,408,BF-24-TS,POINT (-9.175950050354004 38.70582962036133)
228_773,7394_20250901_124_0_32,124_0,1,38.71495056152344,-9.15132999420166,21,IN_TRANSIT_TO,2025-11-08 20:25:59,6713,228,84-39-XQ,POINT (-9.15132999420166 38.71495056152344)
606_15E,11213_20250901_76_0_13,76_0,0,38.697418212890625,-9.19873046875,16,IN_TRANSIT_TO,2025-11-08 20:26:15,4112,606,,POINT (-9.19873046875 38.697418212890625)
204_17B,35080_20250901_247_0_24,247_0,0,38.737579345703125,-9.133469581604004,1,IN_TRANSIT_TO,2025-11-08 20:25:58,50551,204,89-71-XD,POINT (-9.133469581604004 38.737579345703125)
2406_729,4760_20250901_104_0_16,104_0,0,38.69662857055664,-9.207380294799805,35,IN_TRANSIT_TO,2025-11-08 20:25:50,9610,2406,50-AL-09,POINT (-9.207380294799805 38.69662857055664)
2289_724,4207_20250901_178_0_26,178_0,1,38.75128173828125,-9.197319984436035,9,IN_TRANSIT_TO,2025-11-08 20:26:08,10913,2289,92-60-ZM,POINT (-9.197319984436035 38.75128173828125)
2464_703,3150_20250901_165_0_19,165_0,0,38.75434875488281,-9.18690013885498,32,IN_TRANSIT_TO,2025-11-08 20:26:05,12802,2464,91-BE-71,POINT (-9.18690013885498 38.75434875488281)
260_28E,44751_20250901_75_8_34,75_8,1,38.710819244384766,-9.145950317382812,3,IN_TRANSIT_TO,2025-11-08 20:26:06,10510,260,AG-79-EF,POINT (-9.145950317382812 38.710819244384766)
2773_728,4657_20250901_204_0_3,204_0,1,38.70872116088867,-9.134969711303711,32,IN_TRANSIT_TO,2025-11-08 20:26:11,4502,2773,AH-39-ND,POINT (-9.134969711303711 38.70872116088867)
4838_736,5367_20250901_199_0_16,199_0,1,38.7867317199707,-9.18043041229248,2,IN_TRANSIT_TO,2025-11-08 20:26:07,15103,4838,34-VR-22,POINT (-9.18043041229248 38.7867317199707)
2418_726,4289_20250901_116_0_18,116_0,1,38.75971984863281,-9.182220458984375,8,IN_TRANSIT_TO,2025-11-08 20:25:50,12803,2418,92-AO-54,POINT (-9.182220458984375 38.75971984863281)
4829_736,41525_20250901_199_0_11,199_0,0,38.7471809387207,-9.147870063781738,10,IN_TRANSIT_TO,2025-11-08 16:25:05,2021,4829,34-VR-21,POINT (-9.147870063781738 38.7471809387207)
4834_736,5347_20250901_199_0_18,199_0,1,38.75669860839844,-9.15447998046875,15,IN_TRANSIT_TO,2025-11-08 20:25:48,5806,4834,20-VQ-71,POINT (-9.15447998046875 38.75669860839844)
2770_728,4637_20250901_204_0_3,204_0,1,38.70964813232422,-9.208399772644043,48,IN_TRANSIT_TO,2025-11-08 20:25:53,13116,2770,AH-30-ND,POINT (-9.208399772644043 38.70964813232422)
409_51E,1157_20250901_158_0_14,158_0,0,38.71604919433594,-9.230899810791016,8,IN_TRANSIT_TO,2025-11-08 14:47:31,50623,409,BF-73-TQ,POINT (-9.230899810791016 38.71604919433594)
2217_742,5727_20250901_114_0_11,114_0,0,38.70708084106445,-9.173600196838379,38,IN_TRANSIT_TO,2025-11-08 20:25:52,9401,2217,07-99-XS,POINT (-9.173600196838379 38.70708084106445)
2206_742,5680_20250901_114_0_12,114_0,1,38.727718353271484,-9.16176986694336,30,IN_TRANSIT_TO,2025-11-08 20:25:55,6104,2206,01-67-XO,POINT (-9.16176986694336 38.727718353271484)
561_28E,14973_20250901_75_0_25,75_0,1,38.720699310302734,-9.135530471801758,22,IN_TRANSIT_TO,2025-11-08 20:25:53,704,561,,POINT (-9.135530471801758 38.720699310302734)
566_28E,14947_20250901_75_0_23,75_0,1,38.7081184387207,-9.14031982421875,4,IN_TRANSIT_TO,2025-11-08 20:26:07,10519,566,,POINT (-9.14031982421875 38.7081184387207)
2836_728,4593_20250901_204_0_12,204_0,0,38.722999572753906,-9.113129615783691,25,IN_TRANSIT_TO,2025-11-08 20:26:05,2127,2836,BF-70-FZ,POINT (-9.113129615783691 38.722999572753906)
565_28E,14909_20250901_75_0_21,75_0,1,38.72079849243164,-9.135530471801758,22,IN_TRANSIT_TO,2025-11-08 20:25:49,704,565,,POINT (-9.135530471801758 38.72079849243164)
2231_758,6832_20250901_150_0_18,150_0,1,38.71445083618164,-9.144220352172852,30,IN_TRANSIT_TO,2025-11-08 20:26:16,10602,2231,06-28-XX,POINT (-9.144220352172852 38.71445083618164)
6027_760,51290_20250901_171_0_11,171_0,1,38.70304870605469,-9.193519592285156,18,IN_TRANSIT_TO,2025-11-08 20:25:53,13401,6027,BF-66-BA,POINT (-9.193519592285156 38.70304870605469)
2287_731,5008_20250901_190_0_16,190_0,1,38.758121490478516,-9.141579627990723,23,IN_TRANSIT_TO,2025-11-08 20:26:04,11306,2287,92-58-ZM,POINT (-9.141579627990723 38.758121490478516)
