id,trip_id,route_id,direction_id,latitude,longitude,current_stop_sequence,current_status,timestamp,stop_id,vehicle_id,license_plate,geometry
4645_728,4704_20250601_204_0_4,204_0,0,38.7064208984375,-9.153650283813477,17,IN_TRANSIT_TO,2025-07-15 07:49:44,3901,4645,98-JO-46,POINT (-9.153650283813477 38.7064208984375)
4648_750,6332_20250601_106_0_4,106_0,0,38.75777053833008,-9.175700187683105,19,IN_TRANSIT_TO,2025-07-15 07:49:46,12805,4648,98-JO-47,POINT (-9.175700187683105 38.75777053833008)
2253_758,6807_20250601_150_0_5,150_0,0,38.72023010253906,-9.154899597167969,8,IN_TRANSIT_TO,2025-07-15 07:49:41,6812,2253,80-52-ZE,POINT (-9.154899597167969 38.72023010253906)
4607_748,6154_20250601_169_0_4,169_0,1,38.72441864013672,-9.1810302734375,6,IN_TRANSIT_TO,2025-07-15 07:49:35,14311,4607,96-GL-84,POINT (-9.1810302734375 38.72441864013672)
304_744,5837_20250601_200_0_2,200_0,1,38.733028411865234,-9.14525032043457,27,IN_TRANSIT_TO,2025-07-15 07:49:46,1812,304,22-SP-91,POINT (-9.14525032043457 38.733028411865234)
4606_750,6327_20250601_106_0_3,106_0,0,38.75802993774414,-9.141730308532715,12,IN_TRANSIT_TO,2025-07-15 07:49:49,11306,4606,96-GL-83,POINT (-9.141730308532715 38.75802993774414)
2448_771,21939_20250601_248_0_6,248_0,0,38.73775100708008,-9.168519973754883,3,IN_TRANSIT_TO,2025-07-15 07:49:18,2712,2448,44-BC-34,POINT (-9.168519973754883 38.73775100708008)
2317_793,7975_20250601_145_0_7,145_0,0,38.74089813232422,-9.105719566345215,0,IN_TRANSIT_TO,2025-07-15 07:49:54,,2317,61-86-ZB,POINT (-9.105719566345215 38.74089813232422)
4604_753,6551_20250601_167_0_6,167_0,1,38.671749114990234,-9.172900199890137,1,IN_TRANSIT_TO,2025-07-15 07:50:04,19001,4604,96-GL-82,POINT (-9.172900199890137 38.671749114990234)
2250_731,19403_20240727_190_0_8,190_0,1,38.78303146362305,-9.114009857177734,3,IN_TRANSIT_TO,2024-08-10 10:41:27,12610,2250,80-41-ZE,POINT (-9.114009857177734 38.78303146362305)
4602_753,6574_20250601_167_0_7,167_0,0,38.72555160522461,-9.148520469665527,3,IN_TRANSIT_TO,2025-07-15 07:49:50,1202,4602,96-GL-80,POINT (-9.148520469665527 38.72555160522461)
2292_731,4973_20250601_190_0_4,190_0,1,38.75904846191406,-9.138649940490723,22,IN_TRANSIT_TO,2025-07-15 07:49:43,11308,2292,83-16-ZM,POINT (-9.138649940490723 38.75904846191406)
2256_763,46416_20250601_282_0_4,282_0,1,38.7706298828125,-9.194029808044434,7,IN_TRANSIT_TO,2025-07-15 07:49:41,14110,2256,80-53-ZE,POINT (-9.194029808044434 38.7706298828125)
2795_764,7161_20250601_168_0_3,168_0,0,38.74531936645508,-9.222049713134766,31,IN_TRANSIT_TO,2025-07-15 07:49:46,3008,2795,AJ-55-LI,POINT (-9.222049713134766 38.74531936645508)
2494_742,5679_20250601_114_0_7,114_0,1,38.7038688659668,-9.185999870300293,16,IN_TRANSIT_TO,2025-07-11 11:51:39,12007,2494,88-BL-68,POINT (-9.185999870300293 38.7038688659668)
6033_732,5079_20250601_107_0_2,107_0,1,38.74745178222656,-9.147899627685547,42,IN_TRANSIT_TO,2025-07-15 07:49:37,2001,6033,BF-92-AZ,POINT (-9.147899627685547 38.74745178222656)
4617_750,6391_20250601_106_0_2,106_0,0,38.76831817626953,-9.104280471801758,1,IN_TRANSIT_TO,2025-07-15 07:49:54,7813,4617,22-GP-51,POINT (-9.104280471801758 38.76831817626953)
4620_748,6159_20250601_169_0_4,169_0,1,38.71120071411133,-9.22212028503418,6,IN_TRANSIT_TO,2025-07-15 07:49:29,14311,4620,22-GP-54,POINT (-9.22212028503418 38.71120071411133)
2955_40B,17567_20250601_212_0_4,212_0,1,38.79331970214844,-9.148500442504883,23,IN_TRANSIT_TO,2025-07-15 07:50:02,50196,2955,27-GU-70,POINT (-9.148500442504883 38.79331970214844)
2624_759,6914_20250601_144_0_4,144_0,1,38.70804977416992,-9.133170127868652,44,IN_TRANSIT_TO,2025-07-15 07:49:43,4506,2624,72-VP-82,POINT (-9.133170127868652 38.70804977416992)
4642_750,6349_20250601_106_0_4,106_0,0,38.75516891479492,-9.150480270385742,13,IN_TRANSIT_TO,2025-07-15 07:50:02,11301,4642,90-JI-99,POINT (-9.150480270385742 38.75516891479492)
4816_748,6131_20250601_169_0_5,169_0,0,38.714820861816406,-9.231030464172363,9,IN_TRANSIT_TO,2025-07-15 07:49:53,14306,4816,34-VR-17,POINT (-9.231030464172363 38.714820861816406)
4614_750,6266_20250601_106_0_5,106_0,1,38.74829864501953,-9.197600364685059,14,IN_TRANSIT_TO,2025-07-15 07:49:53,2803,4614,96-GL-90,POINT (-9.197600364685059 38.74829864501953)
2943_79B,18670_20250601_221_0_3,221_0,0,38.71704864501953,-9.210419654846191,20,IN_TRANSIT_TO,2025-07-15 07:49:43,10404,2943,51-GL-83,POINT (-9.210419654846191 38.71704864501953)
4641_728,4596_20250601_204_0_3,204_0,1,38.70832061767578,-9.133299827575684,32,IN_TRANSIT_TO,2025-07-15 07:49:48,4502,4641,90-JI-98,POINT (-9.133299827575684 38.70832061767578)
4626_783,7850_20250601_203_0_5,203_0,0,38.7277717590332,-9.148500442504883,4,IN_TRANSIT_TO,2025-07-15 07:50:03,1225,4626,90-JI-93,POINT (-9.148500442504883 38.7277717590332)
4646_750,6403_20250601_106_0_4,106_0,1,38.76251983642578,-9.130000114440918,30,IN_TRANSIT_TO,2025-07-15 07:49:57,7501,4646,11-JM-79,POINT (-9.130000114440918 38.76251983642578)
4631_783,7850_20250601_203_0_12,203_0,1,38.770118713378906,-9.126720428466797,10,IN_TRANSIT_TO,2025-06-30 15:27:01,12202,4631,02-JN-86,POINT (-9.126720428466797 38.770118713378906)
4630_755,6634_20250601_118_0_5,118_0,1,38.754150390625,-9.153249740600586,7,IN_TRANSIT_TO,2025-07-15 07:49:59,5702,4630,02-JN-85,POINT (-9.153249740600586 38.754150390625)
4627_783,7823_20250601_203_0_4,203_0,1,38.757450103759766,-9.143630027770996,15,IN_TRANSIT_TO,2025-07-15 07:49:51,11306,4627,11-JM-76,POINT (-9.143630027770996 38.757450103759766)
2688_723,4143_20250601_121_0_4,121_0,1,38.71406936645508,-9.214550018310547,10,IN_TRANSIT_TO,2025-07-15 07:49:47,12402,2688,93-XA-35,POINT (-9.214550018310547 38.71406936645508)
2699_723,4173_20250601_121_0_5,121_0,0,38.72502136230469,-9.144180297851562,3,IN_TRANSIT_TO,2025-07-15 07:50:03,9205,2699,92-XQ-25,POINT (-9.144180297851562 38.72502136230469)
2692_764,7134_20250601_168_0_5,168_0,0,38.76028060913086,-9.184880256652832,12,IN_TRANSIT_TO,2025-07-15 07:49:37,12804,2692,90-XF-62,POINT (-9.184880256652832 38.76028060913086)
2691_727,4533_20250601_103_0_3,103_0,1,38.70500183105469,-9.170280456542969,21,IN_TRANSIT_TO,2025-07-15 07:50:03,10207,2691,90-XF-45,POINT (-9.170280456542969 38.70500183105469)
2693_713,3618_20250601_122_0_3,122_0,0,38.713279724121094,-9.159370422363281,17,IN_TRANSIT_TO,2025-07-15 07:49:17,8111,2693,90-XF-46,POINT (-9.159370422363281 38.713279724121094)
2669_713,3587_20250601_122_0_6,122_0,1,38.72985076904297,-9.157970428466797,29,IN_TRANSIT_TO,2025-07-15 07:49:35,6116,2669,87-XB-34,POINT (-9.157970428466797 38.72985076904297)
6048_767,21199_20250601_112_1_3,112_1,0,38.75912857055664,-9.15548038482666,24,IN_TRANSIT_TO,2025-07-15 07:49:37,50234,6048,BH-46-IR,POINT (-9.15548038482666 38.75912857055664)
2695_711,3466_20250601_101_0_3,101_0,0,38.71337127685547,-9.13757038116455,3,IN_TRANSIT_TO,2025-07-15 07:49:48,913,2695,90-XF-50,POINT (-9.13757038116455 38.71337127685547)
4836_736,20048_20250601_199_0_6,199_0,1,38.761051177978516,-9.157320022583008,14,IN_TRANSIT_TO,2025-07-15 07:49:58,5808,4836,34-VR-23,POINT (-9.157320022583008 38.761051177978516)
2705_746,5953_20250601_108_0_6,108_0,1,38.74774932861328,-9.19087028503418,9,IN_TRANSIT_TO,2025-07-15 07:49:54,10803,2705,92-XQ-29,POINT (-9.19087028503418 38.74774932861328)
2684_738,5541_20250601_117_0_3,117_0,1,38.70547866821289,-9.178770065307617,4,IN_TRANSIT_TO,2025-07-15 07:49:43,12113,2684,99-XE-59,POINT (-9.178770065307617 38.70547866821289)
2683_711,3514_20250601_101_0_5,101_0,0,38.738731384277344,-9.20438003540039,18,IN_TRANSIT_TO,2025-07-15 07:49:41,8829,2683,99-XE-55,POINT (-9.20438003540039 38.738731384277344)
2682_738,5525_20250601_117_0_4,117_0,1,38.73125076293945,-9.146300315856934,19,IN_TRANSIT_TO,2025-07-15 07:49:37,1713,2682,93-XA-42,POINT (-9.146300315856934 38.73125076293945)
6047_767,20059_20250601_112_1_3,112_1,1,38.74687957763672,-9.216099739074707,3,IN_TRANSIT_TO,2025-07-15 07:49:45,3015,6047,BH-20-IP,POINT (-9.216099739074707 38.74687957763672)
6046_732,5094_20250601_107_0_3,107_0,1,38.706199645996094,-9.155779838562012,26,IN_TRANSIT_TO,2025-07-15 07:49:35,3901,6046,BH-73-IR,POINT (-9.155779838562012 38.706199645996094)
4618_750,6402_20250601_106_0_4,106_0,1,38.75857925415039,-9.11262035369873,33,IN_TRANSIT_TO,2025-07-15 07:49:49,8409,4618,22-GP-52,POINT (-9.11262035369873 38.75857925415039)
2947_29B,17533_20250601_209_0_3,209_0,0,38.78044891357422,-9.119879722595215,19,IN_TRANSIT_TO,2025-07-15 07:50:02,12603,2947,51-GL-84,POINT (-9.119879722595215 38.78044891357422)
2952_798,8197_20250601_194_0_7,194_0,0,38.7784309387207,-9.148880004882812,12,IN_TRANSIT_TO,2025-07-15 07:49:57,11509,2952,62-GQ-54,POINT (-9.148880004882812 38.7784309387207)
2959_798,8193_20250601_194_3_3,194_3,0,38.7476692199707,-9.147979736328125,5,IN_TRANSIT_TO,2025-07-14 05:11:32,2011,2959,27-GU-74,POINT (-9.147979736328125 38.7476692199707)
4643_728,4672_20250601_204_0_4,204_0,0,38.78247833251953,-9.113980293273926,52,IN_TRANSIT_TO,2025-07-15 07:49:43,12610,4643,98-JO-45,POINT (-9.113980293273926 38.78247833251953)
2676_714,3694_20250601_102_0_5,102_0,0,38.706520080566406,-9.154729843139648,4,IN_TRANSIT_TO,2025-07-15 07:49:34,3926,2676,87-XB-40,POINT (-9.154729843139648 38.706520080566406)
2671_713,3597_20250601_122_0_2,122_0,1,38.72734832763672,-9.161529541015625,27,IN_TRANSIT_TO,2025-07-15 07:49:47,8509,2671,87-XB-43,POINT (-9.161529541015625 38.72734832763672)
2673_714,3656_20250601_102_0_5,102_0,0,38.725948333740234,-9.212929725646973,30,IN_TRANSIT_TO,2025-07-15 07:49:47,10406,2673,87-XB-37,POINT (-9.212929725646973 38.725948333740234)
2672_713,3571_20250601_122_0_5,122_0,0,38.72700119018555,-9.161720275878906,9,IN_TRANSIT_TO,2025-07-15 07:49:39,6115,2672,87-XB-44,POINT (-9.161720275878906 38.72700119018555)
6001_760,7107_20250601_171_0_6,171_0,1,38.703399658203125,-9.191630363464355,19,IN_TRANSIT_TO,2025-07-15 07:49:57,13405,6001,99-XU-70,POINT (-9.191630363464355 38.703399658203125)
2674_754,6580_20250601_201_0_3,201_0,1,38.74433135986328,-9.147080421447754,33,IN_TRANSIT_TO,2025-07-15 07:49:51,2020,2674,87-XB-38,POINT (-9.147080421447754 38.74433135986328)
2962_770,7363_20250601_191_0_5,191_0,0,38.74068069458008,-9.186400413513184,11,IN_TRANSIT_TO,2025-07-15 07:49:44,50355,2962,30-VM-07,POINT (-9.186400413513184 38.74068069458008)
4623_736,5326_20250601_199_0_3,199_0,0,38.78960037231445,-9.175149917602539,28,IN_TRANSIT_TO,2025-07-15 07:49:49,50083,4623,27-JO-12,POINT (-9.175149917602539 38.78960037231445)
510_15E,11300_20250601_76_0_4,76_0,1,38.69541931152344,-9.217450141906738,4,IN_TRANSIT_TO,2025-07-15 07:49:46,13203,510,,POINT (-9.217450141906738 38.69541931152344)
604_15E,11277_20250601_76_0_6,76_0,1,38.70479965209961,-9.177350044250488,14,IN_TRANSIT_TO,2025-07-15 07:49:40,12115,604,,POINT (-9.177350044250488 38.70479965209961)
4819_751,6496_20250601_109_4_9,109_4,0,38.71875,-9.174949645996094,4,IN_TRANSIT_TO,2025-07-15 07:49:50,11902,4819,34-VR-16,POINT (-9.174949645996094 38.71875)
2718_711,3448_20250601_101_0_5,101_0,0,38.72460174560547,-9.159420013427734,8,IN_TRANSIT_TO,2025-07-15 07:49:36,1223,2718,92-XQ-23,POINT (-9.159420013427734 38.72460174560547)
6014_724,4228_20250601_178_0_5,178_0,0,38.73912811279297,-9.20324993133545,14,IN_TRANSIT_TO,2025-07-15 07:49:46,8829,6014,67-ZF-30,POINT (-9.20324993133545 38.73912811279297)
6049_758,6846_20250601_150_0_2,150_0,1,38.70616912841797,-9.143850326538086,34,IN_TRANSIT_TO,2025-07-15 07:49:53,3826,6049,BH-47-IR,POINT (-9.143850326538086 38.70616912841797)
2723_746,5961_20250601_108_0_5,108_0,0,38.74372100830078,-9.176030158996582,21,IN_TRANSIT_TO,2025-07-15 07:49:45,10902,2723,92-XQ-43,POINT (-9.176030158996582 38.74372100830078)
2827_753,18785_20250601_167_0_2,167_0,1,38.72412109375,-9.160699844360352,4,IN_TRANSIT_TO,2025-07-15 07:48:12,8502,2827,BF-61-FZ,POINT (-9.160699844360352 38.72412109375)
6050_760,7092_20250601_171_0_6,171_0,0,38.72713088989258,-9.141799926757812,2,IN_TRANSIT_TO,2025-07-15 07:50:03,6611,6050,BH-62-IR,POINT (-9.141799926757812 38.72713088989258)
2347_703,3106_20250601_165_0_4,165_0,0,38.779380798339844,-9.159270286560059,14,IN_TRANSIT_TO,2025-07-15 07:49:33,5927,2347,53-61-ZJ,POINT (-9.159270286560059 38.779380798339844)
2741_756,6720_20250601_175_0_6,175_0,0,38.72832107543945,-9.172750473022461,17,IN_TRANSIT_TO,2025-07-15 07:49:59,2714,2741,AG-99-TG,POINT (-9.172750473022461 38.72832107543945)
2658_709,3392_20250601_148_0_10,148_0,0,38.71458053588867,-9.140350341796875,2,IN_TRANSIT_TO,2025-07-15 07:49:52,919,2658,05-VZ-71,POINT (-9.140350341796875 38.71458053588867)
2479_767,7210_20250601_112_0_3,112_0,0,38.73527145385742,-9.139650344848633,7,IN_TRANSIT_TO,2025-07-15 07:49:44,11108,2479,91-BE-74,POINT (-9.139650344848633 38.73527145385742)
4634_796,8112_20250601_174_0_10,174_0,1,38.7799186706543,-9.163969993591309,13,IN_TRANSIT_TO,2025-07-15 07:50:00,5904,4634,11-JM-78,POINT (-9.163969993591309 38.7799186706543)
2493_735,5188_20250601_172_1_3,172_1,1,38.70841979980469,-9.133330345153809,20,IN_TRANSIT_TO,2025-07-15 07:49:44,4502,2493,88-BL-65,POINT (-9.133330345153809 38.70841979980469)
2414_771,21935_20250601_248_0_4,248_0,0,38.71297836303711,-9.195830345153809,16,IN_TRANSIT_TO,2025-07-15 07:49:34,12928,2414,92-AO-51,POINT (-9.195830345153809 38.71297836303711)
2844_728,4696_20250601_204_0_2,204_0,0,38.754581451416016,-9.096579551696777,37,IN_TRANSIT_TO,2025-07-15 07:50:00,2202,2844,BF-73-FZ,POINT (-9.096579551696777 38.754581451416016)
2295_724,4198_20250601_178_0_3,178_0,0,38.7370491027832,-9.205450057983398,14,IN_TRANSIT_TO,2025-07-15 07:49:45,8829,2295,92-53-ZM,POINT (-9.205450057983398 38.7370491027832)
2979_45B,49560_20250601_277_0_4,277_0,1,38.76055145263672,-9.16724967956543,11,IN_TRANSIT_TO,2025-07-15 07:49:53,50006,2979,30-VM-17,POINT (-9.16724967956543 38.76055145263672)
2282_758,6855_20250601_150_0_4,150_0,1,38.720428466796875,-9.155570030212402,26,IN_TRANSIT_TO,2025-07-15 07:49:59,6813,2282,67-35-ZJ,POINT (-9.155570030212402 38.720428466796875)
2281_731,4988_20250601_190_0_4,190_0,1,38.77532958984375,-9.10966968536377,12,IN_TRANSIT_TO,2025-07-15 07:49:46,7810,2281,67-56-ZJ,POINT (-9.10966968536377 38.77532958984375)
2841_751,6513_20250601_109_0_4,109_0,0,38.706329345703125,-9.175430297851562,8,IN_TRANSIT_TO,2025-07-15 07:49:52,12110,2841,BF-55-FZ,POINT (-9.175430297851562 38.706329345703125)
4832_736,5342_20250601_199_0_5,199_0,0,38.773380279541016,-9.16154956817627,20,IN_TRANSIT_TO,2025-07-15 07:49:52,5907,4832,68-VQ-51,POINT (-9.16154956817627 38.773380279541016)
2717_711,3491_20250601_101_0_4,101_0,1,38.72779846191406,-9.19202995300293,19,IN_TRANSIT_TO,2025-07-15 07:49:53,8704,2717,92-XQ-16,POINT (-9.19202995300293 38.72779846191406)
2629_759,6971_20250601_144_0_5,144_0,0,38.76084899902344,-9.111949920654297,29,IN_TRANSIT_TO,2025-07-15 07:49:57,8414,2629,52-VP-81,POINT (-9.111949920654297 38.76084899902344)
4835_736,5386_20250601_199_0_5,199_0,0,38.72417068481445,-9.149029731750488,3,IN_TRANSIT_TO,2025-07-15 07:49:51,1103,4835,53-VR-06,POINT (-9.149029731750488 38.72417068481445)
4811_728,4711_20250601_204_0_2,204_0,0,38.697200775146484,-9.200519561767578,11,IN_TRANSIT_TO,2025-07-15 07:49:55,4109,4811,34-VR-20,POINT (-9.200519561767578 38.697200775146484)
6034_716,3721_20250601_164_0_6,164_0,1,38.74850082397461,-9.20145034790039,2,IN_TRANSIT_TO,2025-07-15 07:49:49,10919,6034,BF-61-AX,POINT (-9.20145034790039 38.74850082397461)
306_744,5820_20250601_200_0_5,200_0,0,38.73897933959961,-9.146069526672363,7,IN_TRANSIT_TO,2025-07-15 07:49:43,1809,306,73-ST-81,POINT (-9.146069526672363 38.73897933959961)
2765_727,4541_20250601_103_0_1,103_0,1,38.709171295166016,-9.214500427246094,2,IN_TRANSIT_TO,2025-07-15 07:49:59,12403,2765,AH-37-ND,POINT (-9.214500427246094 38.709171295166016)
2783_750,57120_20250601_106_4_4,106_4,1,38.72666931152344,-9.208749771118164,6,IN_TRANSIT_TO,2025-07-15 07:49:59,14007,2783,AI-10-BT,POINT (-9.208749771118164 38.72666931152344)
2978_79B,18660_20250601_221_0_4,221_0,0,38.698951721191406,-9.225970268249512,1,IN_TRANSIT_TO,2025-07-15 07:49:43,4210,2978,29-VM-92,POINT (-9.225970268249512 38.698951721191406)
4633_755,6656_20250601_118_0_6,118_0,0,38.752071380615234,-9.125619888305664,26,IN_TRANSIT_TO,2025-07-15 07:48:10,14726,4633,90-JI-94,POINT (-9.125619888305664 38.752071380615234)
2430_716,3742_20250601_164_0_7,164_0,0,38.740230560302734,-9.167220115661621,12,IN_TRANSIT_TO,2025-07-15 07:49:58,50472,2430,29-AX-12,POINT (-9.167220115661621 38.740230560302734)
2442_771,21927_20250601_248_0_5,248_0,1,38.721229553222656,-9.182530403137207,14,IN_TRANSIT_TO,2025-07-15 07:49:36,21306,2442,29-AX-06,POINT (-9.182530403137207 38.721229553222656)
2703_713,3610_20250601_122_0_6,122_0,1,38.71857833862305,-9.174980163574219,4,IN_TRANSIT_TO,2025-07-15 07:49:52,11902,2703,92-XQ-24,POINT (-9.174980163574219 38.71857833862305)
2495_735,5257_20250601_172_1_4,172_1,0,38.722129821777344,-9.128780364990234,13,IN_TRANSIT_TO,2025-07-15 07:49:43,9109,2495,88-BL-69,POINT (-9.128780364990234 38.722129821777344)
6038_732,5056_20250601_107_0_3,107_0,0,38.70463180541992,-9.176580429077148,26,IN_TRANSIT_TO,2025-07-15 07:49:46,12102,6038,BG-46-LV,POINT (-9.176580429077148 38.70463180541992)
4833_736,5302_20250601_199_0_4,199_0,1,38.78683090209961,-9.180450439453125,2,IN_TRANSIT_TO,2025-07-15 07:50:03,15103,4833,20-VQ-65,POINT (-9.180450439453125 38.78683090209961)
6009_760,7064_20250601_171_0_5,171_0,0,38.7045783996582,-9.176170349121094,17,IN_TRANSIT_TO,2025-07-15 07:49:41,4004,6009,81-ZC-18,POINT (-9.176170349121094 38.7045783996582)
2272_703,3146_20250601_165_0_4,165_0,1,38.76525115966797,-9.181900024414062,15,IN_TRANSIT_TO,2025-07-15 07:49:54,12834,2272,76-80-ZG,POINT (-9.181900024414062 38.76525115966797)
4825_736,5362_20250601_199_0_5,199_0,0,38.76057815551758,-9.15703010559082,15,IN_TRANSIT_TO,2025-07-15 07:49:58,5805,4825,20-VQ-72,POINT (-9.15703010559082 38.76057815551758)
2345_768,7321_20250601_111_0_6,111_0,1,38.750099182128906,-9.161499977111816,21,IN_TRANSIT_TO,2025-07-15 07:49:09,12705,2345,53-59-ZJ,POINT (-9.161499977111816 38.750099182128906)
2965_34B,19140_20250601_226_0_3,226_0,0,38.7364501953125,-9.123749732971191,41,IN_TRANSIT_TO,2025-07-15 07:46:48,50410,2965,29-VM-97,POINT (-9.123749732971191 38.7364501953125)
2607_705,3185_20250601_176_0_4,176_0,1,38.774620056152344,-9.104849815368652,21,IN_TRANSIT_TO,2025-07-15 07:49:38,7812,2607,AA-95-TQ,POINT (-9.104849815368652 38.774620056152344)
6023_706,3244_20250601_147_0_5,147_0,1,38.733551025390625,-9.133779525756836,13,IN_TRANSIT_TO,2025-07-15 07:49:41,503,6023,BF-03-BD,POINT (-9.133779525756836 38.733551025390625)
4815_751,6504_20250601_109_4_3,109_4,1,38.70301818847656,-9.179780006408691,7,IN_TRANSIT_TO,2025-07-15 07:49:53,12107,4815,34-VR-24,POINT (-9.179780006408691 38.70301818847656)
4821_736,5420_20250601_199_0_6,199_0,1,38.73440170288086,-9.14501953125,22,IN_TRANSIT_TO,2025-07-15 07:49:58,1814,4821,20-VQ-68,POINT (-9.14501953125 38.73440170288086)
2824_728,4576_20250601_204_0_5,204_0,1,38.7034797668457,-9.170519828796387,39,IN_TRANSIT_TO,2025-07-15 07:49:47,10202,2824,BF-67-FZ,POINT (-9.170519828796387 38.7034797668457)
2613_744,5806_20250601_200_0_3,200_0,0,38.768619537353516,-9.099100112915039,24,IN_TRANSIT_TO,2025-07-15 07:49:46,7711,2613,66-VI-22,POINT (-9.099100112915039 38.768619537353516)
2697_746,5994_20250601_108_0_3,108_0,0,38.738380432128906,-9.162949562072754,7,IN_TRANSIT_TO,2025-07-15 07:49:34,1507,2697,90-XF-59,POINT (-9.162949562072754 38.738380432128906)
2264_758,6842_20250601_150_0_4,150_0,1,38.70526885986328,-9.143899917602539,34,IN_TRANSIT_TO,2025-07-15 07:49:43,3826,2264,76-90-ZG,POINT (-9.143899917602539 38.70526885986328)
6036_732,5087_20250601_107_0_1,107_0,1,38.713470458984375,-9.137029647827148,31,IN_TRANSIT_TO,2025-07-15 07:49:46,913,6036,BG-90-LX,POINT (-9.137029647827148 38.713470458984375)
2602_744,5842_20250601_200_0_4,200_0,1,38.75925064086914,-9.136980056762695,16,IN_TRANSIT_TO,2025-07-15 07:49:14,11316,2602,16-VF-81,POINT (-9.136980056762695 38.75925064086914)
4806_751,6497_20250601_109_0_6,109_0,0,38.69873046875,-9.186949729919434,11,IN_TRANSIT_TO,2025-07-15 07:50:01,9504,4806,20-VQ-74,POINT (-9.186949729919434 38.69873046875)
2988_71B,45256_20250601_278_0_3,278_0,0,38.739898681640625,-9.202179908752441,10,IN_TRANSIT_TO,2025-07-15 07:49:53,50459,2988,29-VM-94,POINT (-9.202179908752441 38.739898681640625)
4826_736,42809_20250601_199_0_6,199_0,1,38.78192901611328,-9.164520263671875,7,IN_TRANSIT_TO,2025-07-15 07:49:54,7202,4826,53-VR-05,POINT (-9.164520263671875 38.78192901611328)
2657_738,5509_20250601_117_0_4,117_0,0,38.75278091430664,-9.156350135803223,9,IN_TRANSIT_TO,2025-07-15 07:50:03,13510,2657,05-VZ-66,POINT (-9.156350135803223 38.75278091430664)
2637_705,3189_20250601_176_0_4,176_0,1,38.74332046508789,-9.132479667663574,2,IN_TRANSIT_TO,2025-07-15 07:49:24,317,2637,87-VS-51,POINT (-9.132479667663574 38.74332046508789)
6037_760,7021_20250601_171_0_4,171_0,1,38.71318054199219,-9.203149795532227,7,IN_TRANSIT_TO,2025-07-15 07:49:59,50168,6037,BG-37-LT,POINT (-9.203149795532227 38.71318054199219)
2617_759,6953_20250601_144_0_4,144_0,1,38.771480560302734,-9.097379684448242,3,IN_TRANSIT_TO,2025-07-15 07:49:01,7821,2617,66-VI-28,POINT (-9.097379684448242 38.771480560302734)
2633_722,4115_20250601_196_0_4,196_0,0,38.78020095825195,-9.110980033874512,32,IN_TRANSIT_TO,2025-07-15 07:49:02,12624,2633,52-VP-79,POINT (-9.110980033874512 38.78020095825195)
6005_760,7099_20250601_171_0_3,171_0,1,38.7069206237793,-9.141599655151367,30,IN_TRANSIT_TO,2025-07-15 07:49:55,3803,6005,81-ZC-91,POINT (-9.141599655151367 38.7069206237793)
2619_759,6900_20250601_144_0_3,144_0,0,38.71443176269531,-9.122980117797852,7,IN_TRANSIT_TO,2025-07-15 07:50:02,2101,2619,66-VI-37,POINT (-9.122980117797852 38.71443176269531)
2698_727,4555_20250601_103_0_3,103_0,0,38.69742965698242,-9.198579788208008,36,IN_TRANSIT_TO,2025-07-15 07:49:47,4112,2698,92-XQ-20,POINT (-9.198579788208008 38.69742965698242)
6039_732,5095_20250601_107_0_2,107_0,1,38.7056999206543,-9.199749946594238,12,IN_TRANSIT_TO,2025-07-15 07:49:44,13301,6039,BG-96-LU,POINT (-9.199749946594238 38.7056999206543)
2716_723,4162_20250601_121_0_4,121_0,1,38.69868087768555,-9.226550102233887,0,IN_TRANSIT_TO,2025-07-15 07:49:35,,2716,92-XQ-27,POINT (-9.226550102233887 38.69868087768555)
2991_774,7456_20250601_192_0_4,192_0,1,38.72623062133789,-9.14093017578125,0,IN_TRANSIT_TO,2025-07-15 07:49:38,,2991,29-VM-89,POINT (-9.14093017578125 38.72623062133789)
4820_751,6519_20250601_109_0_2,109_0,0,38.70703125,-9.173879623413086,7,IN_TRANSIT_TO,2025-07-15 07:50:01,9425,4820,20-VQ-62,POINT (-9.173879623413086 38.70703125)
2647_782,7791_20250601_152_0_3,152_0,0,38.766868591308594,-9.10398006439209,17,IN_TRANSIT_TO,2025-07-15 07:49:39,2315,2647,75-VS-45,POINT (-9.10398006439209 38.766868591308594)
2642_705,3194_20250601_176_0_4,176_0,0,38.76892852783203,-9.12798023223877,18,IN_TRANSIT_TO,2025-07-15 07:49:16,7602,2642,75-VS-51,POINT (-9.12798023223877 38.76892852783203)
573_25E,14253_20250601_79_0_2,79_0,0,38.71318054199219,-9.137920379638672,5,IN_TRANSIT_TO,2025-07-15 07:49:50,7102,573,,POINT (-9.137920379638672 38.71318054199219)
273_61B,21529_20250601_241_0_5,241_0,0,38.739681243896484,-9.168479919433594,14,IN_TRANSIT_TO,2025-07-15 07:49:53,50499,273,AH-15-TB,POINT (-9.168479919433594 38.739681243896484)
2611_759,6911_20250601_144_0_5,144_0,0,38.7153205871582,-9.141679763793945,0,IN_TRANSIT_TO,2025-07-15 07:49:59,,2611,66-VI-38,POINT (-9.141679763793945 38.7153205871582)
2326_735,5262_20250601_172_0_5,172_0,0,38.713199615478516,-9.123570442199707,5,IN_TRANSIT_TO,2025-07-15 07:49:53,8201,2326,67-49-ZJ,POINT (-9.123570442199707 38.713199615478516)
2632_782,7788_20250601_152_0_4,152_0,1,38.775001525878906,-9.099120140075684,2,IN_TRANSIT_TO,2025-07-15 07:47:45,7910,2632,52-VP-88,POINT (-9.099120140075684 38.775001525878906)
2981_702,3071_20250601_146_0_5,146_0,0,38.72772979736328,-9.16178035736084,3,IN_TRANSIT_TO,2025-07-15 07:49:54,6103,2981,29-VM-86,POINT (-9.16178035736084 38.72772979736328)
2618_781,7753_20250601_151_0_4,151_0,0,38.74760055541992,-9.096920013427734,11,IN_TRANSIT_TO,2025-07-15 07:49:32,50338,2618,66-VI-42,POINT (-9.096920013427734 38.74760055541992)
2733_756,6745_20250601_175_0_4,175_0,0,38.706050872802734,-9.175769805908203,23,IN_TRANSIT_TO,2025-07-15 07:49:49,12110,2733,AG-41-EI,POINT (-9.175769805908203 38.706050872802734)
2664_754,6619_20250601_201_0_3,201_0,0,38.74443054199219,-9.196450233459473,18,IN_TRANSIT_TO,2025-07-15 07:49:49,10818,2664,05-VZ-68,POINT (-9.196450233459473 38.74443054199219)
2640_744,5845_20250601_200_0_3,200_0,1,38.76942825317383,-9.121780395507812,11,IN_TRANSIT_TO,2025-07-15 07:49:07,7704,2640,75-VS-43,POINT (-9.121780395507812 38.76942825317383)
541_25E,14254_20250601_79_0_2,79_0,0,38.7046012878418,-9.17805004119873,5,IN_TRANSIT_TO,2025-07-15 07:49:39,7102,541,,POINT (-9.17805004119873 38.7046012878418)
2707_711,3506_20250601_101_0_5,101_0,1,38.74319839477539,-9.218830108642578,1,IN_TRANSIT_TO,2025-07-15 07:49:35,3021,2707,92-XQ-39,POINT (-9.218830108642578 38.74319839477539)
2612_759,6933_20250601_144_0_2,144_0,1,38.714229583740234,-9.121970176696777,40,IN_TRANSIT_TO,2025-07-15 07:49:40,2128,2612,66-VI-29,POINT (-9.121970176696777 38.714229583740234)
501_15E,11261_20250601_76_0_5,76_0,1,38.70758056640625,-9.139829635620117,21,IN_TRANSIT_TO,2025-07-15 07:49:52,3823,501,,POINT (-9.139829635620117 38.70758056640625)
542_28E,15035_20250601_75_0_4,75_0,0,38.72328186035156,-9.131669998168945,5,IN_TRANSIT_TO,2025-07-15 07:49:57,709,542,,POINT (-9.131669998168945 38.72328186035156)
2713_764,7157_20250601_168_0_6,168_0,1,38.746368408203125,-9.213430404663086,7,IN_TRANSIT_TO,2025-07-15 07:50:02,3015,2713,92-XQ-34,POINT (-9.213430404663086 38.746368408203125)
2635_781,7745_20250601_151_0_5,151_0,1,38.790279388427734,-9.1248197555542,0,IN_TRANSIT_TO,2025-07-15 07:49:47,,2635,52-VP-90,POINT (-9.1248197555542 38.790279388427734)
2799_713,3616_20250601_122_0_5,122_0,0,38.707820892333984,-9.173580169677734,30,IN_TRANSIT_TO,2025-07-15 07:49:46,9415,2799,AJ-52-LI,POINT (-9.173580169677734 38.707820892333984)
2258_758,6874_20250601_150_0_6,150_0,1,38.74869918823242,-9.197629928588867,5,IN_TRANSIT_TO,2025-07-15 07:49:37,10919,2258,53-58-ZJ,POINT (-9.197629928588867 38.74869918823242)
544_28E,15021_20250601_75_0_4,75_0,0,38.71757125854492,-9.135720252990723,1,IN_TRANSIT_TO,2025-07-15 07:40:49,819,544,,POINT (-9.135720252990723 38.71757125854492)
2996_774,7449_20250601_192_0_8,192_0,1,38.72317886352539,-9.160030364990234,9,IN_TRANSIT_TO,2025-07-15 07:49:54,8517,2996,30-VM-03,POINT (-9.160030364990234 38.72317886352539)
2769_712,3552_20250601_189_0_6,189_0,1,38.72515106201172,-9.15701961517334,13,IN_TRANSIT_TO,2025-07-15 07:49:52,6128,2769,AH-19-ND,POINT (-9.15701961517334 38.72515106201172)
556_24E,17831_20250601_213_0_6,213_0,0,38.71807861328125,-9.151949882507324,6,IN_TRANSIT_TO,2025-07-15 07:50:01,10607,556,,POINT (-9.151949882507324 38.71807861328125)
2636_744,5812_20250601_200_0_5,200_0,0,38.746971130371094,-9.147700309753418,9,IN_TRANSIT_TO,2025-07-15 07:49:55,2021,2636,87-VS-50,POINT (-9.147700309753418 38.746971130371094)
2686_714,3692_20250601_102_0_3,102_0,0,38.70195007324219,-9.180930137634277,14,IN_TRANSIT_TO,2025-07-15 07:49:59,12108,2686,99-XE-58,POINT (-9.180930137634277 38.70195007324219)
571_28E,14983_20250601_75_0_4,75_0,0,38.714298248291016,-9.169400215148926,34,IN_TRANSIT_TO,2025-07-15 07:50:00,8017,571,,POINT (-9.169400215148926 38.714298248291016)
582_28E,14969_20250601_75_0_4,75_0,0,38.71427917480469,-9.169480323791504,34,IN_TRANSIT_TO,2025-07-15 07:50:04,8017,582,,POINT (-9.169480323791504 38.71427917480469)
2652_742,5772_20250601_114_0_5,114_0,0,38.704750061035156,-9.183420181274414,42,IN_TRANSIT_TO,2025-07-15 07:49:48,12004,2652,05-VZ-61,POINT (-9.183420181274414 38.704750061035156)
2626_781,7724_20250601_151_0_4,151_0,1,38.707420349121094,-9.139820098876953,28,IN_TRANSIT_TO,2025-07-15 07:49:56,5504,2626,52-VP-86,POINT (-9.139820098876953 38.707420349121094)
2620_781,7719_20250601_151_0_5,151_0,0,38.705848693847656,-9.143119812011719,0,IN_TRANSIT_TO,2025-07-15 07:49:45,,2620,66-VI-33,POINT (-9.143119812011719 38.705848693847656)
503_15E,11225_20250601_76_0_5,76_0,0,38.70640182495117,-9.155050277709961,5,IN_TRANSIT_TO,2025-07-15 07:49:57,7102,503,,POINT (-9.155050277709961 38.70640182495117)
2622_781,7750_20250601_151_0_4,151_0,0,38.774349212646484,-9.111169815063477,22,IN_TRANSIT_TO,2025-07-15 07:49:54,12309,2622,66-VI-21,POINT (-9.111169815063477 38.774349212646484)
2603_722,4123_20250601_196_0_2,196_0,0,38.7423210144043,-9.133000373840332,13,IN_TRANSIT_TO,2025-07-15 06:05:04,302,2603,16-VF-76,POINT (-9.133000373840332 38.7423210144043)
2975_702,3064_20250601_146_0_13,146_0,0,38.73094940185547,-9.173370361328125,12,IN_TRANSIT_TO,2025-07-15 07:49:38,50085,2975,30-VM-11,POINT (-9.173370361328125 38.73094940185547)
2985_55B,21533_20250601_240_0_5,240_0,0,38.759281158447266,-9.180350303649902,15,IN_TRANSIT_TO,2025-07-15 07:50:02,12828,2985,30-VM-14,POINT (-9.180350303649902 38.759281158447266)
2986_797,8158_20250601_163_0_12,163_0,0,38.73685073852539,-9.133950233459473,2,IN_TRANSIT_TO,2025-07-15 07:49:54,402,2986,30-VM-12,POINT (-9.133950233459473 38.73685073852539)
2701_746,5978_20250601_108_0_8,108_0,1,38.752281188964844,-9.209420204162598,2,IN_TRANSIT_TO,2025-07-15 07:49:39,3003,2701,92-XQ-35,POINT (-9.209420204162598 38.752281188964844)
2982_702,3045_20250601_146_0_6,146_0,1,38.7269287109375,-9.164899826049805,9,IN_TRANSIT_TO,2025-07-15 07:49:46,6108,2982,30-VM-23,POINT (-9.164899826049805 38.7269287109375)
2990_72B,45264_20250601_279_0_3,279_0,0,38.74248123168945,-9.203929901123047,14,IN_TRANSIT_TO,2025-07-15 07:48:59,8814,2990,30-VM-06,POINT (-9.203929901123047 38.74248123168945)
2702_714,17756_20250601_102_0_4,102_0,1,38.70537185668945,-9.160650253295898,32,IN_TRANSIT_TO,2025-07-15 07:49:44,10211,2702,92-XQ-21,POINT (-9.160650253295898 38.70537185668945)
2604_705,3179_20250601_176_0_5,176_0,0,38.76831817626953,-9.097780227661133,2,IN_TRANSIT_TO,2025-07-15 07:49:39,7805,2604,66-VI-32,POINT (-9.097780227661133 38.76831817626953)
552_28E,14931_20250601_75_0_5,75_0,1,38.71049880981445,-9.143770217895508,13,IN_TRANSIT_TO,2025-07-15 07:49:51,10513,552,,POINT (-9.143770217895508 38.71049880981445)
2634_759,6936_20250601_144_0_4,144_0,1,38.744171142578125,-9.113619804382324,25,IN_TRANSIT_TO,2025-07-15 07:48:31,3706,2634,52-VP-85,POINT (-9.113619804382324 38.744171142578125)
2605_759,6951_20250601_144_0_4,144_0,1,38.772918701171875,-9.118280410766602,11,IN_TRANSIT_TO,2025-07-15 07:48:01,12206,2605,66-VI-35,POINT (-9.118280410766602 38.772918701171875)
2980_34B,19150_20250601_226_0_3,226_0,0,38.735748291015625,-9.114870071411133,21,IN_TRANSIT_TO,2025-07-15 07:49:53,50411,2980,29-VM-90,POINT (-9.114870071411133 38.735748291015625)
2663_714,3697_20240914_102_0_16,102_0,1,38.72127151489258,-9.221500396728516,4,IN_TRANSIT_TO,2024-10-22 20:26:58,18703,2663,05-VZ-62,POINT (-9.221500396728516 38.72127151489258)
2659_754,6621_20250601_201_0_3,201_0,0,38.74776840209961,-9.152029991149902,6,IN_TRANSIT_TO,2025-07-15 07:50:00,2007,2659,05-VZ-57,POINT (-9.152029991149902 38.74776840209961)
2685_727,4540_20250601_103_0_3,103_0,1,38.69794845581055,-9.191020011901855,14,IN_TRANSIT_TO,2025-07-15 07:50:03,4115,2685,93-XA-46,POINT (-9.191020011901855 38.69794845581055)
579_28E,15072_20250601_75_0_3,75_0,1,38.71506881713867,-9.136730194091797,35,IN_TRANSIT_TO,2025-07-15 07:49:35,804,579,,POINT (-9.136730194091797 38.71506881713867)
6043_732,5063_20250601_107_0_3,107_0,0,38.71622848510742,-9.142330169677734,14,IN_TRANSIT_TO,2025-07-15 07:49:57,1102,6043,BG-93-LT,POINT (-9.142330169677734 38.71622848510742)
554_28E,15061_20250601_75_0_2,75_0,0,38.71498107910156,-9.136449813842773,9,IN_TRANSIT_TO,2025-07-15 07:49:56,14804,554,,POINT (-9.136449813842773 38.71498107910156)
2732_742,5756_20250601_114_0_4,114_0,1,38.71371841430664,-9.197349548339844,1,IN_TRANSIT_TO,2025-07-15 07:49:35,10315,2732,AG-39-EI,POINT (-9.197349548339844 38.71371841430664)
1714_701,2951_20250601_123_0_8,123_0,0,38.747249603271484,-9.155900001525879,8,IN_TRANSIT_TO,2025-07-15 07:49:36,13501,1714,69-AL-77,POINT (-9.155900001525879 38.747249603271484)
545_25E,14262_20250601_79_0_2,79_0,0,38.707420349121094,-9.140680313110352,5,IN_TRANSIT_TO,2025-07-15 07:50:01,7102,545,,POINT (-9.140680313110352 38.707420349121094)
2995_797,8169_20250601_163_0_6,163_0,1,38.72169876098633,-9.128780364990234,0,IN_TRANSIT_TO,2025-07-15 07:49:41,,2995,30-VM-15,POINT (-9.128780364990234 38.72169876098633)
580_28E,15009_20250601_75_0_2,75_0,0,38.71046829223633,-9.142319679260254,20,IN_TRANSIT_TO,2025-07-15 07:49:35,10514,580,,POINT (-9.142319679260254 38.71046829223633)
543_12E,11031_20250601_77_0_3,77_0,1,38.71527862548828,-9.137120246887207,23,IN_TRANSIT_TO,2025-07-15 07:49:36,804,543,,POINT (-9.137120246887207 38.71527862548828)
4804_751,6489_20250601_109_0_4,109_0,1,38.710750579833984,-9.226269721984863,6,IN_TRANSIT_TO,2025-07-15 07:50:02,14311,4804,53-VR-07,POINT (-9.226269721984863 38.710750579833984)
550_28E,15047_20250601_75_0_4,75_0,0,38.71500015258789,-9.136380195617676,0,IN_TRANSIT_TO,2025-07-15 07:49:38,,550,,POINT (-9.136380195617676 38.71500015258789)
505_15E,11235_20250601_76_0_3,76_0,0,38.707149505615234,-9.141570091247559,3,IN_TRANSIT_TO,2025-07-15 07:49:56,3820,505,,POINT (-9.141570091247559 38.707149505615234)
2963_730,4959_20250601_198_0_6,198_0,0,38.7215690612793,-9.129570007324219,16,IN_TRANSIT_TO,2025-07-15 07:50:00,9105,2963,29-VM-88,POINT (-9.129570007324219 38.7215690612793)
2687_714,3634_20250601_102_0_6,102_0,1,38.7293701171875,-9.210020065307617,7,IN_TRANSIT_TO,2025-07-15 07:49:49,18707,2687,93-XA-44,POINT (-9.210020065307617 38.7293701171875)
265_76B,18629_20250601_219_0_5,219_0,0,38.71023178100586,-9.196399688720703,10,IN_TRANSIT_TO,2025-07-15 07:50:04,10303,265,AG-40-OV,POINT (-9.196399688720703 38.71023178100586)
4813_728,4636_20250601_204_0_5,204_0,1,38.776851654052734,-9.102930068969727,4,IN_TRANSIT_TO,2025-07-15 07:49:27,7904,4813,68-VQ-50,POINT (-9.102930068969727 38.776851654052734)
2696_746,5983_20250601_108_0_5,108_0,0,38.747249603271484,-9.188249588012695,15,IN_TRANSIT_TO,2025-07-15 07:49:44,10830,2696,90-XF-63,POINT (-9.188249588012695 38.747249603271484)
2977_774,7429_20250601_192_0_9,192_0,0,38.72114944458008,-9.156180381774902,8,IN_TRANSIT_TO,2025-07-15 07:49:26,6823,2977,30-VM-21,POINT (-9.156180381774902 38.72114944458008)
4808_728,4676_20250601_204_0_4,204_0,0,38.739051818847656,-9.103070259094238,31,IN_TRANSIT_TO,2025-07-15 07:49:54,12513,4808,20-VQ-73,POINT (-9.103070259094238 38.739051818847656)
6003_760,7084_20250601_171_0_3,171_0,0,38.70927047729492,-9.135370254516602,9,IN_TRANSIT_TO,2025-07-15 07:49:51,906,6003,82-ZC-02,POINT (-9.135370254516602 38.70927047729492)
572_28E,14943_20250601_75_0_3,75_0,1,38.71392822265625,-9.16135025024414,5,IN_TRANSIT_TO,2025-07-15 07:49:54,8109,572,,POINT (-9.16135025024414 38.71392822265625)
2641_782,7773_20250601_152_0_4,152_0,0,38.70709991455078,-9.141630172729492,1,IN_TRANSIT_TO,2025-07-15 07:49:48,3811,2641,75-VS-49,POINT (-9.141630172729492 38.70709991455078)
270_65B,22207_20250601_250_0_1,250_0,0,38.720420837402344,-9.164019584655762,5,IN_TRANSIT_TO,2025-07-15 07:49:38,50483,270,AH-54-CZ,POINT (-9.164019584655762 38.720420837402344)
555_24E,17841_20250601_213_0_7,213_0,1,38.720001220703125,-9.154350280761719,4,IN_TRANSIT_TO,2025-07-15 07:48:59,6823,555,,POINT (-9.154350280761719 38.720001220703125)
2987_45B,45291_20250601_277_0_3,277_0,0,38.776798248291016,-9.145779609680176,0,IN_TRANSIT_TO,2025-07-15 07:49:58,,2987,29-VM-99,POINT (-9.145779609680176 38.776798248291016)
575_12E,11032_20250601_77_0_2,77_0,0,38.71017837524414,-9.132800102233887,8,IN_TRANSIT_TO,2025-07-15 07:49:39,13804,575,,POINT (-9.132800102233887 38.71017837524414)
2660_723,4172_20250601_121_0_5,121_0,0,38.69635009765625,-9.214850425720215,27,IN_TRANSIT_TO,2025-07-15 07:49:45,9707,2660,05-VZ-60,POINT (-9.214850425720215 38.69635009765625)
2655_783,7824_20250601_203_0_6,203_0,1,38.7807502746582,-9.120030403137207,5,IN_TRANSIT_TO,2025-07-15 07:46:19,12602,2655,05-VZ-67,POINT (-9.120030403137207 38.7807502746582)
2782_712,3546_20250601_189_0_4,189_0,1,38.71969985961914,-9.128000259399414,24,IN_TRANSIT_TO,2025-07-15 07:50:03,9112,2782,AI-99-BS,POINT (-9.128000259399414 38.71969985961914)
4644_728,4632_20250601_204_0_3,204_0,1,38.7694206237793,-9.10457992553711,8,IN_TRANSIT_TO,2025-07-15 07:49:56,7806,4644,27-JO-11,POINT (-9.10457992553711 38.7694206237793)
277_776,7495_20250601_193_0_11,193_0,1,38.71588134765625,-9.231100082397461,0,IN_TRANSIT_TO,2025-07-15 01:04:10,,277,AH-13-TB,POINT (-9.231100082397461 38.71588134765625)
2984_52B,21670_20250601_244_0_3,244_0,0,38.738319396972656,-9.144129753112793,13,IN_TRANSIT_TO,2025-07-15 07:49:52,50544,2984,30-VM-04,POINT (-9.144129753112793 38.738319396972656)
2630_722,4131_20250601_196_0_3,196_0,1,38.7423210144043,-9.134869575500488,24,IN_TRANSIT_TO,2025-07-15 07:49:37,50458,2630,52-VP-89,POINT (-9.134869575500488 38.7423210144043)
2744_756,6721_20250601_175_0_6,175_0,0,38.74237823486328,-9.13366985321045,6,IN_TRANSIT_TO,2025-07-15 07:49:58,301,2744,AG-13-TH,POINT (-9.13366985321045 38.74237823486328)
4803_728,4616_20250601_204_0_5,204_0,1,38.75334930419922,-9.095879554748535,15,IN_TRANSIT_TO,2025-07-15 07:49:31,2307,4803,77-VP-16,POINT (-9.095879554748535 38.75334930419922)
2651_755,6692_20250601_118_0_6,118_0,0,38.74462127685547,-9.102330207824707,2,IN_TRANSIT_TO,2025-07-15 07:49:42,12511,2651,05-VZ-54,POINT (-9.102330207824707 38.74462127685547)
2720_713,3582_20250601_122_0_5,122_0,0,38.737770080566406,-9.142250061035156,2,IN_TRANSIT_TO,2025-07-15 07:50:02,11109,2720,92-XQ-28,POINT (-9.142250061035156 38.737770080566406)
2665_727,4509_20250601_103_0_3,103_0,1,38.7421989440918,-9.14661979675293,41,IN_TRANSIT_TO,2025-07-15 07:49:47,1805,2665,87-XB-33,POINT (-9.14661979675293 38.7421989440918)
2627_759,6972_20250601_144_0_5,144_0,0,38.73136901855469,-9.110899925231934,15,IN_TRANSIT_TO,2025-07-15 07:49:53,8317,2627,52-VP-83,POINT (-9.110899925231934 38.73136901855469)
4635_796,8143_20250601_174_0_10,174_0,1,38.79302978515625,-9.15546989440918,4,IN_TRANSIT_TO,2025-07-15 07:49:43,11607,4635,90-JI-95,POINT (-9.15546989440918 38.79302978515625)
274_734,5162_20250601_205_4_7,205_4,1,38.7169303894043,-9.136119842529297,8,IN_TRANSIT_TO,2025-07-15 07:48:23,804,274,AH-14-TB,POINT (-9.136119842529297 38.7169303894043)
2742_708,3327_20250601_100_0_2,100_0,0,38.75979995727539,-9.116680145263672,17,IN_TRANSIT_TO,2025-07-15 07:50:03,7509,2742,AG-94-TG,POINT (-9.116680145263672 38.75979995727539)
2725_764,7141_20250601_168_0_6,168_0,0,38.75257873535156,-9.15939998626709,0,IN_TRANSIT_TO,2025-07-15 07:50:05,,2725,92-XQ-30,POINT (-9.15939998626709 38.75257873535156)
2715_711,3504_20250601_101_0_3,101_0,1,38.74066925048828,-9.202469825744629,12,IN_TRANSIT_TO,2025-07-15 07:49:59,8836,2715,92-XQ-22,POINT (-9.202469825744629 38.74066925048828)
2731_720,4080_20250601_143_0_6,143_0,1,38.710750579833984,-9.165029525756836,9,IN_TRANSIT_TO,2025-07-15 07:49:43,10101,2731,AG-49-EI,POINT (-9.165029525756836 38.710750579833984)
2719_709,3404_20250601_148_0_5,148_0,1,38.7169303894043,-9.157750129699707,5,IN_TRANSIT_TO,2025-07-15 07:50:02,8103,2719,92-XQ-17,POINT (-9.157750129699707 38.7169303894043)
4632_783,7849_20250601_203_0_5,203_0,0,38.7559814453125,-9.147930145263672,14,IN_TRANSIT_TO,2025-07-15 07:49:58,5708,4632,98-JO-43,POINT (-9.147930145263672 38.7559814453125)
6045_732,5077_20250601_107_0_3,107_0,0,38.73468017578125,-9.145119667053223,7,IN_TRANSIT_TO,2025-07-15 07:49:37,1814,6045,BH-32-IQ,POINT (-9.145119667053223 38.73468017578125)
2274_778,7528_20250601_179_0_6,179_0,1,38.760520935058594,-9.167099952697754,21,IN_TRANSIT_TO,2025-07-15 07:49:55,50006,2274,76-79-ZG,POINT (-9.167099952697754 38.760520935058594)
2330_742,5779_20250601_114_0_3,114_0,0,38.737728118896484,-9.142669677734375,22,IN_TRANSIT_TO,2025-07-15 07:49:46,11118,2330,67-52-ZJ,POINT (-9.142669677734375 38.737728118896484)
2260_768,7340_20250601_111_0_3,111_0,0,38.743099212646484,-9.166950225830078,5,IN_TRANSIT_TO,2025-07-15 07:49:43,12702,2260,67-47-ZJ,POINT (-9.166950225830078 38.743099212646484)
2428_767,7304_20250601_112_0_3,112_0,0,38.75954818725586,-9.156769752502441,19,IN_TRANSIT_TO,2025-07-15 07:50:04,5825,2428,29-AX-13,POINT (-9.156769752502441 38.75954818725586)
2327_735,5181_20250601_172_0_4,172_0,1,38.744468688964844,-9.139349937438965,10,IN_TRANSIT_TO,2025-07-15 07:50:04,306,2327,67-53-ZJ,POINT (-9.139349937438965 38.744468688964844)
2310_742,5679_20250601_114_0_4,114_0,0,38.737518310546875,-9.140680313110352,20,IN_TRANSIT_TO,2025-07-15 07:50:04,11106,2310,83-07-ZM,POINT (-9.140680313110352 38.737518310546875)
253_58B,19290_20250601_227_0_5,227_0,0,38.748199462890625,-9.168120384216309,3,IN_TRANSIT_TO,2025-07-15 07:50:00,12703,253,AF-88-NU,POINT (-9.168120384216309 38.748199462890625)
2402_729,4806_20250601_104_0_5,104_0,1,38.71242141723633,-9.200220108032227,15,IN_TRANSIT_TO,2025-07-15 07:49:58,12904,2402,50-AL-13,POINT (-9.200220108032227 38.71242141723633)
6044_760,7093_20250601_171_0_2,171_0,1,38.71961975097656,-9.137869834899902,37,IN_TRANSIT_TO,2025-07-15 07:49:55,812,6044,BG-87-LX,POINT (-9.137869834899902 38.71961975097656)
2750_742,5740_20250601_114_0_5,114_0,1,38.722679138183594,-9.166680335998535,27,IN_TRANSIT_TO,2025-07-15 07:49:57,8011,2750,AG-10-TH,POINT (-9.166680335998535 38.722679138183594)
2785_723,4179_20250601_121_0_2,121_0,1,38.72019958496094,-9.138569831848145,34,IN_TRANSIT_TO,2025-07-15 07:49:47,9214,2785,AI-05-BT,POINT (-9.138569831848145 38.72019958496094)
2471_726,4266_20250601_116_0_3,116_0,0,38.740631103515625,-9.167519569396973,18,IN_TRANSIT_TO,2025-07-15 07:49:43,1621,2471,74-BC-70,POINT (-9.167519569396973 38.740631103515625)
2404_767,21198_20250601_112_1_3,112_1,0,38.75516891479492,-9.186220169067383,11,IN_TRANSIT_TO,2025-07-15 07:49:53,12802,2404,50-AL-11,POINT (-9.186220169067383 38.75516891479492)
2246_799,8221_20250601_120_0_6,120_0,1,38.74177932739258,-9.211700439453125,12,IN_TRANSIT_TO,2025-07-15 07:49:47,8819,2246,22-38-ZB,POINT (-9.211700439453125 38.74177932739258)
2304_720,4097_20250601_143_0_6,143_0,0,38.732078552246094,-9.14087963104248,11,IN_TRANSIT_TO,2025-07-15 07:35:48,6501,2304,83-10-ZM,POINT (-9.14087963104248 38.732078552246094)
1708_798,8193_20250601_194_0_8,194_0,1,38.78007888793945,-9.148579597473145,11,IN_TRANSIT_TO,2025-07-15 07:50:04,50344,1708,69-AL-71,POINT (-9.148579597473145 38.78007888793945)
2244_731,19431_20250601_190_0_2,190_0,1,38.74121856689453,-9.16195011138916,31,IN_TRANSIT_TO,2025-07-15 07:49:36,1512,2244,22-44-ZB,POINT (-9.16195011138916 38.74121856689453)
2714_754,6611_20250601_201_0_4,201_0,1,38.74076843261719,-9.209019660949707,13,IN_TRANSIT_TO,2025-07-15 07:49:53,8819,2714,92-XQ-38,POINT (-9.209019660949707 38.74076843261719)
2822_753,6539_20250601_167_0_8,167_0,1,38.7234992980957,-9.163949966430664,3,IN_TRANSIT_TO,2025-07-15 07:49:48,8608,2822,BF-54-FZ,POINT (-9.163949966430664 38.7234992980957)
2286_724,4197_20250601_178_0_7,178_0,0,38.75669860839844,-9.200969696044922,23,IN_TRANSIT_TO,2025-07-15 07:49:37,13706,2286,67-42-ZJ,POINT (-9.200969696044922 38.75669860839844)
2299_742,5682_20250601_114_0_3,114_0,0,38.723121643066406,-9.114830017089844,8,IN_TRANSIT_TO,2025-07-15 07:50:02,9808,2299,83-14-ZM,POINT (-9.114830017089844 38.723121643066406)
6013_760,7042_20250601_171_0_3,171_0,0,38.70606994628906,-9.180319786071777,19,IN_TRANSIT_TO,2025-07-15 07:49:38,12120,6013,68-ZF-53,POINT (-9.180319786071777 38.70606994628906)
2293_724,4219_20250601_178_0_5,178_0,0,38.70735168457031,-9.179120063781738,2,IN_TRANSIT_TO,2025-07-15 07:49:47,12117,2293,92-57-ZM,POINT (-9.179120063781738 38.70735168457031)
2478_729,4762_20250601_104_0_4,104_0,0,38.76348114013672,-9.198570251464844,6,IN_TRANSIT_TO,2025-07-15 07:49:42,13909,2478,91-BE-80,POINT (-9.198570251464844 38.76348114013672)
4814_728,4592_20250601_204_0_5,204_0,1,38.70841979980469,-9.133330345153809,32,IN_TRANSIT_TO,2025-07-15 07:48:30,4502,4814,68-VQ-52,POINT (-9.133330345153809 38.70841979980469)
2812_782,7778_20250601_152_0_3,152_0,1,38.7087516784668,-9.133620262145996,19,IN_TRANSIT_TO,2025-07-15 07:49:38,4502,2812,90-II-61,POINT (-9.133620262145996 38.7087516784668)
2496_794,8074_20250601_115_0_5,115_0,0,38.75556945800781,-9.112870216369629,29,IN_TRANSIT_TO,2025-07-15 07:49:48,24370,2496,88-BL-70,POINT (-9.112870216369629 38.75556945800781)
2814_725,4241_20250601_197_0_10,197_0,1,38.79104995727539,-9.12345027923584,2,IN_TRANSIT_TO,2025-07-15 07:49:39,50182,2814,90-II-54,POINT (-9.12345027923584 38.79104995727539)
4639_736,5428_20250601_199_0_4,199_0,1,38.752769470214844,-9.151619911193848,16,IN_TRANSIT_TO,2025-07-15 07:49:56,5704,4639,27-JO-13,POINT (-9.151619911193848 38.752769470214844)
2815_718,3965_20250601_105_0_6,105_0,0,38.75682067871094,-9.113019943237305,0,IN_TRANSIT_TO,2025-07-09 08:21:51,,2815,90-II-55,POINT (-9.113019943237305 38.75682067871094)
2819_782,7783_20250601_152_0_4,152_0,1,38.744300842285156,-9.101880073547363,13,IN_TRANSIT_TO,2025-07-15 07:50:04,12524,2819,90-II-59,POINT (-9.101880073547363 38.744300842285156)
2970_730,4939_20250601_198_0_5,198_0,1,38.72677993774414,-9.128680229187012,13,IN_TRANSIT_TO,2025-07-15 07:50:02,9102,2970,29-VM-87,POINT (-9.128680229187012 38.72677993774414)
2813_725,4251_20250601_197_0_9,197_0,0,38.76905059814453,-9.100000381469727,1,IN_TRANSIT_TO,2025-07-15 07:49:46,7808,2813,90-II-53,POINT (-9.100000381469727 38.76905059814453)
1747_781,7740_20250601_151_0_4,151_0,1,38.76129913330078,-9.111430168151855,14,IN_TRANSIT_TO,2025-07-15 07:49:36,8424,1747,92-HR-04,POINT (-9.111430168151855 38.76129913330078)
1746_720,4098_20250601_143_0_2,143_0,0,38.72951889038086,-9.143500328063965,12,IN_TRANSIT_TO,2025-07-15 07:50:02,1710,1746,92-HR-03,POINT (-9.143500328063965 38.72951889038086)
2971_730,4972_20250601_198_0_5,198_0,0,38.736019134521484,-9.120420455932617,2,IN_TRANSIT_TO,2025-07-15 07:49:42,50050,2971,29-VM-98,POINT (-9.120420455932617 38.736019134521484)
4636_796,8139_20250601_174_0_8,174_0,1,38.759849548339844,-9.15707015991211,16,IN_TRANSIT_TO,2025-07-15 07:49:53,5808,4636,90-JI-97,POINT (-9.15707015991211 38.759849548339844)
2803_749,6200_20250601_195_0_7,195_0,1,38.747230529785156,-9.14799976348877,3,IN_TRANSIT_TO,2025-07-15 07:50:02,2022,2803,01-IH-92,POINT (-9.14799976348877 38.747230529785156)
4802_751,21405_20250601_109_0_4,109_0,0,38.704681396484375,-9.17786979675293,9,IN_TRANSIT_TO,2025-07-15 07:49:46,12121,4802,77-VP-17,POINT (-9.17786979675293 38.704681396484375)
4812_751,6472_20250601_109_0_3,109_0,1,38.698970794677734,-9.225970268249512,11,IN_TRANSIT_TO,2025-07-15 07:49:48,4210,4812,20-VQ-70,POINT (-9.225970268249512 38.698970794677734)
2802_718,3954_20250601_105_0_5,105_0,1,38.75006866455078,-9.104729652404785,24,IN_TRANSIT_TO,2025-07-15 07:49:51,2206,2802,01-IH-91,POINT (-9.104729652404785 38.75006866455078)
2807_718,3932_20250601_105_0_4,105_0,0,38.725921630859375,-9.112529754638672,18,IN_TRANSIT_TO,2025-07-15 07:50:00,8302,2807,01-IH-96,POINT (-9.112529754638672 38.725921630859375)
2968_737,5501_20250601_173_0_1,173_0,0,38.71392059326172,-9.137980461120605,0,IN_TRANSIT_TO,2025-07-15 07:49:40,,2968,30-VM-24,POINT (-9.137980461120605 38.71392059326172)
2806_718,3965_20250601_105_0_5,105_0,1,38.728919982910156,-9.122220039367676,9,IN_TRANSIT_TO,2025-07-15 07:49:43,11702,2806,01-IH-95,POINT (-9.122220039367676 38.728919982910156)
2459_767,7251_20250601_112_0_2,112_0,1,38.75463104248047,-9.151900291442871,30,IN_TRANSIT_TO,2025-07-15 07:49:42,5706,2459,74-BC-74,POINT (-9.151900291442871 38.75463104248047)
401_67B,28215_20250601_253_0_3,253_0,0,38.70716857910156,-9.173819541931152,11,IN_TRANSIT_TO,2025-07-15 07:49:40,9425,401,BF-60-TR,POINT (-9.173819541931152 38.70716857910156)
2804_749,6204_20250601_195_0_6,195_0,0,38.746421813964844,-9.112930297851562,4,IN_TRANSIT_TO,2025-07-15 07:49:55,3714,2804,01-IH-93,POINT (-9.112930297851562 38.746421813964844)
1750_794,8032_20250601_115_0_5,115_0,1,38.743431091308594,-9.116829872131348,26,IN_TRANSIT_TO,2025-07-15 07:48:21,3609,1750,92-HR-07,POINT (-9.116829872131348 38.743431091308594)
2761_727,4489_20250601_103_0_4,103_0,0,38.74795150756836,-9.132320404052734,1,IN_TRANSIT_TO,2025-07-15 07:49:52,314,2761,AH-33-ND,POINT (-9.132320404052734 38.74795150756836)
231_41B,19374_20250601_232_0_4,232_0,0,38.78424835205078,-9.151379585266113,22,IN_TRANSIT_TO,2025-07-15 07:49:54,50440,231,84-47-XQ,POINT (-9.151379585266113 38.78424835205078)
2455_729,4781_20250601_104_0_2,104_0,1,38.76554870605469,-9.198479652404785,35,IN_TRANSIT_TO,2025-07-15 07:49:42,13904,2455,16-AZ-12,POINT (-9.198479652404785 38.76554870605469)
2279_765,7177_20250601_110_0_12,110_0,1,38.75286865234375,-9.206250190734863,6,IN_TRANSIT_TO,2025-07-15 07:49:44,13703,2279,67-38-ZJ,POINT (-9.206250190734863 38.75286865234375)
2700_709,3389_20250601_148_0_8,148_0,0,38.71540069580078,-9.164299964904785,11,IN_TRANSIT_TO,2025-07-15 07:49:48,8002,2700,92-XQ-26,POINT (-9.164299964904785 38.71540069580078)
2311_735,5266_20250601_172_0_4,172_0,1,38.70787048339844,-9.133170127868652,32,IN_TRANSIT_TO,2025-07-15 07:50:01,8202,2311,72-23-XN,POINT (-9.133170127868652 38.70787048339844)
2251_763,46417_20250601_282_0_5,282_0,0,38.75321960449219,-9.189970016479492,20,IN_TRANSIT_TO,2025-07-15 07:49:51,12821,2251,22-31-ZB,POINT (-9.189970016479492 38.75321960449219)
2410_716,3720_20250601_164_0_8,164_0,1,38.7393798828125,-9.16748046875,12,IN_TRANSIT_TO,2025-07-15 07:50:01,1610,2410,92-AO-46,POINT (-9.16748046875 38.7393798828125)
2794_727,4470_20250601_103_0_3,103_0,0,38.74863052368164,-9.145350456237793,4,IN_TRANSIT_TO,2025-07-15 07:50:02,205,2794,AJ-60-LI,POINT (-9.145350456237793 38.74863052368164)
2762_711,3488_20250601_101_0_4,101_0,1,38.72322082519531,-9.148280143737793,29,IN_TRANSIT_TO,2025-07-15 07:49:43,50197,2762,AH-38-ND,POINT (-9.148280143737793 38.72322082519531)
219_773,7384_20250601_124_0_8,124_0,1,38.71002960205078,-9.162429809570312,15,IN_TRANSIT_TO,2025-07-15 07:49:58,10013,219,11-12-XO,POINT (-9.162429809570312 38.71002960205078)
302_744,5834_20250601_200_0_4,200_0,1,38.715171813964844,-9.14153003692627,33,IN_TRANSIT_TO,2025-07-15 07:49:44,1002,302,22-SP-89,POINT (-9.14153003692627 38.715171813964844)
2278_799,8229_20250601_120_0_4,120_0,0,38.741329193115234,-9.214079856872559,13,IN_TRANSIT_TO,2025-07-15 07:49:54,8820,2278,67-41-ZJ,POINT (-9.214079856872559 38.741329193115234)
2734_756,6744_20250601_175_0_6,175_0,1,38.706748962402344,-9.17467975616455,3,IN_TRANSIT_TO,2025-07-15 07:49:37,12105,2734,AG-50-EI,POINT (-9.17467975616455 38.706748962402344)
2756_712,3532_20250601_189_0_5,189_0,0,38.71770095825195,-9.1220703125,4,IN_TRANSIT_TO,2025-07-15 07:49:48,2105,2756,AH-27-ND,POINT (-9.1220703125 38.71770095825195)
2450_729,4819_20250601_104_0_2,104_0,0,38.70267105102539,-9.199580192565918,32,IN_TRANSIT_TO,2025-07-15 07:49:47,13307,2450,44-BC-36,POINT (-9.199580192565918 38.70267105102539)
301_722,4109_20250601_196_0_4,196_0,1,38.775150299072266,-9.112119674682617,8,IN_TRANSIT_TO,2025-07-15 07:48:22,12302,301,74-SM-62,POINT (-9.112119674682617 38.775150299072266)
2746_756,6736_20250601_175_0_5,175_0,1,38.741371154785156,-9.129070281982422,20,IN_TRANSIT_TO,2025-07-15 07:49:46,9008,2746,AG-97-TG,POINT (-9.129070281982422 38.741371154785156)
1711_717,3768_20250601_170_0_6,170_0,1,38.795230865478516,-9.151269912719727,3,IN_TRANSIT_TO,2025-07-15 07:49:40,16005,1711,69-AL-74,POINT (-9.151269912719727 38.795230865478516)
2300_720,4090_20250601_143_0_4,143_0,1,38.704498291015625,-9.184800148010254,2,IN_TRANSIT_TO,2025-07-15 07:49:58,12003,2300,83-13-ZM,POINT (-9.184800148010254 38.704498291015625)
1775_796,8147_20250601_174_0_6,174_0,1,38.77259826660156,-9.161100387573242,12,IN_TRANSIT_TO,2025-07-15 07:49:45,5940,1775,53-HX-08,POINT (-9.161100387573242 38.77259826660156)
2797_738,5551_20250601_117_0_3,117_0,0,38.70512008666992,-9.1808500289917,34,IN_TRANSIT_TO,2025-07-15 07:49:44,12114,2797,AJ-57-LI,POINT (-9.1808500289917 38.70512008666992)
2759_727,4532_20250601_103_0_2,103_0,1,38.705421447753906,-9.160470008850098,24,IN_TRANSIT_TO,2025-07-15 07:49:34,3907,2759,AH-21-ND,POINT (-9.160470008850098 38.705421447753906)
2284_778,18639_20250601_179_0_7,179_0,0,38.753021240234375,-9.189669609069824,23,IN_TRANSIT_TO,2025-07-15 07:49:56,50403,2284,67-36-ZJ,POINT (-9.189669609069824 38.753021240234375)
1705_701,2933_20250601_123_0_8,123_0,0,38.73918151855469,-9.168219566345215,20,IN_TRANSIT_TO,2025-07-15 07:50:00,1610,1705,69-AL-68,POINT (-9.168219566345215 38.73918151855469)
2745_755,6693_20250601_118_0_5,118_0,1,38.743770599365234,-9.09988021850586,39,IN_TRANSIT_TO,2025-07-15 07:49:28,12524,2745,AG-06-TH,POINT (-9.09988021850586 38.743770599365234)
2754_727,4445_20250601_103_0_3,103_0,0,38.71112060546875,-9.153630256652832,20,IN_TRANSIT_TO,2025-07-15 07:49:42,6702,2754,AG-01-TH,POINT (-9.153630256652832 38.71112060546875)
2784_712,3554_20250601_189_0_6,189_0,1,38.70698165893555,-9.172969818115234,2,IN_TRANSIT_TO,2025-07-15 07:49:45,9402,2784,AI-09-BT,POINT (-9.172969818115234 38.70698165893555)
4628_783,7839_20250601_203_0_4,203_0,1,38.790130615234375,-9.12417984008789,0,IN_TRANSIT_TO,2025-07-15 07:49:44,,4628,27-JO-10,POINT (-9.12417984008789 38.790130615234375)
1710_717,3834_20250601_170_0_4,170_0,0,38.73432159423828,-9.134180068969727,40,IN_TRANSIT_TO,2025-07-15 07:49:59,16002,1710,69-AL-73,POINT (-9.134180068969727 38.73432159423828)
2480_703,3099_20250601_165_0_5,165_0,0,38.770450592041016,-9.17199993133545,20,IN_TRANSIT_TO,2025-07-15 07:50:00,5914,2480,91-BE-75,POINT (-9.17199993133545 38.770450592041016)
2252_726,4327_20250601_116_0_2,116_0,1,38.73857879638672,-9.164079666137695,18,IN_TRANSIT_TO,2025-07-15 07:49:59,1602,2252,80-40-ZE,POINT (-9.164079666137695 38.73857879638672)
2767_738,5536_20250601_117_0_4,117_0,1,38.70677185058594,-9.175169944763184,1,IN_TRANSIT_TO,2025-07-15 07:49:44,12001,2767,AH-34-ND,POINT (-9.175169944763184 38.70677185058594)
2454_716,3750_20250601_164_0_8,164_0,1,38.735530853271484,-9.149169921875,20,IN_TRANSIT_TO,2025-07-15 07:49:57,1412,2454,16-AZ-18,POINT (-9.149169921875 38.735530853271484)
2801_718,3943_20250601_105_0_6,105_0,0,38.751651763916016,-9.109379768371582,5,IN_TRANSIT_TO,2025-07-15 07:48:58,24388,2801,38-HU-27,POINT (-9.109379768371582 38.751651763916016)
1780_755,6637_20250601_118_0_4,118_0,1,38.74177932739258,-9.167619705200195,2,IN_TRANSIT_TO,2025-07-15 07:49:47,1603,1780,63-HX-18,POINT (-9.167619705200195 38.74177932739258)
1767_755,6678_20250601_118_0_3,118_0,0,38.75701904296875,-9.116029739379883,16,IN_TRANSIT_TO,2025-07-15 07:49:22,8430,1767,63-HX-29,POINT (-9.116029739379883 38.75701904296875)
2768_714,18879_20250601_102_0_1,102_0,1,38.702579498291016,-9.180330276489258,27,IN_TRANSIT_TO,2025-07-15 07:49:42,12111,2768,AH-25-ND,POINT (-9.180330276489258 38.702579498291016)
2666_754,6600_20250601_201_0_4,201_0,1,38.74440002441406,-9.17887020111084,25,IN_TRANSIT_TO,2025-07-15 07:50:02,10701,2666,87-XB-39,POINT (-9.17887020111084 38.74440002441406)
1759_796,8134_20250601_174_0_6,174_0,1,38.760780334472656,-9.157349586486816,16,IN_TRANSIT_TO,2025-07-15 07:49:39,5808,1759,34-HU-25,POINT (-9.157349586486816 38.760780334472656)
1743_767,7303_20250601_112_0_3,112_0,0,38.75294876098633,-9.208479881286621,40,IN_TRANSIT_TO,2025-07-15 07:49:48,50386,1743,92-HR-00,POINT (-9.208479881286621 38.75294876098633)
1756_794,8044_20250601_115_0_3,115_0,1,38.75379943847656,-9.125929832458496,19,IN_TRANSIT_TO,2025-07-15 07:49:46,14720,1756,34-HU-22,POINT (-9.125929832458496 38.75379943847656)
2487_726,4288_20250601_116_0_5,116_0,0,38.72726821899414,-9.136850357055664,5,IN_TRANSIT_TO,2025-07-15 07:49:41,605,2487,54-BH-97,POINT (-9.136850357055664 38.72726821899414)
2433_726,4343_20250601_116_0_4,116_0,1,38.766448974609375,-9.201299667358398,0,IN_TRANSIT_TO,2025-07-15 07:49:56,,2433,44-BC-28,POINT (-9.201299667358398 38.766448974609375)
2344_724,4227_20250601_178_0_8,178_0,1,38.749168395996094,-9.197549819946289,10,IN_TRANSIT_TO,2025-07-15 07:49:37,10908,2344,53-60-ZJ,POINT (-9.197549819946289 38.749168395996094)
2771_714,3702_20250601_102_0_4,102_0,1,38.70433044433594,-9.178620338439941,27,IN_TRANSIT_TO,2025-07-15 07:49:50,12111,2771,AH-20-ND,POINT (-9.178620338439941 38.70433044433594)
2322_742,5723_20250601_114_0_3,114_0,1,38.72452926635742,-9.11674976348877,49,IN_TRANSIT_TO,2025-07-15 07:49:36,9803,2322,67-46-ZJ,POINT (-9.11674976348877 38.72452926635742)
2412_747,6123_20250601_177_0_6,177_0,1,38.766021728515625,-9.198200225830078,2,IN_TRANSIT_TO,2025-07-15 07:49:46,13906,2412,92-AO-48,POINT (-9.198200225830078 38.766021728515625)
2747_756,6737_20250601_175_0_7,175_0,1,38.74076843261719,-9.148980140686035,13,IN_TRANSIT_TO,2025-07-15 07:50:00,33101,2747,AG-09-TH,POINT (-9.148980140686035 38.74076843261719)
1704_794,8064_20250601_115_0_5,115_0,0,38.76377868652344,-9.103750228881836,36,IN_TRANSIT_TO,2025-07-15 07:49:34,2313,1704,35-AL-14,POINT (-9.103750228881836 38.76377868652344)
2447_767,7265_20250601_112_0_4,112_0,1,38.755069732666016,-9.1533203125,29,IN_TRANSIT_TO,2025-07-15 07:49:27,5804,2447,44-BC-33,POINT (-9.1533203125 38.755069732666016)
4613_728,4703_20250601_204_0_4,204_0,0,38.70840072631836,-9.136300086975098,21,IN_TRANSIT_TO,2025-07-15 07:49:43,5501,4613,22-GP-48,POINT (-9.136300086975098 38.70840072631836)
1779_717,3835_20250601_170_0_4,170_0,0,38.73712158203125,-9.133950233459473,40,IN_TRANSIT_TO,2025-07-15 07:49:01,16002,1779,63-HX-20,POINT (-9.133950233459473 38.73712158203125)
1718_717,3790_20250601_170_0_5,170_0,0,38.777679443359375,-9.14756965637207,28,IN_TRANSIT_TO,2025-07-15 07:50:00,6020,1718,69-AL-81,POINT (-9.14756965637207 38.777679443359375)
1725_755,6659_20250601_118_0_2,118_0,0,38.754920959472656,-9.135069847106934,29,IN_TRANSIT_TO,2025-07-15 07:49:56,7404,1725,25-AS-37,POINT (-9.135069847106934 38.754920959472656)
202_46B,21508_20250601_239_0_3,239_0,0,38.74858093261719,-9.135499954223633,4,IN_TRANSIT_TO,2025-07-15 07:49:46,11208,202,89-58-XD,POINT (-9.135499954223633 38.74858093261719)
2772_738,5552_20250601_117_0_2,117_0,0,38.71744918823242,-9.157520294189453,25,IN_TRANSIT_TO,2025-07-15 07:49:41,6802,2772,AH-24-ND,POINT (-9.157520294189453 38.71744918823242)
2467_716,3736_20250601_164_0_3,164_0,0,38.748199462890625,-9.191320419311523,19,IN_TRANSIT_TO,2025-07-15 07:49:35,10826,2467,16-AZ-14,POINT (-9.191320419311523 38.748199462890625)
2752_727,4467_20250601_103_0_3,103_0,0,38.7336311340332,-9.144980430603027,10,IN_TRANSIT_TO,2025-07-15 07:49:33,1802,2752,AG-18-TH,POINT (-9.144980430603027 38.7336311340332)
2757_738,5559_20250601_117_0_3,117_0,0,38.744468688964844,-9.147549629211426,15,IN_TRANSIT_TO,2025-07-15 07:49:50,2020,2757,AH-32-ND,POINT (-9.147549629211426 38.744468688964844)
2473_729,4759_20250601_104_0_3,104_0,0,38.75605010986328,-9.194729804992676,9,IN_TRANSIT_TO,2025-07-15 07:49:44,12821,2473,74-BC-68,POINT (-9.194729804992676 38.75605010986328)
1758_717,3769_20250601_170_0_5,170_0,0,38.79566955566406,-9.149829864501953,38,IN_TRANSIT_TO,2025-07-15 07:49:40,11610,1758,34-HU-24,POINT (-9.149829864501953 38.79566955566406)
2333_735,5250_20250601_172_0_5,172_0,0,38.72486877441406,-9.128499984741211,14,IN_TRANSIT_TO,2025-07-15 07:49:36,9107,2333,62-97-ZG,POINT (-9.128499984741211 38.72486877441406)
2497_720,4039_20250601_143_0_7,143_0,0,38.73923110961914,-9.126270294189453,4,IN_TRANSIT_TO,2025-07-15 07:50:01,8910,2497,88-BL-71,POINT (-9.126270294189453 38.73923110961914)
2422_767,7186_20250601_112_0_3,112_0,0,38.76026916503906,-9.156880378723145,19,IN_TRANSIT_TO,2025-07-15 07:49:58,5825,2422,29-AU-17,POINT (-9.156880378723145 38.76026916503906)
2775_713,21382_20250601_122_0_6,122_0,1,38.70682907104492,-9.173870086669922,7,IN_TRANSIT_TO,2025-07-15 07:49:47,9425,2775,AH-31-ND,POINT (-9.173870086669922 38.70682907104492)
2336_708,3354_20250601_100_0_5,100_0,1,38.72169876098633,-9.13539981842041,41,IN_TRANSIT_TO,2025-07-15 07:49:48,704,2336,53-63-ZJ,POINT (-9.13539981842041 38.72169876098633)
2285_724,4220_20250601_178_0_6,178_0,1,38.72536849975586,-9.194120407104492,21,IN_TRANSIT_TO,2025-07-15 07:49:44,8702,2285,67-55-ZJ,POINT (-9.194120407104492 38.72536849975586)
2449_767,7197_20250601_112_0_3,112_0,0,38.75288009643555,-9.14365005493164,14,IN_TRANSIT_TO,2025-07-15 07:49:50,101,2449,44-BC-35,POINT (-9.14365005493164 38.75288009643555)
1719_793,8006_20250601_145_0_6,145_0,0,38.74755096435547,-9.110549926757812,18,IN_TRANSIT_TO,2025-07-15 07:50:03,2211,1719,25-AS-31,POINT (-9.110549926757812 38.74755096435547)
2809_782,7768_20250601_152_0_4,152_0,0,38.73529815673828,-9.103670120239258,7,IN_TRANSIT_TO,2025-07-15 07:48:57,8313,2809,01-IH-98,POINT (-9.103670120239258 38.73529815673828)
2445_747,6107_20250601_177_0_6,177_0,0,38.764869689941406,-9.157119750976562,3,IN_TRANSIT_TO,2025-07-15 07:49:36,5811,2445,44-BC-31,POINT (-9.157119750976562 38.764869689941406)
2423_767,7280_20250601_112_0_2,112_0,1,38.75008010864258,-9.19556999206543,14,IN_TRANSIT_TO,2025-07-15 07:49:49,10913,2423,29-AU-18,POINT (-9.19556999206543 38.75008010864258)
2269_758,6858_20250601_150_0_4,150_0,1,38.72901916503906,-9.162320137023926,20,IN_TRANSIT_TO,2025-07-15 07:49:51,6122,2269,76-88-ZG,POINT (-9.162320137023926 38.72901916503906)
218_13B,21590_20250601_243_0_4,243_0,0,38.71466827392578,-9.122679710388184,15,IN_TRANSIT_TO,2025-07-15 07:49:44,2101,218,11-13-XO,POINT (-9.122679710388184 38.71466827392578)
2833_751,6461_20250601_109_0_5,109_0,1,38.699100494384766,-9.225729942321777,11,IN_TRANSIT_TO,2025-07-15 07:49:58,4210,2833,BF-65-FZ,POINT (-9.225729942321777 38.699100494384766)
2839_751,6439_20250601_109_0_6,109_0,0,38.728450775146484,-9.172699928283691,2,IN_TRANSIT_TO,2025-07-15 07:49:40,2704,2839,BF-69-FZ,POINT (-9.172699928283691 38.728450775146484)
1703_717,3861_20250601_170_0_6,170_0,1,38.774070739746094,-9.160679817199707,20,IN_TRANSIT_TO,2025-07-15 07:49:49,50163,1703,35-AL-13,POINT (-9.160679817199707 38.774070739746094)
2787_712,3530_20250601_189_0_3,189_0,0,38.72721862792969,-9.137350082397461,13,IN_TRANSIT_TO,2025-07-15 07:49:46,616,2787,AI-55-TL,POINT (-9.137350082397461 38.72721862792969)
2307_742,5773_20250601_114_0_4,114_0,0,38.725399017333984,-9.163419723510742,29,IN_TRANSIT_TO,2025-07-15 07:50:03,6113,2307,83-20-ZM,POINT (-9.163419723510742 38.725399017333984)
2305_742,5726_20250601_114_0_2,114_0,1,38.73418045043945,-9.15386962890625,34,IN_TRANSIT_TO,2025-07-15 07:49:45,1406,2305,83-18-ZM,POINT (-9.15386962890625 38.73418045043945)
2498_735,5229_20250601_172_0_5,172_0,0,38.756370544433594,-9.145700454711914,28,IN_TRANSIT_TO,2025-07-15 07:49:48,103,2498,03-BM-57,POINT (-9.145700454711914 38.756370544433594)
4603_750,6263_20250601_106_0_2,106_0,1,38.757720947265625,-9.162249565124512,23,IN_TRANSIT_TO,2025-07-15 07:49:56,50001,4603,96-GL-81,POINT (-9.162249565124512 38.757720947265625)
4605_753,6550_20250601_167_0_8,167_0,1,38.71553039550781,-9.177029609680176,2,IN_TRANSIT_TO,2025-07-15 07:49:42,14602,4605,31-GN-72,POINT (-9.177029609680176 38.71553039550781)
2306_717,3813_20250601_170_0_3,170_0,0,38.748600006103516,-9.130829811096191,40,IN_TRANSIT_TO,2025-07-15 07:50:05,16002,2306,83-19-ZM,POINT (-9.130829811096191 38.748600006103516)
2477_729,4826_20250601_104_0_4,104_0,0,38.74443054199219,-9.197380065917969,18,IN_TRANSIT_TO,2025-07-15 07:49:07,2805,2477,91-BE-73,POINT (-9.197380065917969 38.74443054199219)
1712_783,7840_20250601_203_0_5,203_0,0,38.7763786315918,-9.11793041229248,24,IN_TRANSIT_TO,2025-07-15 07:49:01,12208,1712,69-AL-75,POINT (-9.11793041229248 38.7763786315918)
220_773,7403_20250601_124_0_10,124_0,1,38.70920181274414,-9.171480178833008,6,IN_TRANSIT_TO,2025-07-15 07:49:54,50081,220,11-07-XO,POINT (-9.171480178833008 38.70920181274414)
6011_732,5045_20250601_107_0_3,107_0,0,38.71453094482422,-9.214550018310547,44,IN_TRANSIT_TO,2025-07-15 07:49:44,12402,6011,65-ZF-82,POINT (-9.214550018310547 38.71453094482422)
2484_726,4330_20250601_116_0_4,116_0,1,38.759368896484375,-9.181570053100586,8,IN_TRANSIT_TO,2025-07-15 07:49:48,12803,2484,91-BE-76,POINT (-9.181570053100586 38.759368896484375)
225_773,7405_20250601_124_0_9,124_0,0,38.71083068847656,-9.170550346374512,20,IN_TRANSIT_TO,2025-07-15 07:49:40,10105,225,84-37-XQ,POINT (-9.170550346374512 38.71083068847656)
2240_767,7287_20250601_112_0_4,112_0,1,38.75238037109375,-9.206399917602539,6,IN_TRANSIT_TO,2025-07-15 07:49:57,11001,2240,06-31-XX,POINT (-9.206399917602539 38.75238037109375)
2403_703,3165_20250601_165_0_3,165_0,0,38.768978118896484,-9.175000190734863,22,IN_TRANSIT_TO,2025-07-15 07:49:59,50391,2403,50-AL-12,POINT (-9.175000190734863 38.768978118896484)
1707_794,8055_20250601_115_0_5,115_0,1,38.76387023925781,-9.104029655456543,2,IN_TRANSIT_TO,2025-07-15 07:50:00,2324,1707,69-AL-70,POINT (-9.104029655456543 38.76387023925781)
2786_723,4165_20250601_121_0_5,121_0,0,38.69887161254883,-9.225379943847656,30,IN_TRANSIT_TO,2025-07-15 07:49:37,4208,2786,AI-52-TL,POINT (-9.225379943847656 38.69887161254883)
2426_726,4346_20250601_116_0_5,116_0,0,38.76002883911133,-9.191729545593262,27,IN_TRANSIT_TO,2025-07-15 07:49:38,12814,2426,29-AU-21,POINT (-9.191729545593262 38.76002883911133)
2838_751,6505_20250601_109_0_2,109_0,0,38.69742965698242,-9.198570251464844,15,IN_TRANSIT_TO,2025-07-15 07:49:32,4112,2838,BF-59-FZ,POINT (-9.198570251464844 38.69742965698242)
221_773,7412_20250601_124_0_9,124_0,0,38.71377182006836,-9.160630226135254,15,IN_TRANSIT_TO,2025-07-15 07:49:21,8112,221,11-06-XO,POINT (-9.160630226135254 38.71377182006836)
2485_726,4269_20250601_116_0_3,116_0,0,38.73714828491211,-9.14601993560791,10,IN_TRANSIT_TO,2025-07-15 07:49:28,11118,2485,91-BE-77,POINT (-9.14601993560791 38.73714828491211)
2408_771,39061_20250601_248_0_3,248_0,1,38.72766876220703,-9.161979675292969,19,IN_TRANSIT_TO,2025-07-15 07:49:16,6119,2408,50-AL-08,POINT (-9.161979675292969 38.72766876220703)
2309_708,3324_20250601_100_0_4,100_0,0,38.77172088623047,-9.097399711608887,29,IN_TRANSIT_TO,2025-07-15 07:49:55,7821,2309,83-15-ZM,POINT (-9.097399711608887 38.77172088623047)
2764_714,3701_20250601_102_0_3,102_0,0,38.70561981201172,-9.143919944763184,0,IN_TRANSIT_TO,2025-07-15 07:49:54,,2764,AH-29-ND,POINT (-9.143919944763184 38.70561981201172)
2776_748,6143_20250601_169_0_5,169_0,0,38.7253303527832,-9.152050018310547,2,IN_TRANSIT_TO,2025-07-15 07:49:58,1209,2776,AI-07-BT,POINT (-9.152050018310547 38.7253303527832)
2474_778,7533_20250601_179_0_4,179_0,1,38.76959991455078,-9.176719665527344,8,IN_TRANSIT_TO,2025-07-15 07:49:54,5937,2474,74-BC-67,POINT (-9.176719665527344 38.76959991455078)
606_15E,11209_20250601_76_0_5,76_0,0,38.70441818237305,-9.178370475769043,10,IN_TRANSIT_TO,2025-07-15 07:49:36,12116,606,,POINT (-9.178370475769043 38.70441818237305)
2748_742,5701_20250601_114_0_4,114_0,1,38.73175048828125,-9.12771987915039,43,IN_TRANSIT_TO,2025-07-15 07:49:38,502,2748,AG-96-TG,POINT (-9.12771987915039 38.73175048828125)
2335_717,3791_20250601_170_0_5,170_0,0,38.77191925048828,-9.160650253295898,19,IN_TRANSIT_TO,2025-07-15 07:49:56,5903,2335,62-98-ZG,POINT (-9.160650253295898 38.77191925048828)
609_15E,11287_20250601_76_0_6,76_0,1,38.698150634765625,-9.189669609069824,10,IN_TRANSIT_TO,2025-07-15 07:50:03,9507,609,,POINT (-9.189669609069824 38.698150634765625)
4609_750,6310_20250601_106_0_4,106_0,0,38.71847152709961,-9.218480110168457,34,IN_TRANSIT_TO,2025-07-15 07:49:50,18111,4609,96-GL-86,POINT (-9.218480110168457 38.71847152709961)
204_17B,21712_20250601_247_0_3,247_0,0,38.732078552246094,-9.14093017578125,5,IN_TRANSIT_TO,2025-07-15 07:49:31,6501,204,89-71-XD,POINT (-9.14093017578125 38.732078552246094)
2406_767,7273_20250601_112_0_4,112_0,1,38.758731842041016,-9.180580139160156,20,IN_TRANSIT_TO,2025-07-15 07:50:02,12803,2406,50-AL-09,POINT (-9.180580139160156 38.758731842041016)
1724_735,5270_20250601_172_0_2,172_0,1,38.731048583984375,-9.127920150756836,18,IN_TRANSIT_TO,2025-07-15 07:50:01,7004,1724,25-AS-36,POINT (-9.127920150756836 38.731048583984375)
2753_727,4525_20250601_103_0_3,103_0,1,38.724571228027344,-9.149499893188477,36,IN_TRANSIT_TO,2025-07-15 07:49:43,1207,2753,AG-08-TH,POINT (-9.149499893188477 38.724571228027344)
2289_731,5013_20250601_190_0_5,190_0,0,38.77473068237305,-9.103619575500488,29,IN_TRANSIT_TO,2025-06-20 07:26:48,7807,2289,92-60-ZM,POINT (-9.103619575500488 38.77473068237305)
2405_747,6117_20250601_177_0_5,177_0,1,38.763648986816406,-9.173569679260254,13,IN_TRANSIT_TO,2025-07-15 07:49:59,50022,2405,50-AL-10,POINT (-9.173569679260254 38.763648986816406)
2788_714,3631_20250601_102_0_6,102_0,1,38.71512985229492,-9.214679718017578,12,IN_TRANSIT_TO,2025-07-15 07:49:34,10403,2788,AI-51-TL,POINT (-9.214679718017578 38.71512985229492)
2831_753,20053_20250601_167_0_4,167_0,1,38.728118896484375,-9.145219802856445,8,IN_TRANSIT_TO,2025-07-15 07:50:02,6601,2831,BF-72-FZ,POINT (-9.145219802856445 38.728118896484375)
2434_767,7232_20250601_112_0_2,112_0,1,38.7227783203125,-9.140230178833008,43,IN_TRANSIT_TO,2025-07-15 07:50:01,9207,2434,29-AU-24,POINT (-9.140230178833008 38.7227783203125)
2464_747,6085_20250601_177_0_3,177_0,0,38.76137924194336,-9.19657039642334,21,IN_TRANSIT_TO,2025-07-15 07:50:02,13907,2464,91-BE-71,POINT (-9.19657039642334 38.76137924194336)
1726_794,8092_20250601_115_0_6,115_0,0,38.71833038330078,-9.117280006408691,4,IN_TRANSIT_TO,2025-07-15 07:50:03,2127,1726,25-AS-38,POINT (-9.117280006408691 38.71833038330078)
2291_731,5017_20250601_190_0_5,190_0,0,38.7476806640625,-9.15703010559082,10,IN_TRANSIT_TO,2025-07-15 07:49:57,3311,2291,92-56-ZM,POINT (-9.15703010559082 38.7476806640625)
206_17B,21702_20250601_247_0_3,247_0,0,38.72682189941406,-9.136730194091797,19,IN_TRANSIT_TO,2025-07-15 07:49:22,605,206,33-49-XH,POINT (-9.136730194091797 38.72682189941406)
4610_750,6306_20250601_106_0_4,106_0,0,38.71377182006836,-9.222419738769531,34,IN_TRANSIT_TO,2025-07-15 07:49:40,18111,4610,96-GL-87,POINT (-9.222419738769531 38.71377182006836)
2610_781,7735_20250601_151_0_4,151_0,1,38.7352294921875,-9.103919982910156,23,IN_TRANSIT_TO,2025-07-15 07:48:33,12514,2610,66-VI-20,POINT (-9.103919982910156 38.7352294921875)
2290_758,6871_20250601_150_0_2,150_0,1,38.746578216552734,-9.182299613952637,10,IN_TRANSIT_TO,2025-07-15 07:49:35,10829,2290,92-55-ZM,POINT (-9.182299613952637 38.746578216552734)
2840_728,4612_20250601_204_0_5,204_0,1,38.715301513671875,-9.120770454406738,28,IN_TRANSIT_TO,2025-07-15 07:50:02,2128,2840,BF-75-FZ,POINT (-9.120770454406738 38.715301513671875)
2773_713,3602_20250601_122_0_6,122_0,1,38.70668029785156,-9.158069610595703,13,IN_TRANSIT_TO,2025-07-15 07:49:49,3909,2773,AH-39-ND,POINT (-9.158069610595703 38.70668029785156)
1728_708,3305_20250601_100_0_3,100_0,0,38.79235076904297,-9.099100112915039,38,IN_TRANSIT_TO,2025-07-15 07:49:34,50302,1728,25-AS-40,POINT (-9.099100112915039 38.79235076904297)
6012_732,5086_20250601_107_0_3,107_0,1,38.747501373291016,-9.148050308227539,42,IN_TRANSIT_TO,2025-07-15 07:49:48,2001,6012,67-ZF-26,POINT (-9.148050308227539 38.747501373291016)
2798_764,7150_20250601_168_0_5,168_0,1,38.753448486328125,-9.187780380249023,20,IN_TRANSIT_TO,2025-07-15 07:49:39,10813,2798,AJ-56-LI,POINT (-9.187780380249023 38.753448486328125)
2438_767,7310_20250601_112_1_3,112_1,1,38.752079010009766,-9.189330101013184,16,IN_TRANSIT_TO,2025-07-15 07:49:42,10807,2438,44-BC-29,POINT (-9.189330101013184 38.752079010009766)
2825_753,6571_20250601_167_0_5,167_0,0,38.72391891479492,-9.162150382995605,6,IN_TRANSIT_TO,2025-07-15 07:49:41,8501,2825,BF-53-FZ,POINT (-9.162150382995605 38.72391891479492)
6029_758,6820_20250601_150_0_3,150_0,0,38.710418701171875,-9.143030166625977,2,IN_TRANSIT_TO,2025-07-15 07:49:45,3825,6029,BF-52-AX,POINT (-9.143030166625977 38.710418701171875)
2276_778,18643_20250601_179_0_4,179_0,0,38.766998291015625,-9.17061996459961,9,IN_TRANSIT_TO,2025-07-15 07:50:01,50025,2276,53-57-ZJ,POINT (-9.17061996459961 38.766998291015625)
2418_771,21931_20250601_248_0_7,248_0,1,38.70289993286133,-9.194769859313965,0,IN_TRANSIT_TO,2025-07-15 07:50:03,,2418,92-AO-54,POINT (-9.194769859313965 38.70289993286133)
2245_763,46419_20250601_282_0_5,282_0,0,38.77560043334961,-9.178529739379883,10,IN_TRANSIT_TO,2025-07-15 07:49:50,14109,2245,22-35-ZB,POINT (-9.178529739379883 38.77560043334961)
2466_703,3132_20250601_165_0_4,165_0,1,38.769081115722656,-9.173469543457031,20,IN_TRANSIT_TO,2025-07-15 07:49:34,50161,2466,16-AZ-16,POINT (-9.173469543457031 38.769081115722656)
2668_723,4140_20250601_121_0_4,121_0,1,38.72412109375,-9.18196964263916,25,IN_TRANSIT_TO,2025-07-15 07:49:39,50324,2668,87-XB-36,POINT (-9.18196964263916 38.72412109375)
4829_736,5411_20250601_199_0_4,199_0,1,38.717769622802734,-9.14365005493164,27,IN_TRANSIT_TO,2025-07-15 07:49:50,1102,4829,34-VR-21,POINT (-9.14365005493164 38.717769622802734)
2956_40B,17557_20250601_212_0_4,212_0,0,38.788429260253906,-9.145350456237793,10,IN_TRANSIT_TO,2025-07-15 07:48:17,50363,2956,27-GU-71,POINT (-9.145350456237793 38.788429260253906)
208_41B,19386_20250601_232_0_4,232_0,1,38.78403091430664,-9.163450241088867,7,IN_TRANSIT_TO,2025-06-09 10:47:59,5905,208,33-47-XH,POINT (-9.163450241088867 38.78403091430664)
4834_783,7804_20250601_203_0_4,203_0,1,38.74851989746094,-9.148679733276367,19,IN_TRANSIT_TO,2025-07-15 07:50:01,2006,4834,20-VQ-71,POINT (-9.148679733276367 38.74851989746094)
2843_748,6139_20250601_169_0_5,169_0,0,38.72848129272461,-9.211930274963379,6,IN_TRANSIT_TO,2025-07-15 07:49:44,18102,2843,BF-63-FZ,POINT (-9.211930274963379 38.72848129272461)
2770_727,4448_20250601_103_0_2,103_0,0,38.72378158569336,-9.150919914245605,14,IN_TRANSIT_TO,2025-07-15 07:49:58,1214,2770,AH-30-ND,POINT (-9.150919914245605 38.72378158569336)
203_49B,22213_20250601_251_0_4,251_0,0,38.737369537353516,-9.136150360107422,6,IN_TRANSIT_TO,2025-07-15 07:49:57,407,203,89-59-XD,POINT (-9.136150360107422 38.737369537353516)
209_46B,21498_20250601_239_0_2,239_0,0,38.74917984008789,-9.147970199584961,23,IN_TRANSIT_TO,2025-07-15 07:49:54,2012,209,33-46-XH,POINT (-9.147970199584961 38.74917984008789)
212_41B,19384_20250601_232_0_5,232_0,0,38.77431869506836,-9.15939998626709,16,IN_TRANSIT_TO,2025-07-15 07:49:48,5930,212,44-11-XL,POINT (-9.15939998626709 38.77431869506836)
410_19B,21686_20250601_245_0_4,245_0,0,38.7198486328125,-9.155670166015625,7,IN_TRANSIT_TO,2025-07-15 07:46:21,6810,410,BF-21-VF,POINT (-9.155670166015625 38.7198486328125)
2224_708,3340_20250601_100_0_6,100_0,0,38.72684860229492,-9.134819984436035,5,IN_TRANSIT_TO,2025-07-15 07:50:00,607,2224,08-15-XS,POINT (-9.134819984436035 38.72684860229492)
2210_720,4091_20250601_143_0_5,143_0,0,38.705448150634766,-9.167830467224121,23,IN_TRANSIT_TO,2025-07-15 07:50:01,10206,2210,01-66-XO,POINT (-9.167830467224121 38.705448150634766)
2217_742,5765_20250601_114_0_2,114_0,0,38.707481384277344,-9.196669578552246,49,IN_TRANSIT_TO,2025-07-15 07:49:51,13312,2217,07-99-XS,POINT (-9.196669578552246 38.707481384277344)
2834_753,6562_20250601_167_0_7,167_0,0,38.66941833496094,-9.172730445861816,8,IN_TRANSIT_TO,2025-07-15 07:49:57,14601,2834,BF-76-FZ,POINT (-9.172730445861816 38.66941833496094)
2215_708,3283_20250601_100_0_3,100_0,1,38.784969329833984,-9.095600128173828,7,IN_TRANSIT_TO,2025-07-15 07:45:42,50306,2215,08-01-XS,POINT (-9.095600128173828 38.784969329833984)
2781_727,4549_20250601_103_0_3,103_0,0,38.70521926879883,-9.202320098876953,39,IN_TRANSIT_TO,2025-07-15 07:49:47,13310,2781,AI-00-BT,POINT (-9.202320098876953 38.70521926879883)
2203_708,3280_20250601_100_0_5,100_0,1,38.76316833496094,-9.117329597473145,22,IN_TRANSIT_TO,2025-07-15 07:49:58,8438,2203,72-19-XN,POINT (-9.117329597473145 38.76316833496094)
2206_793,7985_20250601_145_0_7,145_0,1,38.74800109863281,-9.112930297851562,13,IN_TRANSIT_TO,2025-07-15 07:49:49,3714,2206,01-67-XO,POINT (-9.112930297851562 38.74800109863281)
411_10B,21748_20250601_242_0_5,242_0,0,38.708778381347656,-9.133270263671875,0,IN_TRANSIT_TO,2025-07-15 07:49:37,,411,BF-51-TD,POINT (-9.133270263671875 38.708778381347656)
6002_706,3254_20250601_147_0_5,147_0,1,38.72922134399414,-9.125570297241211,9,IN_TRANSIT_TO,2025-07-15 07:49:40,11705,6002,98-XU-85,POINT (-9.125570297241211 38.72922134399414)
2712_714,3675_20250601_102_0_5,102_0,0,38.703800201416016,-9.209179878234863,23,IN_TRANSIT_TO,2025-07-15 07:49:52,13124,2712,92-XQ-33,POINT (-9.209179878234863 38.703800201416016)
2223_720,4061_20250601_143_0_6,143_0,1,38.729148864746094,-9.143930435180664,18,IN_TRANSIT_TO,2025-07-15 07:49:50,6601,2223,08-16-XS,POINT (-9.143930435180664 38.729148864746094)
229_37B,18838_20250601_224_0_5,224_0,0,38.732120513916016,-9.126480102539062,18,IN_TRANSIT_TO,2025-07-15 07:49:58,50396,229,97-24-XT,POINT (-9.126480102539062 38.732120513916016)
561_28E,14917_20250601_75_0_5,75_0,1,38.7100715637207,-9.132699966430664,20,IN_TRANSIT_TO,2025-07-15 07:49:55,13801,561,,POINT (-9.132699966430664 38.7100715637207)
566_25E,14269_20250601_79_0_2,79_0,0,38.710548400878906,-9.142849922180176,1,IN_TRANSIT_TO,2025-07-15 07:49:38,50620,566,,POINT (-9.142849922180176 38.710548400878906)
567_18E,12180_20250601_78_0_7,78_0,0,38.706031799316406,-9.179030418395996,8,IN_TRANSIT_TO,2025-07-15 07:49:51,12120,567,,POINT (-9.179030418395996 38.706031799316406)
2226_755,6700_20250601_118_0_3,118_0,1,38.75288009643555,-9.123550415039062,18,IN_TRANSIT_TO,2025-07-15 07:49:44,14711,2226,06-35-XX,POINT (-9.123550415039062 38.75288009643555)
2230_799,8214_20250601_120_0_6,120_0,0,38.75267028808594,-9.18947982788086,0,IN_TRANSIT_TO,2025-07-15 07:49:42,,2230,06-36-XX,POINT (-9.18947982788086 38.75267028808594)
562_25E,14261_20250601_79_0_4,79_0,0,38.709999084472656,-9.133230209350586,1,IN_TRANSIT_TO,2025-07-15 07:49:48,50620,562,,POINT (-9.133230209350586 38.709999084472656)
2207_708,3355_20250601_100_0_2,100_0,1,38.74895095825195,-9.131070137023926,32,IN_TRANSIT_TO,2025-07-15 07:49:44,7304,2207,01-70-XO,POINT (-9.131070137023926 38.74895095825195)
413_73B,18772_20250601_220_0_3,220_0,0,38.701751708984375,-9.190699577331543,34,IN_TRANSIT_TO,2025-07-15 07:49:35,13406,413,BF-41-TS,POINT (-9.190699577331543 38.701751708984375)
4615_750,6288_20250601_106_0_4,106_0,1,38.73231887817383,-9.208499908447266,7,IN_TRANSIT_TO,2025-07-15 07:49:58,14005,4615,22-GP-49,POINT (-9.208499908447266 38.73231887817383)
560_18E,12198_20250601_78_0_4,78_0,1,38.70471954345703,-9.198479652404785,5,IN_TRANSIT_TO,2025-07-15 07:49:58,13303,560,,POINT (-9.198479652404785 38.70471954345703)
565_28E,14894_20250601_75_0_3,75_0,1,38.709999084472656,-9.133219718933105,20,IN_TRANSIT_TO,2025-07-15 07:49:33,13801,565,,POINT (-9.133219718933105 38.709999084472656)
2232_768,7327_20250601_111_0_6,111_0,1,38.759151458740234,-9.187419891357422,7,IN_TRANSIT_TO,2025-07-15 07:50:01,12817,2232,06-23-XX,POINT (-9.187419891357422 38.759151458740234)
2237_758,6866_20250601_150_0_6,150_0,1,38.74108123779297,-9.16996955871582,14,IN_TRANSIT_TO,2025-07-15 07:49:55,1615,2237,06-27-XX,POINT (-9.16996955871582 38.74108123779297)
2238_768,7336_20250601_111_0_8,111_0,0,38.76839828491211,-9.196249961853027,22,IN_TRANSIT_TO,2025-07-15 07:49:37,14110,2238,06-29-XX,POINT (-9.196249961853027 38.76839828491211)
2201_742,5743_20250601_114_0_2,114_0,1,38.70232009887695,-9.180720329284668,18,IN_TRANSIT_TO,2025-07-15 07:49:49,12005,2201,72-15-XN,POINT (-9.180720329284668 38.70232009887695)
230_773,7373_20250601_124_0_6,124_0,1,38.7132682800293,-9.153300285339355,20,IN_TRANSIT_TO,2025-07-15 07:49:22,6703,230,13-33-XZ,POINT (-9.153300285339355 38.7132682800293)
6004_747,6086_20250601_177_0_5,177_0,0,38.763450622558594,-9.166950225830078,6,IN_TRANSIT_TO,2025-07-15 07:49:34,50003,6004,82-ZC-35,POINT (-9.166950225830078 38.763450622558594)
2234_758,6775_20250601_150_0_5,150_0,0,38.74729919433594,-9.188920021057129,25,IN_TRANSIT_TO,2025-07-15 07:48:44,10826,2234,06-26-XX,POINT (-9.188920021057129 38.74729919433594)
615_15E,11199_20250601_76_0_5,76_0,0,38.69575119018555,-9.218620300292969,19,IN_TRANSIT_TO,2025-07-15 07:49:35,13206,615,,POINT (-9.218620300292969 38.69575119018555)
2287_731,4995_20250601_190_0_4,190_0,1,38.79029846191406,-9.10912036895752,0,IN_TRANSIT_TO,2025-07-15 07:47:23,,2287,92-58-ZM,POINT (-9.10912036895752 38.79029846191406)
2273_758,6798_20250601_150_0_3,150_0,0,38.737579345703125,-9.167719841003418,17,IN_TRANSIT_TO,2025-07-15 07:49:54,2713,2273,76-81-ZG,POINT (-9.167719841003418 38.737579345703125)
2261_750,39039_20250601_106_4_5,106_4,0,38.74517822265625,-9.202679634094238,1,IN_TRANSIT_TO,2025-07-15 07:49:48,2806,2261,80-49-ZE,POINT (-9.202679634094238 38.74517822265625)
2266_799,8228_20250601_120_0_7,120_0,1,38.739498138427734,-9.221579551696777,0,IN_TRANSIT_TO,2025-07-15 07:49:58,,2266,76-92-ZG,POINT (-9.221579551696777 38.739498138427734)
