id,trip_id,route_id,direction_id,latitude,longitude,current_stop_sequence,current_status,timestamp,stop_id,vehicle_id,license_plate,geometry
6032_760,7078_20250401_171_0_11,171_0,0,38.70951843261719,-9.203350067138672,39,IN_TRANSIT_TO,2025-04-11 14:54:20,12913,6032,BF-93-BC,POINT (-9.203350067138672 38.70951843261719)
2689_746,5966_20250401_108_0_15,108_0,0,38.74924850463867,-9.215780258178711,23,IN_TRANSIT_TO,2025-04-11 14:54:05,50234,2689,93-XA-45,POINT (-9.215780258178711 38.74924850463867)
4645_750,6400_20250401_106_0_8,106_0,0,38.75851821899414,-9.140480041503906,11,IN_TRANSIT_TO,2025-04-11 14:54:02,11308,4645,98-JO-46,POINT (-9.140480041503906 38.75851821899414)
4648_750,6347_20250401_106_0_10,106_0,0,38.704551696777344,-9.227029800415039,38,IN_TRANSIT_TO,2025-04-11 14:53:27,18403,4648,98-JO-47,POINT (-9.227029800415039 38.704551696777344)
557_25E,14272_20250401_79_0_20,79_0,0,38.71261978149414,-9.160280227661133,10,IN_TRANSIT_TO,2025-04-11 14:54:03,10012,557,,POINT (-9.160280227661133 38.71261978149414)
4607_728,4725_20250401_204_4_9,204_4,1,38.697021484375,-9.191450119018555,14,IN_TRANSIT_TO,2025-04-11 14:53:53,9502,4607,96-GL-84,POINT (-9.191450119018555 38.697021484375)
2254_758,6774_20250401_150_0_12,150_0,1,38.715171813964844,-9.144720077514648,29,IN_TRANSIT_TO,2025-04-11 14:53:54,10604,2254,80-51-ZE,POINT (-9.144720077514648 38.715171813964844)
2448_747,6076_20250401_177_0_16,177_0,1,38.76612854003906,-9.167030334472656,17,IN_TRANSIT_TO,2025-04-11 14:53:52,50008,2448,44-BC-34,POINT (-9.167030334472656 38.76612854003906)
6010_732,5097_20250401_107_0_6,107_0,1,38.719818115234375,-9.145219802856445,34,IN_TRANSIT_TO,2025-04-11 14:54:19,1103,6010,81-ZC-09,POINT (-9.145219802856445 38.719818115234375)
558_28E,14941_20250401_75_0_8,75_0,0,38.716670989990234,-9.135470390319824,1,IN_TRANSIT_TO,2025-04-11 14:54:02,819,558,,POINT (-9.135470390319824 38.716670989990234)
2317_717,3761_20250401_170_0_12,170_0,0,38.74882888793945,-9.130000114440918,5,IN_TRANSIT_TO,2025-04-11 14:53:59,313,2317,61-86-ZB,POINT (-9.130000114440918 38.74882888793945)
603_15E,11191_20250401_76_0_15,76_0,0,38.69660186767578,-9.220800399780273,17,IN_TRANSIT_TO,2025-04-11 14:53:54,13204,603,,POINT (-9.220800399780273 38.69660186767578)
2766_754,6623_20250401_201_0_11,201_0,0,38.74692153930664,-9.157500267028809,8,IN_TRANSIT_TO,2025-04-11 14:54:01,13501,2766,AH-40-ND,POINT (-9.157500267028809 38.74692153930664)
2250_731,19403_20240727_190_0_8,190_0,1,38.78303146362305,-9.114009857177734,3,IN_TRANSIT_TO,2024-08-10 10:41:27,12610,2250,80-41-ZE,POINT (-9.114009857177734 38.78303146362305)
6021_760,7088_20250401_171_0_9,171_0,0,38.711769104003906,-9.211230278015137,36,IN_TRANSIT_TO,2025-04-11 14:53:56,12922,6021,BD-91-QG,POINT (-9.211230278015137 38.711769104003906)
2328_720,4042_20250401_143_0_9,143_0,0,38.70376968383789,-9.168180465698242,23,IN_TRANSIT_TO,2025-04-11 14:54:09,10206,2328,62-96-ZG,POINT (-9.168180465698242 38.70376968383789)
2256_731,5023_20250401_190_0_12,190_0,1,38.75682830810547,-9.145649909973145,21,IN_TRANSIT_TO,2025-04-11 14:54:19,11306,2256,80-53-ZE,POINT (-9.145649909973145 38.75682830810547)
2494_735,5268_20250401_172_0_11,172_0,0,38.70787048339844,-9.13325023651123,4,IN_TRANSIT_TO,2025-04-11 14:54:03,4501,2494,88-BL-68,POINT (-9.13325023651123 38.70787048339844)
2346_706,3206_20250401_147_0_12,147_0,0,38.708518981933594,-9.152549743652344,6,IN_TRANSIT_TO,2025-04-11 14:54:13,7105,2346,62-93-ZG,POINT (-9.152549743652344 38.708518981933594)
6033_760,7058_20250401_171_0_10,171_0,1,38.70492172241211,-9.196229934692383,17,IN_TRANSIT_TO,2025-04-11 14:53:56,13305,6033,BF-92-AZ,POINT (-9.196229934692383 38.70492172241211)
4620_750,6261_20250401_106_0_10,106_0,1,38.7557487487793,-9.149629592895508,26,IN_TRANSIT_TO,2025-04-11 14:54:18,5712,4620,22-GP-54,POINT (-9.149629592895508 38.7557487487793)
2951_31B,17541_20250401_210_0_15,210_0,0,38.740779876708984,-9.111929893493652,16,IN_TRANSIT_TO,2025-04-11 14:54:13,3701,2951,62-GQ-53,POINT (-9.111929893493652 38.740779876708984)
4642_750,6304_20250401_106_0_11,106_0,1,38.73323059082031,-9.207869529724121,8,IN_TRANSIT_TO,2025-04-11 14:54:20,8803,4642,90-JI-99,POINT (-9.207869529724121 38.73323059082031)
4616_750,6371_20250401_106_0_9,106_0,0,38.746849060058594,-9.197779655456543,26,IN_TRANSIT_TO,2025-04-11 14:53:59,2804,4616,22-GP-50,POINT (-9.197779655456543 38.746849060058594)
2943_29B,17527_20250401_209_0_15,209_0,0,38.77082824707031,-9.117030143737793,23,IN_TRANSIT_TO,2025-04-11 14:54:06,50079,2943,51-GL-83,POINT (-9.117030143737793 38.77082824707031)
4611_728,4707_20250401_204_0_9,204_0,1,38.778228759765625,-9.10377025604248,4,IN_TRANSIT_TO,2025-04-11 14:53:54,7904,4611,96-GL-88,POINT (-9.10377025604248 38.778228759765625)
2949_29B,17535_20250401_209_0_14,209_0,0,38.75994873046875,-9.105770111083984,5,IN_TRANSIT_TO,2025-04-11 14:53:54,2335,2949,62-GQ-52,POINT (-9.105770111083984 38.75994873046875)
4631_796,8145_20250401_174_0_27,174_0,0,38.772430419921875,-9.160969734191895,4,IN_TRANSIT_TO,2025-04-11 14:54:20,5903,4631,02-JN-86,POINT (-9.160969734191895 38.772430419921875)
4822_736,18837_20250401_199_0_10,199_0,1,38.730281829833984,-9.147069931030273,24,IN_TRANSIT_TO,2025-04-11 14:53:56,1714,4822,58-VS-27,POINT (-9.147069931030273 38.730281829833984)
2973_52B,21672_20250401_244_0_14,244_0,0,38.74142837524414,-9.159720420837402,3,IN_TRANSIT_TO,2025-04-11 14:54:10,50539,2973,30-VM-13,POINT (-9.159720420837402 38.74142837524414)
4818_728,4582_20250401_204_0_10,204_0,0,38.737770080566406,-9.102999687194824,31,IN_TRANSIT_TO,2025-04-11 14:54:13,12513,4818,42-VT-57,POINT (-9.102999687194824 38.737770080566406)
2688_754,6593_20250401_201_0_12,201_0,1,38.74829864501953,-9.181300163269043,23,IN_TRANSIT_TO,2025-04-11 14:54:03,10825,2688,93-XA-35,POINT (-9.181300163269043 38.74829864501953)
2692_711,3495_20250401_101_0_12,101_0,1,38.74338150024414,-9.21912956237793,2,IN_TRANSIT_TO,2025-04-11 14:53:51,3019,2692,90-XF-62,POINT (-9.21912956237793 38.74338150024414)
2691_713,3574_20250401_122_0_13,122_0,0,38.736751556396484,-9.149169921875,4,IN_TRANSIT_TO,2025-04-11 14:54:00,1811,2691,90-XF-45,POINT (-9.149169921875 38.736751556396484)
2690_713,3615_20250401_122_0_13,122_0,0,38.70624923706055,-9.173299789428711,29,IN_TRANSIT_TO,2025-04-11 14:54:08,9417,2690,99-XE-57,POINT (-9.173299789428711 38.70624923706055)
2693_764,7154_20250401_168_0_13,168_0,0,38.744468688964844,-9.210949897766113,26,IN_TRANSIT_TO,2025-04-11 14:53:57,8824,2693,90-XF-46,POINT (-9.210949897766113 38.744468688964844)
2694_711,3516_20250401_101_0_12,101_0,0,38.719478607177734,-9.144820213317871,5,IN_TRANSIT_TO,2025-04-11 14:54:04,1003,2694,90-XF-49,POINT (-9.144820213317871 38.719478607177734)
6048_732,5092_20250401_107_0_7,107_0,1,38.747779846191406,-9.148019790649414,42,IN_TRANSIT_TO,2025-04-11 14:54:08,2001,6048,BH-46-IR,POINT (-9.148019790649414 38.747779846191406)
4836_736,5409_20250401_199_0_11,199_0,0,38.74993133544922,-9.148480415344238,12,IN_TRANSIT_TO,2025-04-11 14:53:56,2015,4836,34-VR-23,POINT (-9.148480415344238 38.74993133544922)
2684_713,3620_20250401_122_0_13,122_0,0,38.7222785949707,-9.15719985961914,12,IN_TRANSIT_TO,2025-04-11 14:54:02,8516,2684,99-XE-59,POINT (-9.15719985961914 38.7222785949707)
2683_713,3596_20250401_122_0_12,122_0,1,38.72322082519531,-9.158880233764648,24,IN_TRANSIT_TO,2025-04-11 14:53:53,6824,2683,99-XE-55,POINT (-9.158880233764648 38.72322082519531)
6047_760,7096_20250401_171_0_4,171_0,1,38.712100982666016,-9.135780334472656,33,IN_TRANSIT_TO,2025-04-11 14:54:05,913,6047,BH-20-IP,POINT (-9.135780334472656 38.712100982666016)
4618_750,6389_20250401_106_0_10,106_0,0,38.75893020629883,-9.159219741821289,16,IN_TRANSIT_TO,2025-04-11 14:53:57,5810,4618,22-GP-52,POINT (-9.159219741821289 38.75893020629883)
2952_40B,17569_20250401_212_0_16,212_0,1,38.77212905883789,-9.160770416259766,1,IN_TRANSIT_TO,2025-04-11 14:54:02,50155,2952,62-GQ-54,POINT (-9.160770416259766 38.77212905883789)
2676_713,3608_20250401_122_0_14,122_0,1,38.70465087890625,-9.167380332946777,10,IN_TRANSIT_TO,2025-04-11 14:54:01,10209,2676,87-XB-40,POINT (-9.167380332946777 38.70465087890625)
2957_40B,19263_20250401_212_0_15,212_0,0,38.77735137939453,-9.14657974243164,16,IN_TRANSIT_TO,2025-04-11 14:54:19,11509,2957,27-GU-72,POINT (-9.14657974243164 38.77735137939453)
2677_746,5956_20250401_108_0_16,108_0,1,38.749271392822266,-9.19260025024414,7,IN_TRANSIT_TO,2025-04-11 14:54:02,10801,2677,87-XB-41,POINT (-9.19260025024414 38.749271392822266)
2671_714,3690_20250401_102_0_9,102_0,0,38.72330093383789,-9.215669631958008,33,IN_TRANSIT_TO,2025-04-11 14:54:13,18706,2671,87-XB-43,POINT (-9.215669631958008 38.72330093383789)
2680_727,4539_20250401_103_0_8,103_0,0,38.7081298828125,-9.15470027923584,21,IN_TRANSIT_TO,2025-04-11 14:54:07,7104,2680,93-XA-36,POINT (-9.15470027923584 38.7081298828125)
2672_738,5554_20250401_117_0_10,117_0,1,38.7421989440918,-9.14663028717041,21,IN_TRANSIT_TO,2025-04-11 14:54:18,1805,2672,87-XB-44,POINT (-9.14663028717041 38.7421989440918)
2675_714,3682_20250401_102_0_2,102_0,1,38.72407150268555,-9.22754955291748,0,IN_TRANSIT_TO,2025-04-11 14:54:17,,2675,87-XB-35,POINT (-9.22754955291748 38.72407150268555)
2961_45B,45284_20250401_277_0_14,277_0,0,38.76517105102539,-9.156929969787598,11,IN_TRANSIT_TO,2025-04-11 14:54:02,50389,2961,26-VD-02,POINT (-9.156929969787598 38.76517105102539)
4623_755,6652_20250401_118_0_11,118_0,1,38.75244903564453,-9.113980293273926,28,IN_TRANSIT_TO,2025-04-11 14:54:02,50070,4623,27-JO-12,POINT (-9.113980293273926 38.75244903564453)
2718_711,3464_20250401_101_0_12,101_0,1,38.71417999267578,-9.139849662780762,31,IN_TRANSIT_TO,2025-04-11 14:54:16,1004,2718,92-XQ-23,POINT (-9.139849662780762 38.71417999267578)
6014_706,3261_20250401_147_0_2,147_0,0,38.72507858276367,-9.122380256652832,25,IN_TRANSIT_TO,2025-04-11 14:54:01,11706,6014,67-ZF-30,POINT (-9.122380256652832 38.72507858276367)
6049_760,7104_20250401_171_0_12,171_0,0,38.723670959472656,-9.139749526977539,4,IN_TRANSIT_TO,2025-04-11 14:53:53,9211,6049,BH-47-IR,POINT (-9.139749526977539 38.723670959472656)
2723_714,3660_20250401_102_0_12,102_0,1,38.705379486083984,-9.207630157470703,18,IN_TRANSIT_TO,2025-04-11 14:53:50,13105,2723,92-XQ-43,POINT (-9.207630157470703 38.705379486083984)
2827_753,6572_20250401_167_0_19,167_0,0,38.68561935424805,-9.17628002166748,7,IN_TRANSIT_TO,2025-04-11 14:54:20,8607,2827,BF-61-FZ,POINT (-9.17628002166748 38.68561935424805)
6050_732,5058_20250401_107_0_8,107_0,1,38.70402908325195,-9.206379890441895,10,IN_TRANSIT_TO,2025-04-11 14:54:19,13107,6050,BH-62-IR,POINT (-9.206379890441895 38.70402908325195)
2347_724,4224_20250401_178_0_19,178_0,0,38.749881744384766,-9.197500228881836,19,IN_TRANSIT_TO,2025-04-11 14:54:13,10907,2347,53-61-ZJ,POINT (-9.197500228881836 38.749881744384766)
2741_735,5254_20250401_172_1_2,172_1,1,38.71961975097656,-9.116530418395996,7,IN_TRANSIT_TO,2025-04-11 14:54:22,9110,2741,AG-99-TG,POINT (-9.116530418395996 38.71961975097656)
2658_764,7167_20250401_168_0_13,168_0,1,38.7565803527832,-9.177800178527832,25,IN_TRANSIT_TO,2025-04-11 14:54:10,13605,2658,05-VZ-71,POINT (-9.177800178527832 38.7565803527832)
2479_726,4352_20250401_116_0_10,116_0,1,38.72766876220703,-9.137470245361328,28,IN_TRANSIT_TO,2025-04-11 14:53:57,613,2479,91-BE-74,POINT (-9.137470245361328 38.72766876220703)
4634_783,7818_20250401_203_0_12,203_0,1,38.77050018310547,-9.128219604492188,11,IN_TRANSIT_TO,2025-04-11 14:54:15,7604,4634,11-JM-78,POINT (-9.128219604492188 38.77050018310547)
2414_767,7307_20250401_112_0_8,112_0,1,38.738651275634766,-9.13838005065918,37,IN_TRANSIT_TO,2025-04-11 14:53:08,6408,2414,92-AO-51,POINT (-9.13838005065918 38.738651275634766)
2844_751,6521_20250401_109_0_11,109_0,1,38.699771881103516,-9.205820083618164,17,IN_TRANSIT_TO,2025-04-11 14:54:03,9607,2844,BF-73-FZ,POINT (-9.205820083618164 38.699771881103516)
2288_731,5019_20250401_190_0_9,190_0,1,38.741268157958984,-9.160699844360352,29,IN_TRANSIT_TO,2025-04-11 14:53:50,1512,2288,92-59-ZM,POINT (-9.160699844360352 38.741268157958984)
2298_723,4175_20250401_121_0_13,121_0,0,38.69834899902344,-9.225079536437988,30,IN_TRANSIT_TO,2025-04-11 14:54:14,4208,2298,83-05-ZM,POINT (-9.225079536437988 38.69834899902344)
608_15E,11198_20250401_76_0_15,76_0,0,38.69601821899414,-9.219070434570312,17,IN_TRANSIT_TO,2025-04-11 14:53:51,13204,608,,POINT (-9.219070434570312 38.69601821899414)
2979_702,3057_20250401_146_0_29,146_0,0,38.72829818725586,-9.16016960144043,3,IN_TRANSIT_TO,2025-04-11 14:54:07,6103,2979,30-VM-17,POINT (-9.16016960144043 38.72829818725586)
2257_771,21937_20250401_248_0_16,248_0,0,38.73482131958008,-9.165129661560059,4,IN_TRANSIT_TO,2025-04-11 14:53:54,2718,2257,80-50-ZE,POINT (-9.165129661560059 38.73482131958008)
2281_799,8223_20250401_120_0_16,120_0,0,38.73517990112305,-9.219200134277344,17,IN_TRANSIT_TO,2025-04-11 14:53:59,18129,2281,67-56-ZJ,POINT (-9.219200134277344 38.73517990112305)
6015_732,5075_20250401_107_0_7,107_0,0,38.703800201416016,-9.162320137023926,23,IN_TRANSIT_TO,2025-04-11 14:54:05,3906,6015,69-ZF-01,POINT (-9.162320137023926 38.703800201416016)
280_79B,18664_20250401_221_0_11,221_0,0,38.705501556396484,-9.203530311584473,30,IN_TRANSIT_TO,2025-04-11 14:53:54,13309,280,AI-46-OJ,POINT (-9.203530311584473 38.705501556396484)
4835_736,5417_20250401_199_0_11,199_0,0,38.74562072753906,-9.147480010986328,10,IN_TRANSIT_TO,2025-04-11 14:54:07,2021,4835,53-VR-06,POINT (-9.147480010986328 38.74562072753906)
6034_760,7047_20250401_171_0_6,171_0,1,38.704620361328125,-9.176549911499023,24,IN_TRANSIT_TO,2025-04-11 14:53:40,12101,6034,BF-61-AX,POINT (-9.176549911499023 38.704620361328125)
6035_760,7069_20250401_171_0_9,171_0,1,38.71012878417969,-9.203550338745117,0,IN_TRANSIT_TO,2025-04-11 14:54:13,,6035,BG-76-LX,POINT (-9.203550338745117 38.71012878417969)
2765_727,4451_20250401_103_0_7,103_0,1,38.71084976196289,-9.153570175170898,30,IN_TRANSIT_TO,2025-04-11 14:53:50,6701,2765,AH-37-ND,POINT (-9.153570175170898 38.71084976196289)
2978_71B,45262_20250401_278_0_10,278_0,0,38.762020111083984,-9.195150375366211,0,IN_TRANSIT_TO,2025-04-11 14:54:07,,2978,29-VM-92,POINT (-9.195150375366211 38.762020111083984)
4633_796,8141_20250401_174_0_25,174_0,0,38.7906494140625,-9.157369613647461,11,IN_TRANSIT_TO,2025-04-11 14:54:12,11614,4633,90-JI-94,POINT (-9.157369613647461 38.7906494140625)
2259_771,21933_20250401_248_0_18,248_0,0,38.72317123413086,-9.195579528808594,12,IN_TRANSIT_TO,2025-04-11 14:54:10,8702,2259,67-44-ZJ,POINT (-9.195579528808594 38.72317123413086)
2430_716,3743_20250401_164_0_17,164_0,0,38.73662185668945,-9.133429527282715,0,IN_TRANSIT_TO,2025-04-11 14:54:08,,2430,29-AX-12,POINT (-9.133429527282715 38.73662185668945)
2442_767,7292_20250401_112_0_9,112_0,0,38.75437927246094,-9.144749641418457,14,IN_TRANSIT_TO,2025-04-11 14:54:22,101,2442,29-AX-06,POINT (-9.144749641418457 38.75437927246094)
2779_738,5562_20250401_117_0_11,117_0,1,38.70370101928711,-9.171600341796875,6,IN_TRANSIT_TO,2025-04-11 14:54:05,4001,2779,AI-02-BT,POINT (-9.171600341796875 38.70370101928711)
2703_15E,11496_20250401_76_8_22,76_8,1,38.706321716308594,-9.145369529724121,5,IN_TRANSIT_TO,2025-04-11 14:54:17,7101,2703,92-XQ-24,POINT (-9.145369529724121 38.706321716308594)
2495_735,5264_20250401_172_1_10,172_1,1,38.73263168334961,-9.130570411682129,3,IN_TRANSIT_TO,2025-04-11 14:53:59,502,2495,88-BL-69,POINT (-9.130570411682129 38.73263168334961)
2842_751,6435_20250401_109_0_14,109_0,0,38.71487045288086,-9.229430198669434,31,IN_TRANSIT_TO,2025-04-11 14:54:06,14306,2842,BF-56-FZ,POINT (-9.229430198669434 38.71487045288086)
4833_736,5300_20250401_199_0_12,199_0,1,38.732730865478516,-9.145529747009277,23,IN_TRANSIT_TO,2025-04-11 14:54:19,1812,4833,20-VQ-65,POINT (-9.145529747009277 38.732730865478516)
6009_706,3243_20250401_147_0_11,147_0,1,38.72163009643555,-9.151450157165527,23,IN_TRANSIT_TO,2025-04-11 14:53:49,6820,6009,81-ZC-18,POINT (-9.151450157165527 38.72163009643555)
2272_731,5010_20250401_190_0_11,190_0,0,38.755828857421875,-9.149419784545898,16,IN_TRANSIT_TO,2025-04-11 14:54:07,5712,2272,76-80-ZG,POINT (-9.149419784545898 38.755828857421875)
4825_736,5320_20250401_199_0_12,199_0,1,38.75971984863281,-9.15684986114502,14,IN_TRANSIT_TO,2025-04-11 14:54:03,5808,4825,20-VQ-72,POINT (-9.15684986114502 38.75971984863281)
2614_781,7760_20250401_151_0_12,151_0,0,38.789878845214844,-9.12516975402832,29,IN_TRANSIT_TO,2025-04-11 14:54:06,16307,2614,66-VI-24,POINT (-9.12516975402832 38.789878845214844)
2997_45B,49564_20250401_277_0_14,277_0,1,38.760528564453125,-9.155619621276855,13,IN_TRANSIT_TO,2025-04-11 14:54:09,5803,2997,34-VN-03,POINT (-9.155619621276855 38.760528564453125)
2607_759,6957_20250401_144_0_11,144_0,0,38.774871826171875,-9.100850105285645,44,IN_TRANSIT_TO,2025-04-11 14:54:13,7910,2607,AA-95-TQ,POINT (-9.100850105285645 38.774871826171875)
4821_783,7858_20250401_203_0_10,203_0,1,38.72507858276367,-9.155369758605957,29,IN_TRANSIT_TO,2025-04-11 14:54:13,1223,4821,20-VQ-68,POINT (-9.155369758605957 38.72507858276367)
2821_753,6540_20250401_167_0_20,167_0,1,38.72391891479492,-9.162150382995605,3,IN_TRANSIT_TO,2025-04-11 14:54:21,8608,2821,BF-71-FZ,POINT (-9.162150382995605 38.72391891479492)
2606_744,5818_20250401_200_0_9,200_0,1,38.72452163696289,-9.149580001831055,31,IN_TRANSIT_TO,2025-04-11 14:54:07,1212,2606,66-VI-40,POINT (-9.149580001831055 38.72452163696289)
2601_759,6977_20250401_144_0_11,144_0,0,38.713951110839844,-9.13971996307373,2,IN_TRANSIT_TO,2025-04-11 14:54:04,902,2601,04-VA-70,POINT (-9.13971996307373 38.713951110839844)
2264_768,7345_20250401_111_0_13,111_0,0,38.76034927368164,-9.182880401611328,16,IN_TRANSIT_TO,2025-04-11 14:54:18,12804,2264,76-90-ZG,POINT (-9.182880401611328 38.76034927368164)
6036_732,5061_20250401_107_0_7,107_0,0,38.70492172241211,-9.196700096130371,34,IN_TRANSIT_TO,2025-04-11 14:54:08,13306,6036,BG-90-LX,POINT (-9.196700096130371 38.70492172241211)
6026_760,7024_20250401_171_0_9,171_0,1,38.70623016357422,-9.144980430603027,30,IN_TRANSIT_TO,2025-04-11 14:53:57,3803,6026,BF-39-BB,POINT (-9.144980430603027 38.70623016357422)
2706_738,5549_20250401_117_0_9,117_0,1,38.750980377197266,-9.166999816894531,30,IN_TRANSIT_TO,2025-04-11 14:54:12,13508,2706,92-XQ-46,POINT (-9.166999816894531 38.750980377197266)
2653_738,5514_20250401_117_0_11,117_0,0,38.73963165283203,-9.146280288696289,16,IN_TRANSIT_TO,2025-04-11 14:54:14,1906,2653,05-VZ-52,POINT (-9.146280288696289 38.73963165283203)
4806_751,6479_20250401_109_0_15,109_0,0,38.697750091552734,-9.20442008972168,16,IN_TRANSIT_TO,2025-04-11 14:54:13,9604,4806,20-VQ-74,POINT (-9.20442008972168 38.697750091552734)
2988_730,4970_20250401_198_0_14,198_0,1,38.72682189941406,-9.128520011901855,13,IN_TRANSIT_TO,2025-04-11 14:54:10,9102,2988,29-VM-94,POINT (-9.128520011901855 38.72682189941406)
2638_781,7720_20250401_151_0_13,151_0,0,38.757568359375,-9.10873031616211,15,IN_TRANSIT_TO,2025-04-11 14:54:13,2302,2638,87-VS-48,POINT (-9.10873031616211 38.757568359375)
2633_722,4128_20250401_196_0_11,196_0,0,38.76987838745117,-9.126680374145508,22,IN_TRANSIT_TO,2025-04-11 14:54:15,7603,2633,52-VP-79,POINT (-9.126680374145508 38.76987838745117)
6039_706,3268_20250401_147_0_6,147_0,0,38.730831146240234,-9.137049674987793,19,IN_TRANSIT_TO,2025-04-11 14:54:18,6504,6039,BG-96-LU,POINT (-9.137049674987793 38.730831146240234)
2991_730,4948_20250401_198_0_15,198_0,1,38.72854995727539,-9.144619941711426,2,IN_TRANSIT_TO,2025-04-11 14:53:57,50299,2991,29-VM-89,POINT (-9.144619941711426 38.72854995727539)
4820_748,6189_20250401_169_0_11,169_0,1,38.714168548583984,-9.227080345153809,4,IN_TRANSIT_TO,2025-04-11 14:53:55,14307,4820,20-VQ-62,POINT (-9.227080345153809 38.714168548583984)
2989_797,8164_20250401_163_0_33,163_0,1,38.72998046875,-9.13086986541748,5,IN_TRANSIT_TO,2025-04-11 14:54:09,50395,2989,29-VM-85,POINT (-9.13086986541748 38.72998046875)
577_24E,17855_20250401_213_0_17,213_0,1,38.723548889160156,-9.159480094909668,2,IN_TRANSIT_TO,2025-04-11 14:54:03,8510,577,,POINT (-9.159480094909668 38.723548889160156)
2642_759,6898_20250401_144_0_8,144_0,1,38.748069763183594,-9.113129615783691,22,IN_TRANSIT_TO,2025-04-11 14:54:18,24375,2642,75-VS-51,POINT (-9.113129615783691 38.748069763183594)
573_12E,11034_20250401_77_0_12,77_0,0,38.71052932739258,-9.14286994934082,13,IN_TRANSIT_TO,2025-04-11 14:54:09,10514,573,,POINT (-9.14286994934082 38.71052932739258)
2724_727,4534_20250401_103_0_8,103_0,0,38.71083068847656,-9.153519630432129,20,IN_TRANSIT_TO,2025-04-11 14:53:50,6702,2724,92-XQ-40,POINT (-9.153519630432129 38.71083068847656)
2737_756,6746_20250401_175_0_17,175_0,1,38.73590087890625,-9.161100387573242,9,IN_TRANSIT_TO,2025-04-11 14:54:01,6125,2737,AG-45-EI,POINT (-9.161100387573242 38.73590087890625)
2609_781,7754_20250401_151_0_13,151_0,1,38.75577163696289,-9.103569984436035,17,IN_TRANSIT_TO,2025-04-11 14:54:08,50164,2609,66-VI-36,POINT (-9.103569984436035 38.75577163696289)
2611_722,4130_20250401_196_0_10,196_0,0,38.734901428222656,-9.144869804382324,6,IN_TRANSIT_TO,2025-04-11 14:53:51,1807,2611,66-VI-38,POINT (-9.144869804382324 38.734901428222656)
2326_712,3567_20250401_189_0_13,189_0,1,38.71971893310547,-9.116720199584961,23,IN_TRANSIT_TO,2025-04-11 14:54:14,9110,2326,67-49-ZJ,POINT (-9.116720199584961 38.71971893310547)
2632_759,6926_20250401_144_0_10,144_0,1,38.77362060546875,-9.097249984741211,3,IN_TRANSIT_TO,2025-04-11 14:54:15,7821,2632,52-VP-88,POINT (-9.097249984741211 38.77362060546875)
6030_732,5081_20250401_107_0_7,107_0,0,38.71617889404297,-9.142200469970703,14,IN_TRANSIT_TO,2025-04-11 14:53:52,1102,6030,BF-39-AU,POINT (-9.142200469970703 38.71617889404297)
2646_705,3181_20250401_176_0_14,176_0,1,38.77479934692383,-9.101880073547363,22,IN_TRANSIT_TO,2025-04-11 14:54:07,7910,2646,75-VS-48,POINT (-9.101880073547363 38.77479934692383)
2993_774,7460_20250401_192_0_23,192_0,0,38.72161865234375,-9.156570434570312,8,IN_TRANSIT_TO,2025-04-11 14:54:03,6823,2993,29-VM-93,POINT (-9.156570434570312 38.72161865234375)
2733_756,6715_20250401_175_0_16,175_0,0,38.74192810058594,-9.143320083618164,9,IN_TRANSIT_TO,2025-04-11 14:54:15,6402,2733,AG-41-EI,POINT (-9.143320083618164 38.74192810058594)
2664_727,4550_20250401_103_0_9,103_0,0,38.74589920043945,-9.136199951171875,1,IN_TRANSIT_TO,2025-04-11 14:53:57,314,2664,05-VZ-68,POINT (-9.136199951171875 38.74589920043945)
2640_722,4120_20250401_196_0_11,196_0,1,38.73902130126953,-9.13778018951416,26,IN_TRANSIT_TO,2025-04-11 14:53:58,6403,2640,75-VS-43,POINT (-9.13778018951416 38.73902130126953)
2654_738,5565_20250401_117_0_8,117_0,0,38.722171783447266,-9.151900291442871,23,IN_TRANSIT_TO,2025-04-11 14:54:02,6806,2654,05-VZ-69,POINT (-9.151900291442871 38.722171783447266)
541_25E,14266_20250401_79_0_21,79_0,1,38.712100982666016,-9.160400390625,7,IN_TRANSIT_TO,2025-04-11 14:54:06,8113,541,,POINT (-9.160400390625 38.712100982666016)
2707_754,6585_20250401_201_0_10,201_0,1,38.74311828613281,-9.146780014038086,34,IN_TRANSIT_TO,2025-04-11 14:54:15,1901,2707,92-XQ-39,POINT (-9.146780014038086 38.74311828613281)
2736_755,6696_20250401_118_0_13,118_0,1,38.7493782043457,-9.16466999053955,4,IN_TRANSIT_TO,2025-04-11 14:54:18,12705,2736,AG-47-EI,POINT (-9.16466999053955 38.7493782043457)
574_28E,14893_20250401_75_0_16,75_0,0,38.710418701171875,-9.142230033874512,21,IN_TRANSIT_TO,2025-04-11 14:54:20,10514,574,,POINT (-9.142230033874512 38.710418701171875)
2635_759,6960_20250401_144_0_9,144_0,0,38.72869873046875,-9.109129905700684,14,IN_TRANSIT_TO,2025-04-11 14:54:19,8303,2635,52-VP-90,POINT (-9.109129905700684 38.72869873046875)
6040_732,5040_20250401_107_0_7,107_0,1,38.70362091064453,-9.171469688415527,23,IN_TRANSIT_TO,2025-04-11 14:53:57,4001,6040,BG-46-LT,POINT (-9.171469688415527 38.70362091064453)
544_25E,14257_20250401_79_0_22,79_0,0,38.706871032714844,-9.141650199890137,0,IN_TRANSIT_TO,2025-04-11 14:54:15,,544,,POINT (-9.141650199890137 38.706871032714844)
2996_730,4968_20250401_198_0_16,198_0,0,38.73841857910156,-9.124699592590332,8,IN_TRANSIT_TO,2025-04-11 14:54:08,8905,2996,30-VM-03,POINT (-9.124699592590332 38.73841857910156)
2769_712,3529_20250401_189_0_12,189_0,1,38.728271484375,-9.145079612731934,17,IN_TRANSIT_TO,2025-04-11 14:54:05,6601,2769,AH-19-ND,POINT (-9.145079612731934 38.728271484375)
402_73B,18776_20250401_220_0_12,220_0,0,38.704769134521484,-9.178569793701172,14,IN_TRANSIT_TO,2025-04-11 14:53:59,12104,402,BF-81-TP,POINT (-9.178569793701172 38.704769134521484)
2636_744,5804_20250401_200_0_11,200_0,0,38.747920989990234,-9.148030281066895,9,IN_TRANSIT_TO,2025-04-11 14:54:14,2021,2636,87-VS-50,POINT (-9.148030281066895 38.747920989990234)
2686_713,3581_20250401_122_0_12,122_0,1,38.73508071899414,-9.145600318908691,34,IN_TRANSIT_TO,2025-04-11 14:54:21,1806,2686,99-XE-58,POINT (-9.145600318908691 38.73508071899414)
571_25E,14258_20250401_79_0_10,79_0,0,38.71455001831055,-9.162229537963867,11,IN_TRANSIT_TO,2025-04-11 14:53:57,8112,571,,POINT (-9.162229537963867 38.71455001831055)
582_28E,14994_20250401_75_0_12,75_0,0,38.7080192565918,-9.140419960021973,19,IN_TRANSIT_TO,2025-04-11 14:53:50,10518,582,,POINT (-9.140419960021973 38.7080192565918)
2652_776,7492_20250401_193_0_36,193_0,0,38.70124816894531,-9.25078010559082,8,IN_TRANSIT_TO,2025-04-11 14:54:05,4302,2652,05-VZ-61,POINT (-9.25078010559082 38.70124816894531)
2626_749,6206_20250401_195_0_20,195_0,0,38.743099212646484,-9.112279891967773,6,IN_TRANSIT_TO,2025-04-11 14:53:59,3706,2626,52-VP-86,POINT (-9.112279891967773 38.743099212646484)
2622_722,4122_20250401_196_0_11,196_0,1,38.785621643066406,-9.111530303955078,0,IN_TRANSIT_TO,2025-04-11 14:53:51,,2622,66-VI-21,POINT (-9.111530303955078 38.785621643066406)
2603_759,6982_20250401_144_0_10,144_0,1,38.71022033691406,-9.13521957397461,44,IN_TRANSIT_TO,2025-04-11 14:54:17,4506,2603,16-VF-76,POINT (-9.13521957397461 38.71022033691406)
2656_720,4064_20250401_143_0_11,143_0,0,38.7381706237793,-9.125479698181152,3,IN_TRANSIT_TO,2025-04-11 14:54:07,8905,2656,05-VZ-53,POINT (-9.125479698181152 38.7381706237793)
2985_774,7453_20250401_192_0_24,192_0,1,38.725128173828125,-9.146100044250488,4,IN_TRANSIT_TO,2025-04-11 14:54:19,1217,2985,30-VM-14,POINT (-9.146100044250488 38.725128173828125)
2986_72B,45271_20250401_279_0_12,279_0,0,38.748680114746094,-9.197970390319824,23,IN_TRANSIT_TO,2025-04-11 14:53:56,50611,2986,30-VM-12,POINT (-9.197970390319824 38.748680114746094)
2701_714,3710_20250401_102_0_11,102_0,0,38.705230712890625,-9.161020278930664,6,IN_TRANSIT_TO,2025-04-11 14:54:02,3910,2701,92-XQ-35,POINT (-9.161020278930664 38.705230712890625)
551_18E,12210_20250401_78_0_15,78_0,0,38.70330047607422,-9.193050384521484,14,IN_TRANSIT_TO,2025-04-11 14:54:16,13406,551,,POINT (-9.193050384521484 38.70330047607422)
2982_702,3069_20250401_146_0_24,146_0,1,38.72768020629883,-9.161680221557617,10,IN_TRANSIT_TO,2025-04-11 14:54:11,6101,2982,30-VM-23,POINT (-9.161680221557617 38.72768020629883)
2990_730,4950_20250401_198_0_14,198_0,0,38.726318359375,-9.133700370788574,18,IN_TRANSIT_TO,2025-04-11 14:54:18,603,2990,30-VM-06,POINT (-9.133700370788574 38.726318359375)
2711_15E,11492_20250401_76_8_23,76_8,0,38.71009826660156,-9.135749816894531,1,IN_TRANSIT_TO,2025-04-11 14:53:58,50661,2711,92-XQ-44,POINT (-9.135749816894531 38.71009826660156)
2976_71B,45265_20250401_278_0_12,278_0,0,38.74964904785156,-9.191229820251465,2,IN_TRANSIT_TO,2025-04-11 14:54:05,10804,2976,30-VM-00,POINT (-9.191229820251465 38.74964904785156)
2616_749,6202_20250401_195_0_21,195_0,1,38.749149322509766,-9.141220092773438,4,IN_TRANSIT_TO,2025-04-11 14:54:13,2053,2616,66-VI-44,POINT (-9.141220092773438 38.749149322509766)
2702_709,3388_20250401_148_0_23,148_0,1,38.718528747558594,-9.156780242919922,6,IN_TRANSIT_TO,2025-04-11 14:53:52,6803,2702,92-XQ-21,POINT (-9.156780242919922 38.718528747558594)
2604_759,6969_20250401_144_0_11,144_0,0,38.72721862792969,-9.110600471496582,13,IN_TRANSIT_TO,2025-04-11 14:54:15,8301,2604,66-VI-32,POINT (-9.110600471496582 38.72721862792969)
2634_759,6948_20250401_144_0_9,144_0,1,38.77042007446289,-9.097620010375977,2,IN_TRANSIT_TO,2025-04-11 14:54:20,7805,2634,52-VP-85,POINT (-9.097620010375977 38.77042007446289)
2605_705,3187_20250401_176_0_13,176_0,0,38.77452087402344,-9.126099586486816,16,IN_TRANSIT_TO,2025-04-11 14:53:49,7606,2605,66-VI-35,POINT (-9.126099586486816 38.77452087402344)
2980_702,3034_20250401_146_0_24,146_0,1,38.73085021972656,-9.173230171203613,0,IN_TRANSIT_TO,2025-04-11 14:54:14,,2980,29-VM-90,POINT (-9.173230171203613 38.73085021972656)
2663_714,3697_20240914_102_0_16,102_0,1,38.72127151489258,-9.221500396728516,4,IN_TRANSIT_TO,2024-10-22 20:26:58,18703,2663,05-VZ-62,POINT (-9.221500396728516 38.72127151489258)
2659_776,7479_20250401_193_0_41,193_0,1,38.6994514465332,-9.232600212097168,8,IN_TRANSIT_TO,2025-04-11 14:53:41,14907,2659,05-VZ-57,POINT (-9.232600212097168 38.6994514465332)
576_28E,15020_20250401_75_0_6,75_0,0,38.71590042114258,-9.129179954528809,9,IN_TRANSIT_TO,2025-04-11 14:54:21,14804,576,,POINT (-9.129179954528809 38.71590042114258)
581_18E,12197_20250401_78_0_18,78_0,1,38.70642852783203,-9.199130058288574,3,IN_TRANSIT_TO,2025-04-11 14:53:49,10310,581,,POINT (-9.199130058288574 38.70642852783203)
6043_760,7097_20250401_171_0_9,171_0,0,38.72196960449219,-9.139120101928711,5,IN_TRANSIT_TO,2025-04-11 14:53:53,9214,6043,BG-93-LT,POINT (-9.139120101928711 38.72196960449219)
554_25E,14250_20250401_79_0_20,79_0,0,38.707069396972656,-9.158120155334473,5,IN_TRANSIT_TO,2025-04-11 14:54:20,50594,554,,POINT (-9.158120155334473 38.707069396972656)
545_28E,14915_20250401_75_0_7,75_0,1,38.712318420410156,-9.130399703979492,15,IN_TRANSIT_TO,2025-04-11 14:54:11,14803,545,,POINT (-9.130399703979492 38.712318420410156)
580_18E,12194_20250401_78_0_16,78_0,1,38.70627975463867,-9.145150184631348,20,IN_TRANSIT_TO,2025-04-11 14:53:54,3803,580,,POINT (-9.145150184631348 38.70627975463867)
550_28E,14942_20250401_75_0_14,75_0,0,38.71421813964844,-9.128270149230957,10,IN_TRANSIT_TO,2025-04-11 14:54:01,14802,550,,POINT (-9.128270149230957 38.71421813964844)
2687_746,5991_20250401_108_0_12,108_0,1,38.738128662109375,-9.161749839782715,18,IN_TRANSIT_TO,2025-04-11 14:53:58,1510,2687,93-XA-44,POINT (-9.161749839782715 38.738128662109375)
2708_754,6616_20250401_201_0_11,201_0,0,38.744380950927734,-9.195449829101562,18,IN_TRANSIT_TO,2025-04-11 14:54:00,10818,2708,92-XQ-32,POINT (-9.195449829101562 38.744380950927734)
2696_714,3696_20250401_102_0_11,102_0,0,38.71712112426758,-9.212779998779297,28,IN_TRANSIT_TO,2025-04-11 14:54:12,10402,2696,90-XF-63,POINT (-9.212779998779297 38.71712112426758)
2644_781,7736_20250401_151_0_13,151_0,0,38.70882034301758,-9.130169868469238,4,IN_TRANSIT_TO,2025-04-11 14:53:57,4505,2644,87-VS-52,POINT (-9.130169868469238 38.70882034301758)
578_18E,12179_20250401_78_0_17,78_0,0,38.70402145385742,-9.172849655151367,6,IN_TRANSIT_TO,2025-04-11 14:54:01,10202,578,,POINT (-9.172849655151367 38.70402145385742)
507_15E,11245_20250401_76_0_13,76_0,0,38.706600189208984,-9.143280029296875,0,IN_TRANSIT_TO,2025-04-11 14:54:05,,507,,POINT (-9.143280029296875 38.706600189208984)
2977_79B,18672_20250401_221_0_11,221_0,0,38.69826889038086,-9.224470138549805,3,IN_TRANSIT_TO,2025-04-11 14:54:18,50295,2977,30-VM-21,POINT (-9.224470138549805 38.69826889038086)
2427_767,7182_20250401_112_0_8,112_0,1,38.75476837158203,-9.151579856872559,30,IN_TRANSIT_TO,2025-04-11 14:53:53,5706,2427,29-AX-14,POINT (-9.151579856872559 38.75476837158203)
4808_728,4570_20250401_204_0_8,204_0,0,38.772369384765625,-9.104599952697754,44,IN_TRANSIT_TO,2025-04-11 14:54:18,7803,4808,20-VQ-73,POINT (-9.104599952697754 38.772369384765625)
6003_706,3258_20250401_147_0_5,147_0,1,38.72840118408203,-9.124429702758789,8,IN_TRANSIT_TO,2025-04-11 14:54:14,11707,6003,82-ZC-02,POINT (-9.124429702758789 38.72840118408203)
572_28E,14916_20250401_75_0_16,75_0,0,38.72098159790039,-9.135419845581055,2,IN_TRANSIT_TO,2025-04-11 14:53:55,803,572,,POINT (-9.135419845581055 38.72098159790039)
4824_736,5332_20250401_199_0_10,199_0,1,38.778350830078125,-9.164270401000977,8,IN_TRANSIT_TO,2025-04-11 14:54:01,5910,4824,34-VR-19,POINT (-9.164270401000977 38.778350830078125)
2778_712,3559_20250401_189_0_13,189_0,0,38.731319427490234,-9.126649856567383,3,IN_TRANSIT_TO,2025-04-11 14:54:07,2103,2778,AI-03-BT,POINT (-9.126649856567383 38.731319427490234)
2641_705,3196_20250401_176_0_14,176_0,0,38.77627944946289,-9.126569747924805,14,IN_TRANSIT_TO,2025-04-11 14:53:48,50101,2641,75-VS-49,POINT (-9.126569747924805 38.77627944946289)
268_734,5145_20250401_205_0_22,205_0,0,38.7204704284668,-9.135530471801758,2,IN_TRANSIT_TO,2025-04-11 14:53:59,803,268,AH-56-CZ,POINT (-9.135530471801758 38.7204704284668)
2974_774,7440_20250401_192_0_24,192_0,1,38.721378326416016,-9.163619995117188,10,IN_TRANSIT_TO,2025-04-11 14:53:54,8519,2974,30-VM-22,POINT (-9.163619995117188 38.721378326416016)
4817_728,4610_20250401_204_0_10,204_0,0,38.697349548339844,-9.203630447387695,10,IN_TRANSIT_TO,2025-04-11 14:54:10,9603,4817,00-VV-37,POINT (-9.203630447387695 38.697349548339844)
2987_774,7433_20250401_192_0_19,192_0,0,38.71733093261719,-9.167699813842773,2,IN_TRANSIT_TO,2025-04-11 14:53:58,8012,2987,29-VM-99,POINT (-9.167699813842773 38.71733093261719)
575_28E,14993_20250401_75_0_14,75_0,0,38.71049880981445,-9.142720222473145,21,IN_TRANSIT_TO,2025-04-11 14:54:06,10514,575,,POINT (-9.142720222473145 38.71049880981445)
6006_729,4799_20250401_104_0_12,104_0,0,38.76958084106445,-9.189680099487305,0,IN_TRANSIT_TO,2025-04-11 14:54:19,,6006,82-ZC-09,POINT (-9.189680099487305 38.76958084106445)
269_76B,18633_20250401_219_0_19,219_0,0,38.70975112915039,-9.202799797058105,10,IN_TRANSIT_TO,2025-04-11 14:54:15,10303,269,AG-25-NH,POINT (-9.202799797058105 38.70975112915039)
4807_728,4699_20250401_204_0_7,204_0,1,38.739219665527344,-9.103050231933594,21,IN_TRANSIT_TO,2025-04-11 14:54:16,12510,4807,20-VQ-69,POINT (-9.103050231933594 38.739219665527344)
2650_708,3331_20250401_100_0_9,100_0,0,38.77687072753906,-9.094949722290039,31,IN_TRANSIT_TO,2025-04-11 14:54:09,50122,2650,75-VS-50,POINT (-9.094949722290039 38.77687072753906)
1729_701,2958_20250401_123_0_13,123_0,0,38.75012969970703,-9.158320426940918,9,IN_TRANSIT_TO,2025-04-11 14:54:12,13503,1729,25-AS-41,POINT (-9.158320426940918 38.75012969970703)
277_64B,21492_20250401_238_0_19,238_0,0,38.71553039550781,-9.167900085449219,17,IN_TRANSIT_TO,2025-04-11 14:54:11,8007,277,AH-13-TB,POINT (-9.167900085449219 38.71553039550781)
2984_72B,45270_20250401_279_0_13,279_0,0,38.755821228027344,-9.193920135498047,2,IN_TRANSIT_TO,2025-04-11 14:54:18,50242,2984,30-VM-04,POINT (-9.193920135498047 38.755821228027344)
4803_728,4622_20250401_204_0_10,204_0,0,38.70981979370117,-9.209529876708984,3,IN_TRANSIT_TO,2025-04-11 14:54:12,12405,4803,77-VP-16,POINT (-9.209529876708984 38.70981979370117)
2720_711,3508_20250401_101_0_11,101_0,0,38.7398681640625,-9.201899528503418,18,IN_TRANSIT_TO,2025-04-11 14:53:51,8829,2720,92-XQ-28,POINT (-9.201899528503418 38.7398681640625)
2983_770,7366_20250401_191_0_17,191_0,0,38.73086929321289,-9.17317008972168,13,IN_TRANSIT_TO,2025-04-11 14:54:19,50087,2983,30-VM-08,POINT (-9.17317008972168 38.73086929321289)
2627_744,5832_20250401_200_0_10,200_0,1,38.76942825317383,-9.121999740600586,11,IN_TRANSIT_TO,2025-04-11 14:53:53,7704,2627,52-VP-83,POINT (-9.121999740600586 38.76942825317383)
4635_755,6630_20250401_118_0_11,118_0,0,38.74810028076172,-9.11283016204834,13,IN_TRANSIT_TO,2025-04-11 14:53:59,3713,4635,90-JI-95,POINT (-9.11283016204834 38.74810028076172)
2725_709,3403_20250401_148_0_24,148_0,0,38.71747970581055,-9.157329559326172,8,IN_TRANSIT_TO,2025-04-11 14:54:10,6802,2725,92-XQ-30,POINT (-9.157329559326172 38.71747970581055)
256_58B,19294_20250401_227_0_17,227_0,0,38.75545120239258,-9.174500465393066,8,IN_TRANSIT_TO,2025-04-11 14:54:18,50420,256,AF-57-RM,POINT (-9.174500465393066 38.75545120239258)
2715_727,4542_20250401_103_0_6,103_0,0,38.73841857910156,-9.145979881286621,9,IN_TRANSIT_TO,2025-04-11 14:54:06,1810,2715,92-XQ-22,POINT (-9.145979881286621 38.73841857910156)
2608_744,5847_20250401_200_0_11,200_0,0,38.76346969604492,-9.129349708557129,17,IN_TRANSIT_TO,2025-04-11 14:54:03,7513,2608,66-VI-39,POINT (-9.129349708557129 38.76346969604492)
2966_737,5478_20250401_173_0_30,173_0,1,38.71126937866211,-9.132479667663574,2,IN_TRANSIT_TO,2025-04-11 14:53:57,13808,2966,30-VM-20,POINT (-9.132479667663574 38.71126937866211)
2731_756,6762_20250401_175_0_16,175_0,0,38.712501525878906,-9.17533016204834,21,IN_TRANSIT_TO,2025-04-11 14:54:11,9412,2731,AG-49-EI,POINT (-9.17533016204834 38.712501525878906)
2631_705,3191_20250401_176_0_10,176_0,0,38.774818420410156,-9.10558032989502,5,IN_TRANSIT_TO,2025-04-11 14:54:15,7908,2631,52-VP-80,POINT (-9.10558032989502 38.774818420410156)
279_734,5134_20250401_205_0_21,205_0,0,38.712120056152344,-9.124420166015625,16,IN_TRANSIT_TO,2025-04-11 14:54:04,2110,279,AI-38-FG,POINT (-9.124420166015625 38.712120056152344)
2972_34B,19152_20250401_226_0_10,226_0,0,38.7351188659668,-9.115500450134277,21,IN_TRANSIT_TO,2025-04-11 14:54:05,50411,2972,29-VM-96,POINT (-9.115500450134277 38.7351188659668)
2274_758,6859_20250401_150_0_11,150_0,0,38.737728118896484,-9.16765022277832,17,IN_TRANSIT_TO,2025-04-11 14:54:12,2713,2274,76-79-ZG,POINT (-9.16765022277832 38.737728118896484)
2330_717,3865_20250401_170_0_11,170_0,0,38.77391815185547,-9.161120414733887,20,IN_TRANSIT_TO,2025-04-11 14:54:12,5905,2330,67-52-ZJ,POINT (-9.161120414733887 38.77391815185547)
2260_729,4755_20250401_104_0_10,104_0,0,38.696231842041016,-9.209549903869629,36,IN_TRANSIT_TO,2025-04-11 14:54:06,13210,2260,67-47-ZJ,POINT (-9.209549903869629 38.696231842041016)
2327_798,8199_20250401_194_0_21,194_0,0,38.78313064575195,-9.14229965209961,17,IN_TRANSIT_TO,2025-04-11 14:54:12,6016,2327,67-53-ZJ,POINT (-9.14229965209961 38.78313064575195)
2310_717,3878_20250401_170_0_12,170_0,0,38.75617980957031,-9.147549629211426,13,IN_TRANSIT_TO,2025-04-11 14:53:58,11301,2310,83-07-ZM,POINT (-9.147549629211426 38.75617980957031)
2443_729,4790_20250401_104_0_9,104_0,0,38.75944900512695,-9.192620277404785,9,IN_TRANSIT_TO,2025-04-11 14:54:01,12821,2443,29-AX-05,POINT (-9.192620277404785 38.75944900512695)
2490_708,3346_20250401_100_0_8,100_0,0,38.772369384765625,-9.097550392150879,29,IN_TRANSIT_TO,2025-04-11 14:54:18,7821,2490,55-BH-01,POINT (-9.097550392150879 38.772369384765625)
1701_755,6674_20250401_118_0_13,118_0,1,38.75606918334961,-9.113530158996582,26,IN_TRANSIT_TO,2025-04-11 14:54:13,8427,1701,39-AB-08,POINT (-9.113530158996582 38.75606918334961)
2341_767,7204_20250401_112_0_2,112_0,1,38.756019592285156,-9.185580253601074,17,IN_TRANSIT_TO,2025-04-11 14:54:11,10813,2341,67-50-ZJ,POINT (-9.185580253601074 38.756019592285156)
2994_797,8175_20250401_163_0_27,163_0,0,38.73270034790039,-9.130720138549805,4,IN_TRANSIT_TO,2025-04-11 14:54:00,502,2994,29-VM-91,POINT (-9.130720138549805 38.73270034790039)
2404_729,4830_20250401_104_0_11,104_0,1,38.71175003051758,-9.20110034942627,15,IN_TRANSIT_TO,2025-04-11 14:54:11,12904,2404,50-AL-11,POINT (-9.20110034942627 38.71175003051758)
2248_703,3167_20250401_165_0_11,165_0,0,38.7534294128418,-9.187849998474121,32,IN_TRANSIT_TO,2025-04-11 14:54:14,12802,2248,22-33-ZB,POINT (-9.187849998474121 38.7534294128418)
2304_720,4084_20250401_143_0_12,143_0,1,38.73659896850586,-9.134119987487793,24,IN_TRANSIT_TO,2025-04-11 14:54:14,406,2304,83-10-ZM,POINT (-9.134119987487793 38.73659896850586)
2244_758,6830_20250401_150_0_10,150_0,0,38.760501861572266,-9.195099830627441,31,IN_TRANSIT_TO,2025-04-11 14:54:04,11006,2244,22-44-ZB,POINT (-9.195099830627441 38.760501861572266)
2714_727,4444_20250401_103_0_8,103_0,1,38.74911880493164,-9.135379791259766,48,IN_TRANSIT_TO,2025-04-11 14:54:20,11208,2714,92-XQ-38,POINT (-9.135379791259766 38.74911880493164)
2286_768,7343_20250401_111_0_16,111_0,0,38.75944900512695,-9.189599990844727,17,IN_TRANSIT_TO,2025-04-11 14:53:57,12816,2286,67-42-ZJ,POINT (-9.189599990844727 38.75944900512695)
2760_723,18953_20250401_121_0_12,121_0,1,38.72447967529297,-9.159250259399414,26,IN_TRANSIT_TO,2025-04-11 14:54:02,8502,2760,AH-35-ND,POINT (-9.159250259399414 38.72447967529297)
2299_723,4138_20250401_121_0_11,121_0,0,38.69837188720703,-9.225020408630371,30,IN_TRANSIT_TO,2025-04-11 14:53:50,4208,2299,83-14-ZM,POINT (-9.225020408630371 38.69837188720703)
6013_771,21929_20250401_248_0_17,248_0,1,38.71397018432617,-9.196969985961914,9,IN_TRANSIT_TO,2025-04-11 14:54:01,10315,6013,68-ZF-53,POINT (-9.196969985961914 38.71397018432617)
2293_731,5015_20250401_190_0_13,190_0,0,38.742549896240234,-9.166150093078613,3,IN_TRANSIT_TO,2025-04-11 14:53:55,1604,2293,92-57-ZM,POINT (-9.166150093078613 38.742549896240234)
1727_794,8106_20250401_115_0_9,115_0,1,38.746150970458984,-9.119680404663086,25,IN_TRANSIT_TO,2025-04-11 11:30:25,3607,1727,25-AS-39,POINT (-9.119680404663086 38.746150970458984)
2478_729,4812_20250401_104_0_8,104_0,1,38.76987838745117,-9.189279556274414,42,IN_TRANSIT_TO,2025-04-11 14:54:01,14106,2478,91-BE-80,POINT (-9.189279556274414 38.76987838745117)
4814_728,4590_20250401_204_0_10,204_0,0,38.70056915283203,-9.177949905395508,13,IN_TRANSIT_TO,2025-04-11 14:54:14,9501,4814,68-VQ-52,POINT (-9.177949905395508 38.70056915283203)
2496_708,3366_20250401_100_0_12,100_0,0,38.73067855834961,-9.13461971282959,6,IN_TRANSIT_TO,2025-04-11 14:53:58,609,2496,88-BL-70,POINT (-9.13461971282959 38.73067855834961)
2815_718,3935_20250401_105_0_12,105_0,1,38.735050201416016,-9.13407039642334,4,IN_TRANSIT_TO,2025-04-11 14:45:34,402,2815,90-II-55,POINT (-9.13407039642334 38.735050201416016)
2970_52B,21664_20250401_244_0_15,244_0,0,38.73672103881836,-9.14900016784668,14,IN_TRANSIT_TO,2025-04-11 14:54:03,1811,2970,29-VM-87,POINT (-9.14900016784668 38.73672103881836)
2808_781,7737_20250101_151_0_17,151_0,0,38.78879928588867,-9.123950004577637,29,IN_TRANSIT_TO,2025-01-28 20:19:57,16307,2808,01-IH-97,POINT (-9.123950004577637 38.78879928588867)
2813_718,3989_20250401_105_0_13,105_0,1,38.74674987792969,-9.104450225830078,22,IN_TRANSIT_TO,2025-04-11 14:53:41,12523,2813,90-II-53,POINT (-9.104450225830078 38.74674987792969)
1747_717,3846_20250401_170_0_11,170_0,0,38.78757095336914,-9.148329734802246,35,IN_TRANSIT_TO,2025-04-11 14:54:00,6002,1747,92-HR-04,POINT (-9.148329734802246 38.78757095336914)
2969_737,5503_20250401_173_0_29,173_0,0,38.7099494934082,-9.135299682617188,2,IN_TRANSIT_TO,2025-04-11 14:54:12,5601,2969,30-VM-09,POINT (-9.135299682617188 38.7099494934082)
1746_742,5778_20250401_114_0_9,114_0,0,38.72677993774414,-9.162220001220703,29,IN_TRANSIT_TO,2025-04-11 14:53:57,6113,1746,92-HR-03,POINT (-9.162220001220703 38.72677993774414)
4636_736,5372_20250401_199_0_9,199_0,0,38.78607940673828,-9.168749809265137,25,IN_TRANSIT_TO,2025-04-11 14:54:16,7207,4636,90-JI-97,POINT (-9.168749809265137 38.78607940673828)
2811_718,3957_20250401_105_0_15,105_0,1,38.74462890625,-9.133870124816895,1,IN_TRANSIT_TO,2025-04-11 14:54:11,50473,2811,02-IH-00,POINT (-9.133870124816895 38.74462890625)
2803_725,4256_20250401_197_0_25,197_0,0,38.7741813659668,-9.097180366516113,3,IN_TRANSIT_TO,2025-04-11 14:54:06,7821,2803,01-IH-92,POINT (-9.097180366516113 38.7741813659668)
2968_737,5492_20250401_173_0_34,173_0,1,38.71229934692383,-9.132430076599121,0,IN_TRANSIT_TO,2025-04-11 14:54:19,,2968,30-VM-24,POINT (-9.132430076599121 38.71229934692383)
2960_40B,17561_20250401_212_0_15,212_0,1,38.79195022583008,-9.150629997253418,24,IN_TRANSIT_TO,2025-04-11 14:54:06,50194,2960,27-GU-75,POINT (-9.150629997253418 38.79195022583008)
2453_726,4336_20250401_116_0_9,116_0,0,38.72195053100586,-9.128769874572754,0,IN_TRANSIT_TO,2025-04-11 14:54:14,,2453,16-AZ-13,POINT (-9.128769874572754 38.72195053100586)
2459_703,3127_20250401_165_0_10,165_0,1,38.77425003051758,-9.162429809570312,25,IN_TRANSIT_TO,2025-04-11 14:54:12,5915,2459,74-BC-74,POINT (-9.162429809570312 38.77425003051758)
4831_736,41525_20250401_199_0_6,199_0,1,38.76137161254883,-9.157429695129395,14,IN_TRANSIT_TO,2025-04-05 10:55:18,5808,4831,20-VQ-61,POINT (-9.157429695129395 38.76137161254883)
2761_727,4488_20250401_103_0_9,103_0,1,38.6986198425293,-9.187450408935547,15,IN_TRANSIT_TO,2025-04-11 14:53:52,9507,2761,AH-33-ND,POINT (-9.187450408935547 38.6986198425293)
2816_718,3973_20250401_105_0_12,105_0,0,38.75297927856445,-9.110369682312012,6,IN_TRANSIT_TO,2025-04-11 14:54:15,24386,2816,90-II-56,POINT (-9.110369682312012 38.75297927856445)
231_17B,21714_20250401_247_0_11,247_0,0,38.725528717041016,-9.132369995117188,17,IN_TRANSIT_TO,2025-04-11 14:54:12,601,231,84-47-XQ,POINT (-9.132369995117188 38.725528717041016)
2455_703,3163_20250401_165_0_12,165_0,1,38.74729919433594,-9.197830200195312,5,IN_TRANSIT_TO,2025-04-11 14:54:20,2803,2455,16-AZ-12,POINT (-9.197830200195312 38.74729919433594)
2700_714,3638_20250401_102_0_12,102_0,1,38.70547103881836,-9.176329612731934,28,IN_TRANSIT_TO,2025-04-11 14:54:19,12105,2700,92-XQ-26,POINT (-9.176329612731934 38.70547103881836)
2251_799,8212_20250401_120_0_19,120_0,1,38.745819091796875,-9.197979927062988,18,IN_TRANSIT_TO,2025-04-11 14:54:17,2801,2251,22-31-ZB,POINT (-9.197979927062988 38.745819091796875)
2410_716,3727_20250401_164_0_13,164_0,0,38.74943161010742,-9.192279815673828,20,IN_TRANSIT_TO,2025-04-11 14:54:14,10814,2410,92-AO-46,POINT (-9.192279815673828 38.74943161010742)
2280_771,21941_20250401_248_0_17,248_0,1,38.722068786621094,-9.161749839782715,16,IN_TRANSIT_TO,2025-04-11 14:54:13,8608,2280,67-40-ZJ,POINT (-9.161749839782715 38.722068786621094)
2762_727,4505_20250401_103_0_8,103_0,1,38.698551177978516,-9.187800407409668,15,IN_TRANSIT_TO,2025-04-11 14:54:07,9507,2762,AH-38-ND,POINT (-9.187800407409668 38.698551177978516)
219_773,7422_20250401_124_0_23,124_0,0,38.7174186706543,-9.15017032623291,4,IN_TRANSIT_TO,2025-04-11 14:54:06,10608,219,11-12-XO,POINT (-9.15017032623291 38.7174186706543)
302_744,5817_20250401_200_0_11,200_0,0,38.719600677490234,-9.144969940185547,2,IN_TRANSIT_TO,2025-04-11 14:54:13,1103,302,22-SP-89,POINT (-9.144969940185547 38.719600677490234)
2425_767,7270_20250401_112_0_9,112_0,0,38.75437927246094,-9.196880340576172,34,IN_TRANSIT_TO,2025-04-11 14:53:56,10912,2425,29-AU-20,POINT (-9.196880340576172 38.75437927246094)
2278_758,6867_20250401_150_0_11,150_0,0,38.72026824951172,-9.154899597167969,8,IN_TRANSIT_TO,2025-04-11 14:54:12,6812,2278,67-41-ZJ,POINT (-9.154899597167969 38.72026824951172)
2623_781,7746_20250401_151_0_12,151_0,1,38.7057991027832,-9.143899917602539,29,IN_TRANSIT_TO,2025-04-11 14:54:00,3820,2623,66-VI-26,POINT (-9.143899917602539 38.7057991027832)
2790_714,3704_20250401_102_0_11,102_0,0,38.697418212890625,-9.199469566345215,19,IN_TRANSIT_TO,2025-04-11 14:53:58,4112,2790,AI-54-TL,POINT (-9.199469566345215 38.697418212890625)
2450_767,7284_20250401_112_0_11,112_0,0,38.75804901123047,-9.153420448303223,18,IN_TRANSIT_TO,2025-04-11 14:54:10,5805,2450,44-BC-36,POINT (-9.153420448303223 38.75804901123047)
301_744,5840_20250401_200_0_10,200_0,0,38.76863098144531,-9.098549842834473,25,IN_TRANSIT_TO,2025-04-11 14:54:00,7805,301,74-SM-62,POINT (-9.098549842834473 38.76863098144531)
2483_726,4262_20250401_116_0_12,116_0,1,38.73876953125,-9.153599739074707,20,IN_TRANSIT_TO,2025-04-11 14:53:59,1504,2483,74-BC-66,POINT (-9.153599739074707 38.73876953125)
2818_718,3964_20250401_105_0_14,105_0,0,38.736549377441406,-9.13385009765625,28,IN_TRANSIT_TO,2025-04-11 14:53:55,509,2818,90-II-58,POINT (-9.13385009765625 38.736549377441406)
2300_723,4160_20250401_121_0_13,121_0,0,38.724220275878906,-9.161629676818848,9,IN_TRANSIT_TO,2025-04-11 14:53:51,8501,2300,83-13-ZM,POINT (-9.161629676818848 38.724220275878906)
1721_756,6758_20250401_175_0_15,175_0,1,38.707820892333984,-9.173529624938965,4,IN_TRANSIT_TO,2025-04-11 14:53:59,9415,1721,25-AS-33,POINT (-9.173529624938965 38.707820892333984)
1773_720,4096_20250401_143_0_14,143_0,1,38.70296859741211,-9.179780006408691,4,IN_TRANSIT_TO,2025-04-11 14:54:03,12107,1773,53-HX-06,POINT (-9.179780006408691 38.70296859741211)
1705_798,8191_20250401_194_0_22,194_0,1,38.76707077026367,-9.15095043182373,16,IN_TRANSIT_TO,2025-04-11 14:54:15,11504,1705,69-AL-68,POINT (-9.15095043182373 38.76707077026367)
2243_758,6886_20250401_150_0_13,150_0,0,38.705528259277344,-9.143150329589844,0,IN_TRANSIT_TO,2025-04-11 14:54:14,,2243,22-36-ZB,POINT (-9.143150329589844 38.705528259277344)
1706_701,2990_20250401_123_0_17,123_0,1,38.72639846801758,-9.162400245666504,6,IN_TRANSIT_TO,2025-04-11 14:54:03,8508,1706,69-AL-69,POINT (-9.162400245666504 38.72639846801758)
4628_755,6705_20250401_118_0_11,118_0,1,38.77193069458008,-9.147769927978516,0,IN_TRANSIT_TO,2025-04-11 14:53:46,,4628,27-JO-10,POINT (-9.147769927978516 38.77193069458008)
1770_794,8081_20250401_115_0_2,115_0,1,38.75421905517578,-9.114219665527344,10,IN_TRANSIT_TO,2025-04-11 14:54:15,24367,1770,63-HX-17,POINT (-9.114219665527344 38.75421905517578)
1713_742,5771_20250401_114_0_9,114_0,0,38.707828521728516,-9.173620223999023,38,IN_TRANSIT_TO,2025-04-11 14:54:14,9401,1713,69-AL-76,POINT (-9.173620223999023 38.707828521728516)
2480_767,7306_20250401_112_0_8,112_0,1,38.7382698059082,-9.139619827270508,38,IN_TRANSIT_TO,2025-04-11 14:54:02,11109,2480,91-BE-75,POINT (-9.139619827270508 38.7382698059082)
2413_778,18641_20250401_179_0_20,179_0,1,38.760528564453125,-9.167119979858398,21,IN_TRANSIT_TO,2025-04-11 14:54:14,50006,2413,92-AO-50,POINT (-9.167119979858398 38.760528564453125)
2801_725,4240_20250401_197_0_26,197_0,1,38.79072952270508,-9.122870445251465,2,IN_TRANSIT_TO,2025-04-11 14:52:51,50182,2801,38-HU-27,POINT (-9.122870445251465 38.79072952270508)
1780_742,5745_20250401_114_0_9,114_0,1,38.704078674316406,-9.185569763183594,16,IN_TRANSIT_TO,2025-04-11 14:53:52,12007,1780,63-HX-18,POINT (-9.185569763183594 38.704078674316406)
1767_796,8116_20250401_174_0_26,174_0,1,38.765380859375,-9.157299995422363,15,IN_TRANSIT_TO,2025-04-11 14:54:02,5814,1767,63-HX-29,POINT (-9.157299995422363 38.765380859375)
1768_794,8037_20250401_115_0_9,115_0,0,38.75162124633789,-9.12339973449707,18,IN_TRANSIT_TO,2025-04-11 14:54:05,14728,1768,63-HX-23,POINT (-9.12339973449707 38.75162124633789)
2255_731,5026_20250401_190_0_12,190_0,1,38.77442932128906,-9.10770034790039,10,IN_TRANSIT_TO,2025-04-11 14:54:16,7810,2255,80-54-ZE,POINT (-9.10770034790039 38.77442932128906)
1722_756,6732_20250401_175_0_15,175_0,0,38.738948822021484,-9.123250007629395,0,IN_TRANSIT_TO,2025-04-11 14:54:20,,1722,25-AS-34,POINT (-9.123250007629395 38.738948822021484)
1756_742,5766_20250401_114_0_8,114_0,0,38.70507049560547,-9.187700271606445,44,IN_TRANSIT_TO,2025-04-11 14:54:11,12006,1756,34-HU-22,POINT (-9.187700271606445 38.70507049560547)
1757_742,5784_20250401_114_0_11,114_0,0,38.727230072021484,-9.11061954498291,6,IN_TRANSIT_TO,2025-04-11 14:54:00,8304,1757,34-HU-23,POINT (-9.11061954498291 38.727230072021484)
1754_735,5185_20250401_172_0_12,172_0,1,38.74034881591797,-9.133429527282715,13,IN_TRANSIT_TO,2025-04-11 14:54:14,404,1754,34-HU-20,POINT (-9.133429527282715 38.74034881591797)
2470_716,3730_20250401_164_0_17,164_0,0,38.73992919921875,-9.150279998779297,6,IN_TRANSIT_TO,2025-04-11 14:54:16,1407,2470,74-BC-71,POINT (-9.150279998779297 38.73992919921875)
261_61B,21531_20250401_241_0_19,241_0,0,38.73963165283203,-9.167699813842773,14,IN_TRANSIT_TO,2025-04-11 14:54:12,50499,261,AF-48-ZD,POINT (-9.167699813842773 38.73963165283203)
2239_758,6819_20250401_150_0_12,150_0,1,38.73925018310547,-9.16819953918457,14,IN_TRANSIT_TO,2025-04-11 14:53:53,1610,2239,06-30-XX,POINT (-9.16819953918457 38.73925018310547)
2344_768,7333_20250401_111_0_16,111_0,1,38.74121856689453,-9.168919563293457,18,IN_TRANSIT_TO,2025-04-11 14:54:05,1615,2344,53-60-ZJ,POINT (-9.168919563293457 38.74121856689453)
2412_767,7203_20250401_112_0_8,112_0,1,38.762969970703125,-9.159529685974121,26,IN_TRANSIT_TO,2025-04-11 14:53:51,50014,2412,92-AO-48,POINT (-9.159529685974121 38.762969970703125)
2469_726,4323_20250401_116_0_11,116_0,0,38.738529205322266,-9.149920463562012,12,IN_TRANSIT_TO,2025-04-11 14:54:13,1407,2469,16-AZ-09,POINT (-9.149920463562012 38.738529205322266)
1704_717,3805_20250401_170_0_12,170_0,1,38.75804901123047,-9.155529975891113,25,IN_TRANSIT_TO,2025-04-11 14:53:24,5808,1704,35-AL-14,POINT (-9.155529975891113 38.75804901123047)
2268_758,6878_20250401_150_0_11,150_0,0,38.71657180786133,-9.148119926452637,6,IN_TRANSIT_TO,2025-04-11 14:54:09,10605,2268,76-87-ZG,POINT (-9.148119926452637 38.71657180786133)
1771_794,8035_20250401_115_0_14,115_0,1,38.763031005859375,-9.103949546813965,3,IN_TRANSIT_TO,2025-04-03 20:13:10,2322,1771,63-HX-27,POINT (-9.103949546813965 38.763031005859375)
4613_728,4682_20250401_204_0_9,204_0,1,38.7577018737793,-9.09652042388916,13,IN_TRANSIT_TO,2025-04-11 14:54:06,50316,4613,22-GP-48,POINT (-9.09652042388916 38.7577018737793)
1725_708,3300_20250401_100_0_8,100_0,1,38.762901306152344,-9.126700401306152,28,IN_TRANSIT_TO,2025-04-11 14:54:19,7504,1725,25-AS-37,POINT (-9.126700401306152 38.762901306152344)
2467_726,4319_20250401_116_0_11,116_0,0,38.73917007446289,-9.152979850769043,13,IN_TRANSIT_TO,2025-04-11 14:54:05,33102,2467,16-AZ-14,POINT (-9.152979850769043 38.73917007446289)
2752_755,6689_20250401_118_0_13,118_0,1,38.75529861450195,-9.150629997253418,8,IN_TRANSIT_TO,2025-04-11 14:53:55,5712,2752,AG-18-TH,POINT (-9.150629997253418 38.75529861450195)
2757_712,3551_20250401_189_0_13,189_0,0,38.72782897949219,-9.159270286560059,20,IN_TRANSIT_TO,2025-04-11 14:54:11,6103,2757,AH-32-ND,POINT (-9.159270286560059 38.72782897949219)
2497_720,4057_20250401_143_0_13,143_0,0,38.72547149658203,-9.148920059204102,14,IN_TRANSIT_TO,2025-04-11 14:53:56,1202,2497,88-BL-71,POINT (-9.148920059204102 38.72547149658203)
2285_763,46420_20250401_282_0_16,282_0,1,38.77457046508789,-9.155380249023438,21,IN_TRANSIT_TO,2025-04-11 14:54:15,50640,2285,67-55-ZJ,POINT (-9.155380249023438 38.77457046508789)
2449_747,6121_20250401_177_0_17,177_0,0,38.759071350097656,-9.156450271606445,2,IN_TRANSIT_TO,2025-04-11 14:53:53,5807,2449,44-BC-35,POINT (-9.156450271606445 38.759071350097656)
2437_716,3748_20250401_164_0_12,164_0,1,38.73653030395508,-9.134169578552246,25,IN_TRANSIT_TO,2025-04-11 14:54:00,406,2437,29-AX-09,POINT (-9.134169578552246 38.73653030395508)
2423_767,7248_20250401_112_0_8,112_0,0,38.75284957885742,-9.208319664001465,40,IN_TRANSIT_TO,2025-04-11 14:54:14,50386,2423,29-AU-18,POINT (-9.208319664001465 38.75284957885742)
2338_742,5774_20250401_114_0_7,114_0,0,38.735198974609375,-9.15215015411377,24,IN_TRANSIT_TO,2025-04-11 14:54:06,1409,2338,53-62-ZJ,POINT (-9.15215015411377 38.735198974609375)
2839_748,6183_20250401_169_0_12,169_0,0,38.72536849975586,-9.152029991149902,2,IN_TRANSIT_TO,2025-04-11 14:54:04,1209,2839,BF-69-FZ,POINT (-9.152029991149902 38.72536849975586)
1703_794,8040_20250401_115_0_12,115_0,0,38.7181510925293,-9.117520332336426,4,IN_TRANSIT_TO,2025-04-11 14:53:58,2127,1703,35-AL-13,POINT (-9.117520332336426 38.7181510925293)
1766_735,5194_20250401_172_0_10,172_0,1,38.75310134887695,-9.155599594116211,3,IN_TRANSIT_TO,2025-04-11 14:54:11,5702,1766,63-HX-33,POINT (-9.155599594116211 38.75310134887695)
2465_703,3112_20250401_165_0_12,165_0,1,38.78718185424805,-9.149700164794922,36,IN_TRANSIT_TO,2025-04-11 14:54:17,6023,2465,55-BH-00,POINT (-9.149700164794922 38.78718185424805)
1777_796,8130_20250401_174_0_28,174_0,1,38.791099548339844,-9.151769638061523,2,IN_TRANSIT_TO,2025-04-11 14:54:08,11601,1777,63-HX-31,POINT (-9.151769638061523 38.791099548339844)
2787_764,7159_20250401_168_0_14,168_0,0,38.756568908691406,-9.177430152893066,10,IN_TRANSIT_TO,2025-04-11 14:54:19,13606,2787,AI-55-TL,POINT (-9.177430152893066 38.756568908691406)
2305_793,8008_20250401_145_0_16,145_0,1,38.7482795715332,-9.10789966583252,15,IN_TRANSIT_TO,2025-04-11 14:54:05,2217,2305,83-18-ZM,POINT (-9.10789966583252 38.7482795715332)
1765_717,3827_20250401_170_0_9,170_0,1,38.77742004394531,-9.146719932556152,13,IN_TRANSIT_TO,2025-04-11 14:54:18,11509,1765,63-HX-28,POINT (-9.146719932556152 38.77742004394531)
2498_735,5235_20250401_172_0_11,172_0,0,38.754150390625,-9.144499778747559,28,IN_TRANSIT_TO,2025-04-11 14:54:03,103,2498,03-BM-57,POINT (-9.144499778747559 38.754150390625)
1776_717,3820_20250401_170_0_12,170_0,1,38.77482986450195,-9.148500442504883,16,IN_TRANSIT_TO,2025-04-11 14:53:58,6015,1776,53-HX-09,POINT (-9.148500442504883 38.77482986450195)
2477_729,4777_20250401_104_0_9,104_0,0,38.750728607177734,-9.198980331420898,13,IN_TRANSIT_TO,2025-04-11 14:53:59,10906,2477,91-BE-73,POINT (-9.198980331420898 38.750728607177734)
6011_760,7109_20250401_171_0_2,171_0,1,38.715579986572266,-9.135970115661621,34,IN_TRANSIT_TO,2025-04-11 14:54:09,905,6011,65-ZF-82,POINT (-9.135970115661621 38.715579986572266)
225_773,7396_20250401_124_0_18,124_0,1,38.705169677734375,-9.170530319213867,2,IN_TRANSIT_TO,2025-04-11 14:53:53,9418,225,84-37-XQ,POINT (-9.170530319213867 38.705169677734375)
601_15E,11276_20250401_76_0_14,76_0,1,38.6974983215332,-9.193920135498047,9,IN_TRANSIT_TO,2025-04-11 14:53:58,4115,601,,POINT (-9.193920135498047 38.6974983215332)
2240_758,19410_20250401_150_0_2,150_0,1,38.710201263427734,-9.1431303024292,31,IN_TRANSIT_TO,2025-04-11 14:53:57,10504,2240,06-31-XX,POINT (-9.1431303024292 38.710201263427734)
2297_778,18645_20250401_179_0_16,179_0,0,38.76728057861328,-9.181469917297363,18,IN_TRANSIT_TO,2025-04-11 14:54:09,5932,2297,83-06-ZM,POINT (-9.181469917297363 38.76728057861328)
2403_767,7283_20250401_112_0_9,112_0,0,38.75463104248047,-9.186650276184082,29,IN_TRANSIT_TO,2025-04-11 14:53:56,12802,2403,50-AL-12,POINT (-9.186650276184082 38.75463104248047)
2791_727,4554_20250401_103_0_8,103_0,1,38.74623107910156,-9.136549949645996,47,IN_TRANSIT_TO,2025-04-11 14:54:13,11210,2791,AJ-61-LI,POINT (-9.136549949645996 38.74623107910156)
2786_714,3673_20250401_102_0_12,102_0,1,38.724029541015625,-9.209480285644531,9,IN_TRANSIT_TO,2025-04-11 14:53:52,18111,2786,AI-52-TL,POINT (-9.209480285644531 38.724029541015625)
2426_747,6120_20250401_177_0_16,177_0,0,38.76057815551758,-9.169670104980469,8,IN_TRANSIT_TO,2025-04-11 14:53:54,50011,2426,29-AU-21,POINT (-9.169670104980469 38.76057815551758)
2838_751,6500_20250401_109_0_16,109_0,0,38.73128128051758,-9.16847038269043,0,IN_TRANSIT_TO,2025-04-11 14:54:16,,2838,BF-59-FZ,POINT (-9.16847038269043 38.73128128051758)
408_28E,48757_20250401_75_8_22,75_8,0,38.7111701965332,-9.14900016784668,16,IN_TRANSIT_TO,2025-04-11 14:52:55,9903,408,BF-24-TS,POINT (-9.14900016784668 38.7111701965332)
2401_747,6097_20250401_177_0_16,177_0,1,38.771949768066406,-9.191349983215332,4,IN_TRANSIT_TO,2025-04-11 14:53:55,14102,2401,50-AL-14,POINT (-9.191349983215332 38.771949768066406)
2485_703,3174_20250401_165_0_12,165_0,0,38.75246810913086,-9.188969612121582,33,IN_TRANSIT_TO,2025-04-11 14:54:09,10808,2485,91-BE-77,POINT (-9.188969612121582 38.75246810913086)
2764_727,4526_20250401_103_0_8,103_0,0,38.69868087768555,-9.20382022857666,37,IN_TRANSIT_TO,2025-04-11 14:54:01,9604,2764,AH-29-ND,POINT (-9.20382022857666 38.69868087768555)
2776_713,3611_20250401_122_0_9,122_0,0,38.71467971801758,-9.175849914550781,31,IN_TRANSIT_TO,2025-04-11 14:54:17,9411,2776,AI-07-BT,POINT (-9.175849914550781 38.71467971801758)
2942_32B,17551_20250401_211_0_15,211_0,0,38.7528190612793,-9.123579978942871,13,IN_TRANSIT_TO,2025-04-11 14:54:16,14715,2942,51-GL-82,POINT (-9.123579978942871 38.7528190612793)
606_15E,11271_20250401_76_0_16,76_0,1,38.70011901855469,-9.1835298538208,12,IN_TRANSIT_TO,2025-04-11 14:54:02,9503,606,,POINT (-9.1835298538208 38.70011901855469)
2283_763,46418_20250401_282_0_15,282_0,0,38.765201568603516,-9.198829650878906,16,IN_TRANSIT_TO,2025-04-11 14:54:20,14111,2283,67-39-ZJ,POINT (-9.198829650878906 38.765201568603516)
2481_726,4297_20250401_116_0_9,116_0,0,38.749820709228516,-9.172430038452148,21,IN_TRANSIT_TO,2025-04-11 14:54:20,12709,2481,54-BH-99,POINT (-9.172430038452148 38.749820709228516)
4609_728,4662_20250401_204_0_7,204_0,1,38.708431243896484,-9.136320114135742,32,IN_TRANSIT_TO,2025-04-11 14:54:16,4502,4609,96-GL-86,POINT (-9.136320114135742 38.708431243896484)
1720_742,5739_20250401_114_0_9,114_0,1,38.72957992553711,-9.158379554748535,32,IN_TRANSIT_TO,2025-04-11 14:54:09,6116,1720,25-AS-32,POINT (-9.158379554748535 38.72957992553711)
2406_778,7531_20250401_179_0_19,179_0,0,38.76150131225586,-9.166830062866211,3,IN_TRANSIT_TO,2025-04-11 14:54:14,50013,2406,50-AL-09,POINT (-9.166830062866211 38.76150131225586)
1724_794,8094_20250401_115_0_12,115_0,1,38.755531311035156,-9.112649917602539,9,IN_TRANSIT_TO,2025-04-11 14:54:02,24368,1724,25-AS-36,POINT (-9.112649917602539 38.755531311035156)
2753_783,7855_20250401_203_0_13,203_0,0,38.729549407958984,-9.147370338439941,5,IN_TRANSIT_TO,2025-04-11 14:54:18,1701,2753,AG-08-TH,POINT (-9.147370338439941 38.729549407958984)
2289_724,4190_20250401_178_0_18,178_0,1,38.749420166015625,-9.197549819946289,10,IN_TRANSIT_TO,2025-04-11 14:54:14,10908,2289,92-60-ZM,POINT (-9.197549819946289 38.749420166015625)
2451_729,4768_20250401_104_0_2,104_0,0,38.71377944946289,-9.19694995880127,26,IN_TRANSIT_TO,2025-04-11 14:53:51,10315,2451,75-AQ-16,POINT (-9.19694995880127 38.71377944946289)
2405_747,6112_20250401_177_0_16,177_0,0,38.76139831542969,-9.196579933166504,21,IN_TRANSIT_TO,2025-04-11 14:53:58,13907,2405,50-AL-10,POINT (-9.196579933166504 38.76139831542969)
2788_738,5533_20250401_117_0_11,117_0,0,38.73897171020508,-9.146180152893066,16,IN_TRANSIT_TO,2025-04-11 14:54:15,1906,2788,AI-51-TL,POINT (-9.146180152893066 38.73897171020508)
2831_728,4723_20250401_204_4_9,204_4,0,38.71097183227539,-9.126680374145508,14,IN_TRANSIT_TO,2025-04-11 14:54:11,8201,2831,BF-72-FZ,POINT (-9.126680374145508 38.71097183227539)
2792_727,4512_20250401_103_0_8,103_0,0,38.71152114868164,-9.208379745483398,43,IN_TRANSIT_TO,2025-04-11 14:54:06,12914,2792,AJ-53-LI,POINT (-9.208379745483398 38.71152114868164)
2464_767,7299_20250401_112_0_9,112_0,0,38.730430603027344,-9.140580177307129,4,IN_TRANSIT_TO,2025-04-11 14:54:12,6904,2464,91-BE-71,POINT (-9.140580177307129 38.730430603027344)
1723_755,6704_20250401_118_0_9,118_0,0,38.75019836425781,-9.161600112915039,38,IN_TRANSIT_TO,2025-04-11 14:54:04,13508,1723,25-AS-35,POINT (-9.161600112915039 38.75019836425781)
1726_735,5260_20250401_172_0_9,172_0,0,38.71133041381836,-9.125969886779785,5,IN_TRANSIT_TO,2025-04-11 14:54:12,8201,1726,25-AS-38,POINT (-9.125969886779785 38.71133041381836)
2291_724,4211_20250401_178_0_17,178_0,0,38.756431579589844,-9.204179763793945,25,IN_TRANSIT_TO,2025-04-11 14:54:20,13702,2291,92-56-ZM,POINT (-9.204179763793945 38.756431579589844)
2488_703,3138_20250401_165_0_11,165_0,1,38.774200439453125,-9.162569999694824,25,IN_TRANSIT_TO,2025-04-11 14:54:11,5915,2488,91-BE-79,POINT (-9.162569999694824 38.774200439453125)
2610_759,6904_20250401_144_0_10,144_0,1,38.769081115722656,-9.118769645690918,14,IN_TRANSIT_TO,2025-04-11 14:54:03,7704,2610,66-VI-20,POINT (-9.118769645690918 38.769081115722656)
2773_764,7171_20250401_168_0_2,168_0,1,38.745121002197266,-9.201970100402832,14,IN_TRANSIT_TO,2025-04-11 14:53:52,8813,2773,AH-39-ND,POINT (-9.201970100402832 38.745121002197266)
1728_708,3357_20250401_100_0_10,100_0,0,38.75822830200195,-9.11227035522461,19,IN_TRANSIT_TO,2025-04-11 14:54:10,8409,1728,25-AS-40,POINT (-9.11227035522461 38.75822830200195)
2798_727,4466_20250401_103_0_8,103_0,1,38.71072006225586,-9.153579711914062,29,IN_TRANSIT_TO,2025-04-11 14:53:52,7103,2798,AJ-56-LI,POINT (-9.153579711914062 38.71072006225586)
4838_736,5400_20250401_199_0_11,199_0,0,38.78091812133789,-9.162949562072754,22,IN_TRANSIT_TO,2025-04-11 14:54:06,5911,4838,34-VR-22,POINT (-9.162949562072754 38.78091812133789)
2249_765,7174_20250401_110_0_36,110_0,1,38.754520416259766,-9.195520401000977,9,IN_TRANSIT_TO,2025-04-11 14:54:00,10917,2249,22-32-ZB,POINT (-9.195520401000977 38.754520416259766)
2825_751,6522_20250401_109_0_2,109_0,1,38.69873046875,-9.226880073547363,11,IN_TRANSIT_TO,2025-04-11 14:54:08,4210,2825,BF-53-FZ,POINT (-9.226880073547363 38.69873046875)
2245_763,49572_20250401_282_0_18,282_0,1,38.76184844970703,-9.196920394897461,5,IN_TRANSIT_TO,2025-04-11 14:54:17,13904,2245,22-35-ZB,POINT (-9.196920394897461 38.76184844970703)
2466_729,4822_20250401_104_0_11,104_0,1,38.750518798828125,-9.2014799118042,29,IN_TRANSIT_TO,2025-04-11 14:54:17,10903,2466,16-AZ-16,POINT (-9.2014799118042 38.750518798828125)
2668_711,3486_20250401_101_0_12,101_0,1,38.722900390625,-9.174599647521973,25,IN_TRANSIT_TO,2025-04-11 14:54:03,50324,2668,87-XB-36,POINT (-9.174599647521973 38.722900390625)
2296_724,4232_20250401_178_0_16,178_0,1,38.71044921875,-9.180399894714355,25,IN_TRANSIT_TO,2025-04-11 14:53:58,11804,2296,92-51-ZM,POINT (-9.180399894714355 38.71044921875)
2770_746,5975_20250401_108_0_17,108_0,0,38.74578094482422,-9.181929588317871,14,IN_TRANSIT_TO,2025-04-11 14:54:06,10702,2770,AH-30-ND,POINT (-9.181929588317871 38.74578094482422)
2225_742,5781_20250401_114_0_8,114_0,0,38.73347854614258,-9.134129524230957,17,IN_TRANSIT_TO,2025-04-11 14:54:19,503,2225,08-03-XS,POINT (-9.134129524230957 38.73347854614258)
409_10B,21752_20250401_242_0_18,242_0,0,38.709049224853516,-9.13092041015625,16,IN_TRANSIT_TO,2025-04-11 14:53:57,8203,409,BF-73-TQ,POINT (-9.13092041015625 38.709049224853516)
2235_729,4831_20250401_104_0_9,104_0,0,38.69837951660156,-9.225020408630371,39,IN_TRANSIT_TO,2025-04-11 14:54:06,4208,2235,06-32-XX,POINT (-9.225020408630371 38.69837951660156)
2224_742,5700_20250401_114_0_10,114_0,1,38.734169006347656,-9.136030197143555,40,IN_TRANSIT_TO,2025-04-11 14:53:55,11115,2224,08-15-XS,POINT (-9.136030197143555 38.734169006347656)
2217_742,5763_20250401_114_0_10,114_0,0,38.70882034301758,-9.196080207824707,50,IN_TRANSIT_TO,2025-04-11 14:54:06,10304,2217,07-99-XS,POINT (-9.196080207824707 38.70882034301758)
2212_720,4092_20250401_143_0_13,143_0,1,38.7198486328125,-9.155130386352539,14,IN_TRANSIT_TO,2025-04-11 14:54:13,6805,2212,08-05-XS,POINT (-9.155130386352539 38.7198486328125)
2205_793,7993_20250401_145_0_16,145_0,0,38.737728118896484,-9.107379913330078,3,IN_TRANSIT_TO,2025-04-11 14:54:08,50072,2205,01-71-XO,POINT (-9.107379913330078 38.737728118896484)
2203_742,5685_20250401_114_0_8,114_0,1,38.7276496887207,-9.110150337219238,53,IN_TRANSIT_TO,2025-04-11 14:53:57,8303,2203,72-19-XN,POINT (-9.110150337219238 38.7276496887207)
2206_742,5729_20250401_114_0_8,114_0,1,38.70376968383789,-9.182279586791992,18,IN_TRANSIT_TO,2025-04-11 14:54:00,12005,2206,01-67-XO,POINT (-9.182279586791992 38.70376968383789)
411_67B,28219_20250401_253_0_12,253_0,0,38.70697021484375,-9.173870086669922,11,IN_TRANSIT_TO,2025-04-11 14:54:19,9425,411,BF-51-TD,POINT (-9.173870086669922 38.70697021484375)
2712_15E,11500_20250401_76_8_19,76_8,0,38.703468322753906,-9.170949935913086,8,IN_TRANSIT_TO,2025-04-11 14:54:12,10202,2712,92-XQ-33,POINT (-9.170949935913086 38.703468322753906)
412_22B,19423_20250401_236_0_19,236_0,0,38.71076965332031,-9.14348030090332,4,IN_TRANSIT_TO,2025-04-11 14:53:15,10512,412,BF-65-TC,POINT (-9.14348030090332 38.71076965332031)
566_28E,14967_20250401_75_0_16,75_0,0,38.72172927856445,-9.135499954223633,2,IN_TRANSIT_TO,2025-04-11 14:53:45,803,566,,POINT (-9.135499954223633 38.72172927856445)
568_24E,17835_20250401_213_0_22,213_0,0,38.72726821899414,-9.162320137023926,11,IN_TRANSIT_TO,2025-04-11 14:53:59,6129,568,,POINT (-9.162320137023926 38.72726821899414)
2230_765,18945_20250401_110_0_37,110_0,0,38.75307846069336,-9.206299781799316,8,IN_TRANSIT_TO,2025-04-11 14:54:00,10927,2230,06-36-XX,POINT (-9.206299781799316 38.75307846069336)
2207_794,8062_20250401_115_0_11,115_0,1,38.70951843261719,-9.129150390625,38,IN_TRANSIT_TO,2025-04-11 14:53:55,8202,2207,01-70-XO,POINT (-9.129150390625 38.70951843261719)
413_19B,21690_20250401_245_0_16,245_0,0,38.715450286865234,-9.14883041381836,11,IN_TRANSIT_TO,2025-04-11 14:53:48,6715,413,BF-41-TS,POINT (-9.14883041381836 38.715450286865234)
2229_793,7972_20250401_145_0_17,145_0,1,38.7453498840332,-9.135530471801758,0,IN_TRANSIT_TO,2025-04-11 14:54:08,,2229,06-37-XX,POINT (-9.135530471801758 38.7453498840332)
2233_758,6870_20250401_150_0_13,150_0,0,38.71979904174805,-9.154029846191406,7,IN_TRANSIT_TO,2025-04-11 14:54:12,10607,2233,06-38-XX,POINT (-9.154029846191406 38.71979904174805)
2237_768,7317_20250401_111_0_16,111_0,1,38.750221252441406,-9.158320426940918,22,IN_TRANSIT_TO,2025-04-11 14:54:20,13509,2237,06-27-XX,POINT (-9.158320426940918 38.750221252441406)
2201_708,3352_20250401_100_0_9,100_0,0,38.76858139038086,-9.099080085754395,28,IN_TRANSIT_TO,2025-04-11 14:53:52,7805,2201,72-15-XN,POINT (-9.099080085754395 38.76858139038086)
230_773,7414_20250401_124_0_21,124_0,0,38.713321685791016,-9.153249740600586,8,IN_TRANSIT_TO,2025-04-11 14:53:56,6704,230,13-33-XZ,POINT (-9.153249740600586 38.713321685791016)
6004_706,3228_20250401_147_0_5,147_0,1,38.731449127197266,-9.13737964630127,15,IN_TRANSIT_TO,2025-04-11 14:53:53,510,6004,82-ZC-35,POINT (-9.13737964630127 38.731449127197266)
2835_751,6515_20250401_109_0_13,109_0,1,38.698570251464844,-9.187620162963867,21,IN_TRANSIT_TO,2025-04-11 14:53:54,9507,2835,BF-62-FZ,POINT (-9.187620162963867 38.698570251464844)
615_15E,11224_20250401_76_0_15,76_0,0,38.70412063598633,-9.173199653625488,5,IN_TRANSIT_TO,2025-04-11 14:53:52,10202,615,,POINT (-9.173199653625488 38.70412063598633)
613_15E,11219_20250401_76_0_15,76_0,0,38.70281982421875,-9.180049896240234,7,IN_TRANSIT_TO,2025-04-11 14:53:58,12116,613,,POINT (-9.180049896240234 38.70281982421875)
2262_750,39041_20250401_106_4_4,106_4,1,38.739280700683594,-9.202719688415527,9,IN_TRANSIT_TO,2025-04-11 07:36:50,8807,2262,80-48-ZE,POINT (-9.202719688415527 38.739280700683594)
2287_758,6797_20250401_150_0_12,150_0,1,38.72507858276367,-9.160030364990234,21,IN_TRANSIT_TO,2025-04-11 14:53:54,6120,2287,92-58-ZM,POINT (-9.160030364990234 38.72507858276367)
2265_767,7226_20250401_112_0_7,112_0,0,38.755279541015625,-9.204919815063477,42,IN_TRANSIT_TO,2025-04-11 14:54:05,50234,2265,76-91-ZG,POINT (-9.204919815063477 38.755279541015625)
2273_758,6854_20250401_150_0_9,150_0,0,38.74797821044922,-9.191229820251465,25,IN_TRANSIT_TO,2025-04-11 14:54:16,10826,2273,76-81-ZG,POINT (-9.191229820251465 38.74797821044922)
2832_728,4602_20250401_204_0_8,204_0,0,38.706451416015625,-9.154120445251465,17,IN_TRANSIT_TO,2025-04-11 14:54:17,3901,2832,BF-68-FZ,POINT (-9.154120445251465 38.706451416015625)
303_744,5839_20250401_200_0_11,200_0,0,38.77149963378906,-9.097530364990234,26,IN_TRANSIT_TO,2025-04-11 14:53:58,7821,303,22-SP-90,POINT (-9.097530364990234 38.77149963378906)
2267_731,4992_20250401_190_0_11,190_0,0,38.77492904663086,-9.100870132446289,31,IN_TRANSIT_TO,2025-04-11 14:54:13,7909,2267,76-86-ZG,POINT (-9.100870132446289 38.77492904663086)
2266_726,4284_20250401_116_0_10,116_0,1,38.75981903076172,-9.19081974029541,26,IN_TRANSIT_TO,2025-04-11 14:54:18,6501,2266,76-92-ZG,POINT (-9.19081974029541 38.75981903076172)
