id,trip_id,route_id,direction_id,latitude,longitude,current_stop_sequence,current_status,timestamp,stop_id,vehicle_id,license_plate,geometry
2440_716,3731_20260101_164_0_16,164_0,1,38.74449920654297,-9.179200172424316,9,IN_TRANSIT_TO,2026-02-28 16:38:36,10701,2440,29-AX-08,POINT (-9.179200172424316 38.74449920654297)
603_15E,11239_20260101_76_0_15,76_0,0,38.70650100708008,-9.153929710388184,5,IN_TRANSIT_TO,2026-02-28 16:38:43,7102,603,,POINT (-9.153929710388184 38.70650100708008)
4604_750,6311_20260101_106_0_12,106_0,1,38.75701904296875,-9.107370376586914,34,IN_TRANSIT_TO,2026-02-28 16:38:23,2301,4604,96-GL-82,POINT (-9.107370376586914 38.75701904296875)
2250_731,19403_20240727_190_0_8,190_0,1,38.78303146362305,-9.114009857177734,3,IN_TRANSIT_TO,2024-08-10 10:41:27,12610,2250,80-41-ZE,POINT (-9.114009857177734 38.78303146362305)
6021_726,4308_20260101_116_0_11,116_0,0,38.737701416015625,-9.142620086669922,10,IN_TRANSIT_TO,2026-02-27 17:43:48,11118,6021,BD-91-QG,POINT (-9.142620086669922 38.737701416015625)
612_15E,11265_20260101_76_0_10,76_0,1,38.70637130737305,-9.147629737854004,19,IN_TRANSIT_TO,2026-02-28 16:38:47,7101,612,,POINT (-9.147629737854004 38.70637130737305)
6033_732,5069_20260101_107_2_8,107_2,1,38.70581817626953,-9.143919944763184,28,IN_TRANSIT_TO,2026-02-28 16:38:39,3803,6033,BF-92-AZ,POINT (-9.143919944763184 38.70581817626953)
4620_750,6354_20260101_106_0_11,106_0,0,38.74523162841797,-9.203570365905762,27,IN_TRANSIT_TO,2026-02-28 16:38:43,8816,4620,22-GP-54,POINT (-9.203570365905762 38.74523162841797)
2624_744,5813_20260101_200_0_12,200_0,1,38.749351501464844,-9.141500473022461,21,IN_TRANSIT_TO,2026-02-28 16:38:50,11209,2624,72-VP-82,POINT (-9.141500473022461 38.749351501464844)
2950_26B,17511_20260101_208_2_20,208_2,1,38.77143096923828,-9.0974702835083,8,IN_TRANSIT_TO,2026-02-28 16:38:21,7821,2950,62-GQ-51,POINT (-9.0974702835083 38.77143096923828)
4641_750,6328_20260101_106_0_12,106_0,1,38.73966979980469,-9.201680183410645,9,IN_TRANSIT_TO,2026-02-28 16:38:43,8807,4641,90-JI-98,POINT (-9.201680183410645 38.73966979980469)
4630_736,5327_20260101_199_0_14,199_0,1,38.761268615722656,-9.157429695129395,14,IN_TRANSIT_TO,2026-02-28 16:38:20,5808,4630,02-JN-85,POINT (-9.157429695129395 38.761268615722656)
2973_34B,35064_20260101_226_0_9,226_0,0,38.73902130126953,-9.12047004699707,47,IN_TRANSIT_TO,2026-02-28 16:38:46,8907,2973,30-VM-13,POINT (-9.12047004699707 38.73902130126953)
2688_728,4653_20260101_204_0_8,204_0,1,38.768619537353516,-9.101380348205566,31,IN_TRANSIT_TO,2026-02-28 16:38:37,8202,2688,93-XA-35,POINT (-9.101380348205566 38.768619537353516)
2692_728,4617_20260101_204_0_10,204_0,1,38.7564811706543,-9.096599578857422,13,IN_TRANSIT_TO,2026-02-28 16:38:40,50316,2692,90-XF-62,POINT (-9.096599578857422 38.7564811706543)
2690_764,7143_20260101_168_2_26,168_2,1,38.746849060058594,-9.216480255126953,6,IN_TRANSIT_TO,2026-02-28 16:38:47,3013,2690,99-XE-57,POINT (-9.216480255126953 38.746849060058594)
2693_764,7136_20260101_168_2_27,168_2,0,38.74937057495117,-9.192500114440918,2,IN_TRANSIT_TO,2026-02-28 16:38:38,10804,2693,90-XF-46,POINT (-9.192500114440918 38.74937057495117)
2694_728,4633_20260101_204_0_10,204_0,1,38.78116989135742,-9.110569953918457,2,IN_TRANSIT_TO,2026-02-28 16:38:40,12615,2694,90-XF-49,POINT (-9.110569953918457 38.78116989135742)
2705_738,5542_20260101_117_0_12,117_0,0,38.754249572753906,-9.168700218200684,5,IN_TRANSIT_TO,2026-02-28 16:38:40,13622,2705,92-XQ-29,POINT (-9.168700218200684 38.754249572753906)
2684_727,4468_20260101_103_2_11,103_2,1,38.702369689941406,-9.202420234680176,10,IN_TRANSIT_TO,2026-02-28 16:38:22,13309,2684,99-XE-59,POINT (-9.202420234680176 38.702369689941406)
2683_723,17897_20260101_121_0_11,121_0,0,38.6987190246582,-9.227350234985352,31,IN_TRANSIT_TO,2026-02-28 16:38:41,4206,2683,99-XE-55,POINT (-9.227350234985352 38.6987190246582)
2682_723,4163_20260101_121_0_14,121_0,1,38.71352005004883,-9.195549964904785,19,IN_TRANSIT_TO,2026-02-28 16:38:36,10315,2682,93-XA-42,POINT (-9.195549964904785 38.71352005004883)
4618_750,6258_20260101_106_0_12,106_0,0,38.755279541015625,-9.184269905090332,19,IN_TRANSIT_TO,2026-02-28 16:38:26,12805,4618,22-GP-52,POINT (-9.184269905090332 38.755279541015625)
2952_40B,17559_20260101_212_0_19,212_0,0,38.781070709228516,-9.149430274963379,18,IN_TRANSIT_TO,2026-02-28 16:38:24,50049,2952,62-GQ-54,POINT (-9.149430274963379 38.781070709228516)
2676_714,3654_20260101_102_0_14,102_0,1,38.71200180053711,-9.214770317077637,12,IN_TRANSIT_TO,2026-02-28 16:38:34,10403,2676,87-XB-40,POINT (-9.214770317077637 38.71200180053711)
2680_714,3679_20260101_102_0_9,102_0,0,38.70698165893555,-9.173629760742188,11,IN_TRANSIT_TO,2026-02-28 16:38:41,9417,2680,93-XA-36,POINT (-9.173629760742188 38.70698165893555)
2681_723,4141_20260101_121_0_13,121_0,0,38.726219177246094,-9.193730354309082,10,IN_TRANSIT_TO,2026-02-28 16:38:47,8607,2681,93-XA-41,POINT (-9.193730354309082 38.726219177246094)
2670_711,3505_20260101_101_0_10,101_0,1,38.71685028076172,-9.1427001953125,30,IN_TRANSIT_TO,2026-02-28 16:38:48,1102,2670,87-XB-32,POINT (-9.1427001953125 38.71685028076172)
6001_706,3219_20260101_147_0_5,147_0,0,38.711578369140625,-9.153420448303223,8,IN_TRANSIT_TO,2026-02-28 16:35:48,6701,6001,99-XU-70,POINT (-9.153420448303223 38.711578369140625)
2674_728,4673_20260101_204_0_9,204_0,0,38.7087516784668,-9.133779525756836,21,IN_TRANSIT_TO,2026-02-28 16:38:49,5501,2674,87-XB-38,POINT (-9.133779525756836 38.7087516784668)
2718_727,4471_20260101_103_2_10,103_2,0,38.706199645996094,-9.173100471496582,22,IN_TRANSIT_TO,2026-02-28 16:38:35,10208,2718,92-XQ-23,POINT (-9.173100471496582 38.706199645996094)
2723_746,5979_20260101_108_0_17,108_0,1,38.728328704833984,-9.148599624633789,23,IN_TRANSIT_TO,2026-02-28 16:38:39,1302,2723,92-XQ-43,POINT (-9.148599624633789 38.728328704833984)
6050_732,5036_20260101_107_2_8,107_2,1,38.70280075073242,-9.18008041381836,24,IN_TRANSIT_TO,2026-02-28 16:38:38,10201,6050,BH-62-IR,POINT (-9.18008041381836 38.70280075073242)
2347_724,4210_20260101_178_0_21,178_0,0,38.75687026977539,-9.20121955871582,23,IN_TRANSIT_TO,2026-02-28 16:38:23,13706,2347,53-61-ZJ,POINT (-9.20121955871582 38.75687026977539)
2741_720,4081_20260101_143_0_16,143_0,1,38.737369537353516,-9.13368034362793,25,IN_TRANSIT_TO,2026-02-28 16:38:47,414,2741,AG-99-TG,POINT (-9.13368034362793 38.737369537353516)
2658_709,3385_20260101_148_0_25,148_0,1,38.715579986572266,-9.160019874572754,5,IN_TRANSIT_TO,2026-02-28 16:38:38,8103,2658,05-VZ-71,POINT (-9.160019874572754 38.715579986572266)
2479_729,4760_20260101_104_0_13,104_0,1,38.69900131225586,-9.225419998168945,1,IN_TRANSIT_TO,2026-02-28 16:38:41,4211,2479,91-BE-74,POINT (-9.225419998168945 38.69900131225586)
2417_767,7229_20260101_112_0_10,112_0,1,38.749481201171875,-9.191149711608887,16,IN_TRANSIT_TO,2026-02-28 16:38:39,10807,2417,50-AL-06,POINT (-9.191149711608887 38.749481201171875)
2282_724,4189_20260101_178_0_20,178_0,1,38.72146987915039,-9.186050415039062,22,IN_TRANSIT_TO,2026-02-28 16:38:30,21308,2282,67-35-ZJ,POINT (-9.186050415039062 38.72146987915039)
2628_744,5821_20260101_200_0_12,200_0,1,38.77149963378906,-9.107970237731934,6,IN_TRANSIT_TO,2026-02-28 16:38:48,7825,2628,52-VP-82,POINT (-9.107970237731934 38.77149963378906)
2717_746,5962_20260101_108_0_19,108_0,0,38.742431640625,-9.172269821166992,10,IN_TRANSIT_TO,2026-02-28 16:38:39,1607,2717,92-XQ-16,POINT (-9.172269821166992 38.742431640625)
4835_736,18825_20260101_199_0_13,199_0,0,38.76642990112305,-9.157620429992676,16,IN_TRANSIT_TO,2026-02-28 16:38:39,5811,4835,53-VR-06,POINT (-9.157620429992676 38.76642990112305)
4624_796,8128_20260101_174_0_28,174_0,1,38.7878303527832,-9.159119606018066,6,IN_TRANSIT_TO,2026-02-28 16:38:25,11620,4624,11-JM-75,POINT (-9.159119606018066 38.7878303527832)
6034_760,51291_20260101_171_0_12,171_0,1,38.7034797668457,-9.191650390625,19,IN_TRANSIT_TO,2026-02-28 16:38:49,13405,6034,BF-61-AX,POINT (-9.191650390625 38.7034797668457)
4601_750,6376_20260101_106_0_12,106_0,0,38.74924850463867,-9.190930366516113,22,IN_TRANSIT_TO,2026-02-28 16:38:24,10806,4601,96-GL-79,POINT (-9.190930366516113 38.74924850463867)
6035_760,51290_20260101_171_0_7,171_0,1,38.70634841918945,-9.147100448608398,29,IN_TRANSIT_TO,2026-02-28 16:38:46,7101,6035,BG-76-LX,POINT (-9.147100448608398 38.70634841918945)
2783_728,4573_20260101_204_0_9,204_0,1,38.707420349121094,-9.13379955291748,31,IN_TRANSIT_TO,2026-02-28 16:38:49,8202,2783,AI-10-BT,POINT (-9.13379955291748 38.707420349121094)
607_15E,11281_20260101_76_0_13,76_0,0,38.7026481628418,-9.180319786071777,16,IN_TRANSIT_TO,2026-02-28 16:38:22,4112,607,,POINT (-9.180319786071777 38.7026481628418)
2978_774,7451_20260101_192_1_16,192_1,0,38.71382141113281,-9.161029815673828,14,IN_TRANSIT_TO,2026-02-28 16:38:40,8112,2978,29-VM-92,POINT (-9.161029815673828 38.71382141113281)
2430_778,7530_20260101_179_0_22,179_0,1,38.76057052612305,-9.191479682922363,3,IN_TRANSIT_TO,2026-02-28 16:38:24,12822,2430,29-AX-12,POINT (-9.191479682922363 38.76057052612305)
2442_747,6098_20260101_177_0_19,177_0,0,38.763248443603516,-9.170980453491211,8,IN_TRANSIT_TO,2026-02-28 16:38:23,50011,2442,29-AX-06,POINT (-9.170980453491211 38.763248443603516)
2779_746,5984_20260101_108_0_18,108_0,1,38.743770599365234,-9.176030158996582,13,IN_TRANSIT_TO,2026-02-28 16:38:42,10705,2779,AI-02-BT,POINT (-9.176030158996582 38.743770599365234)
2703_738,5526_20260101_117_0_14,117_0,1,38.71717834472656,-9.157950401306152,14,IN_TRANSIT_TO,2026-02-28 16:38:41,6805,2703,92-XQ-24,POINT (-9.157950401306152 38.71717834472656)
2495_720,19453_20260101_143_0_11,143_0,1,38.736549377441406,-9.1356201171875,24,IN_TRANSIT_TO,2026-02-28 16:38:36,406,2495,88-BL-69,POINT (-9.1356201171875 38.736549377441406)
6009_706,3236_20260101_147_0_2,147_0,1,38.706329345703125,-9.147370338439941,33,IN_TRANSIT_TO,2026-02-28 16:38:22,7101,6009,81-ZC-18,POINT (-9.147370338439941 38.706329345703125)
4839_736,5396_20260101_199_0_13,199_0,0,38.789520263671875,-9.16847038269043,24,IN_TRANSIT_TO,2026-02-28 16:38:40,7207,4839,53-VR-08,POINT (-9.16847038269043 38.789520263671875)
2272_758,6838_20260101_150_0_10,150_0,1,38.74674987792969,-9.184769630432129,9,IN_TRANSIT_TO,2026-02-28 16:38:39,10829,2272,76-80-ZG,POINT (-9.184769630432129 38.74674987792969)
2345_731,4990_20260101_190_0_13,190_0,0,38.78126907348633,-9.10657024383545,32,IN_TRANSIT_TO,2026-02-28 16:38:32,7902,2345,53-59-ZJ,POINT (-9.10657024383545 38.78126907348633)
2614_783,7826_20260101_203_2_15,203_2,0,38.781368255615234,-9.118880271911621,23,IN_TRANSIT_TO,2026-02-28 16:38:47,12603,2614,66-VI-24,POINT (-9.118880271911621 38.781368255615234)
2965_774,7438_20260101_192_1_15,192_1,0,38.718631744384766,-9.164850234985352,22,IN_TRANSIT_TO,2026-02-28 16:38:40,8003,2965,29-VM-97,POINT (-9.164850234985352 38.718631744384766)
2607_744,5827_20260101_200_0_14,200_0,1,38.77444839477539,-9.10492992401123,6,IN_TRANSIT_TO,2026-02-28 16:38:45,7825,2607,AA-95-TQ,POINT (-9.10492992401123 38.77444839477539)
4815_751,6440_20260101_109_0_18,109_0,1,38.711971282958984,-9.174869537353516,26,IN_TRANSIT_TO,2026-02-28 16:38:47,9415,4815,34-VR-24,POINT (-9.174869537353516 38.711971282958984)
2824_753,6545_20260101_167_0_13,167_0,0,38.6934700012207,-9.177820205688477,0,IN_TRANSIT_TO,2026-02-28 16:38:46,,2824,BF-67-FZ,POINT (-9.177820205688477 38.6934700012207)
2613_759,6954_20260101_144_0_12,144_0,1,38.73746871948242,-9.112879753112793,28,IN_TRANSIT_TO,2026-02-28 16:38:48,3712,2613,66-VI-22,POINT (-9.112879753112793 38.73746871948242)
4827_736,5323_20260101_199_0_14,199_0,1,38.7164192199707,-9.142350196838379,27,IN_TRANSIT_TO,2026-02-28 16:38:40,1102,4827,34-VR-15,POINT (-9.142350196838379 38.7164192199707)
2606_783,7819_20260101_203_2_16,203_2,1,38.76445007324219,-9.129369735717773,12,IN_TRANSIT_TO,2026-02-28 16:38:40,7602,2606,66-VI-40,POINT (-9.129369735717773 38.76445007324219)
2601_783,7806_20260101_203_2_17,203_2,0,38.725830078125,-9.149200439453125,1,IN_TRANSIT_TO,2026-02-28 16:38:30,1213,2601,04-VA-70,POINT (-9.149200439453125 38.725830078125)
2264_758,6816_20260101_150_0_12,150_0,1,38.717628479003906,-9.151180267333984,26,IN_TRANSIT_TO,2026-02-28 16:38:31,6807,2264,76-90-ZG,POINT (-9.151180267333984 38.717628479003906)
2602_708,3306_20260101_100_0_13,100_0,1,38.723228454589844,-9.13523006439209,40,IN_TRANSIT_TO,2026-02-28 16:38:48,608,2602,16-VF-81,POINT (-9.13523006439209 38.723228454589844)
2637_722,41522_20260101_196_0_13,196_0,0,38.736671447753906,-9.13640022277832,8,IN_TRANSIT_TO,2026-02-28 16:38:45,11108,2637,87-VS-51,POINT (-9.13640022277832 38.736671447753906)
2638_744,22979_20260101_200_0_11,200_0,0,38.769718170166016,-9.10925006866455,23,IN_TRANSIT_TO,2026-02-28 16:38:37,7709,2638,87-VS-48,POINT (-9.10925006866455 38.769718170166016)
6037_706,18897_20260101_147_0_2,147_0,1,38.71126937866211,-9.153719902038574,28,IN_TRANSIT_TO,2026-02-28 16:38:40,6702,6037,BG-37-LT,POINT (-9.153719902038574 38.71126937866211)
2617_708,3281_20260101_100_0_12,100_0,0,38.768218994140625,-9.098520278930664,28,IN_TRANSIT_TO,2026-02-28 16:38:47,7805,2617,66-VI-28,POINT (-9.098520278930664 38.768218994140625)
6039_760,7060_20260101_171_0_6,171_0,0,38.70627975463867,-9.15587043762207,14,IN_TRANSIT_TO,2026-02-28 16:38:45,3902,6039,BG-96-LU,POINT (-9.15587043762207 38.70627975463867)
2716_727,4490_20260101_103_2_11,103_2,0,38.7203483581543,-9.154370307922363,9,IN_TRANSIT_TO,2026-02-28 16:38:46,1214,2716,92-XQ-27,POINT (-9.154370307922363 38.7203483581543)
6025_706,19494_20260101_147_0_5,147_0,1,38.73134994506836,-9.126870155334473,10,IN_TRANSIT_TO,2026-02-28 16:38:34,7015,6025,BF-92-AX,POINT (-9.126870155334473 38.73134994506836)
2991_702,3031_20260101_146_0_31,146_0,0,38.725101470947266,-9.154319763183594,1,IN_TRANSIT_TO,2026-02-28 16:38:35,50188,2991,29-VM-89,POINT (-9.154319763183594 38.725101470947266)
2704_738,5537_20260101_117_0_13,117_0,0,38.71453094482422,-9.160679817199707,26,IN_TRANSIT_TO,2026-02-28 16:38:45,8104,2704,92-XQ-18,POINT (-9.160679817199707 38.71453094482422)
2639_708,3328_20260101_100_0_10,100_0,1,38.772850036621094,-9.097550392150879,13,IN_TRANSIT_TO,2026-02-28 16:38:40,7824,2639,75-VS-47,POINT (-9.097550392150879 38.772850036621094)
2647_708,3341_20260101_100_0_8,100_0,1,38.77302932739258,-9.104630470275879,15,IN_TRANSIT_TO,2026-02-28 16:38:46,7825,2647,75-VS-45,POINT (-9.104630470275879 38.77302932739258)
2661_711,3449_20260101_101_0_12,101_0,1,38.72018051147461,-9.185429573059082,21,IN_TRANSIT_TO,2026-02-28 16:38:37,21308,2661,05-VZ-58,POINT (-9.185429573059082 38.72018051147461)
2618_744,5807_20260101_200_0_13,200_0,0,38.73115158081055,-9.146169662475586,5,IN_TRANSIT_TO,2026-02-28 16:38:30,1713,2618,66-VI-42,POINT (-9.146169662475586 38.73115158081055)
548_28E,14999_20260101_75_0_9,75_0,1,38.712921142578125,-9.128999710083008,24,IN_TRANSIT_TO,2026-02-28 16:38:24,13813,548,,POINT (-9.128999710083008 38.712921142578125)
2643_718,3966_20260101_105_0_15,105_0,1,38.73318099975586,-9.132229804992676,5,IN_TRANSIT_TO,2026-02-28 16:38:42,522,2643,75-VS-44,POINT (-9.132229804992676 38.73318099975586)
2664_711,3467_20260101_101_0_12,101_0,0,38.75318145751953,-9.208569526672363,24,IN_TRANSIT_TO,2026-02-28 16:19:20,50170,2664,05-VZ-68,POINT (-9.208569526672363 38.75318145751953)
2654_755,6635_20260101_118_0_14,118_0,0,38.74314880371094,-9.167030334472656,41,IN_TRANSIT_TO,2026-02-28 16:38:35,12702,2654,05-VZ-69,POINT (-9.167030334472656 38.74314880371094)
541_28E,14921_20260101_75_0_13,75_0,1,38.70962142944336,-9.137399673461914,18,IN_TRANSIT_TO,2026-02-28 16:38:23,50149,541,,POINT (-9.137399673461914 38.70962142944336)
2707_754,6581_20260101_201_2_19,201_2,0,38.74441909790039,-9.194299697875977,10,IN_TRANSIT_TO,2026-02-28 16:38:37,10818,2707,92-XQ-39,POINT (-9.194299697875977 38.74441909790039)
2612_725,4242_20260101_197_2_26,197_2,1,38.77722930908203,-9.117950439453125,8,IN_TRANSIT_TO,2026-02-28 16:38:40,12604,2612,66-VI-29,POINT (-9.117950439453125 38.77722930908203)
542_28E,15051_20260101_75_0_8,75_0,0,38.71931838989258,-9.135530471801758,2,IN_TRANSIT_TO,2026-02-28 16:38:35,803,542,,POINT (-9.135530471801758 38.71931838989258)
2635_759,6934_20260101_144_0_11,144_0,0,38.70867919921875,-9.130470275878906,0,IN_TRANSIT_TO,2026-02-28 16:38:37,,2635,52-VP-90,POINT (-9.130470275878906 38.70867919921875)
544_28E,14935_20260101_75_0_9,75_0,1,38.71080017089844,-9.14568042755127,13,IN_TRANSIT_TO,2026-02-28 16:38:12,10513,544,,POINT (-9.14568042755127 38.71080017089844)
2996_45B,45294_20260101_277_0_16,277_0,0,38.759769439697266,-9.156829833984375,12,IN_TRANSIT_TO,2026-02-28 16:38:41,5808,2996,30-VM-03,POINT (-9.156829833984375 38.759769439697266)
2652_755,6679_20260101_118_0_6,118_0,0,38.756771087646484,-9.121600151062012,18,IN_TRANSIT_TO,2026-02-28 16:38:41,8426,2652,05-VZ-61,POINT (-9.121600151062012 38.756771087646484)
2626_718,3955_20260101_105_0_18,105_0,0,38.74433135986328,-9.101400375366211,11,IN_TRANSIT_TO,2026-02-28 16:38:41,12524,2626,52-VP-86,POINT (-9.101400375366211 38.74433135986328)
2620_755,21759_20260101_118_0_5,118_0,1,38.754669189453125,-9.138520240783691,12,IN_TRANSIT_TO,2026-02-28 16:38:42,7409,2620,66-VI-33,POINT (-9.138520240783691 38.754669189453125)
2621_759,6901_20260101_144_0_11,144_0,0,38.767330169677734,-9.099969863891602,46,IN_TRANSIT_TO,2026-02-28 16:38:46,7825,2621,66-VI-45,POINT (-9.099969863891602 38.767330169677734)
2622_708,3284_20260101_100_0_11,100_0,1,38.71586990356445,-9.13677978515625,43,IN_TRANSIT_TO,2026-02-28 16:38:24,807,2622,66-VI-21,POINT (-9.13677978515625 38.71586990356445)
2985_730,4956_20260101_198_0_19,198_0,1,38.72380065917969,-9.132019996643066,9,IN_TRANSIT_TO,2026-02-28 16:38:43,604,2985,30-VM-14,POINT (-9.132019996643066 38.72380065917969)
2986_730,4940_20260101_198_0_18,198_0,0,38.73527145385742,-9.121199607849121,3,IN_TRANSIT_TO,2026-02-28 16:38:20,8917,2986,30-VM-12,POINT (-9.121199607849121 38.73527145385742)
2701_738,5510_20260101_117_0_13,117_0,1,38.74528121948242,-9.147319793701172,22,IN_TRANSIT_TO,2026-02-28 16:38:49,1903,2701,92-XQ-35,POINT (-9.147319793701172 38.74528121948242)
2982_770,7365_20260101_191_0_17,191_0,0,38.74277114868164,-9.165980339050293,17,IN_TRANSIT_TO,2026-02-28 16:38:47,1621,2982,30-VM-23,POINT (-9.165980339050293 38.74277114868164)
2616_718,3944_20260101_105_0_18,105_0,0,38.7294807434082,-9.123069763183594,24,IN_TRANSIT_TO,2026-02-28 16:38:44,11701,2616,66-VI-44,POINT (-9.123069763183594 38.7294807434082)
2702_738,5521_20260101_117_0_12,117_0,1,38.715370178222656,-9.160630226135254,11,IN_TRANSIT_TO,2026-02-28 16:38:42,8101,2702,92-XQ-21,POINT (-9.160630226135254 38.715370178222656)
2634_722,4110_20260101_196_0_13,196_0,1,38.7706298828125,-9.128230094909668,15,IN_TRANSIT_TO,2026-02-28 16:38:40,7604,2634,52-VP-85,POINT (-9.128230094909668 38.7706298828125)
2605_759,6937_20260101_144_0_12,144_0,1,38.707401275634766,-9.133580207824707,43,IN_TRANSIT_TO,2026-02-28 16:38:49,8202,2605,66-VI-35,POINT (-9.133580207824707 38.707401275634766)
2663_714,3697_20240914_102_0_16,102_0,1,38.72127151489258,-9.221500396728516,4,IN_TRANSIT_TO,2024-10-22 20:26:58,18703,2663,05-VZ-62,POINT (-9.221500396728516 38.72127151489258)
2685_727,4507_20260101_103_2_8,103_2,1,38.72570037841797,-9.149129867553711,36,IN_TRANSIT_TO,2026-02-28 16:38:37,1207,2685,93-XA-46,POINT (-9.149129867553711 38.72570037841797)
2615_759,6915_20260101_144_0_13,144_0,0,38.772098541259766,-9.097419738769531,44,IN_TRANSIT_TO,2026-02-28 16:38:40,7824,2615,66-VI-27,POINT (-9.097419738769531 38.772098541259766)
579_12E,11039_20260101_77_0_12,77_0,0,38.7158317565918,-9.135849952697754,9,IN_TRANSIT_TO,2026-02-28 16:38:20,13802,579,,POINT (-9.135849952697754 38.7158317565918)
6043_732,5066_20260101_107_2_10,107_2,1,38.7045783996582,-9.175880432128906,28,IN_TRANSIT_TO,2026-02-28 16:38:49,3803,6043,BG-93-LT,POINT (-9.175880432128906 38.7045783996582)
554_28E,14987_20260101_75_0_8,75_0,0,38.711551666259766,-9.153300285339355,26,IN_TRANSIT_TO,2026-02-28 16:37:42,6722,554,,POINT (-9.153300285339355 38.711551666259766)
1714_40B,19269_20260101_212_0_18,212_0,1,38.77973175048828,-9.15977954864502,7,IN_TRANSIT_TO,2026-02-28 16:38:20,5922,1714,69-AL-77,POINT (-9.15977954864502 38.77973175048828)
545_28E,15039_20260101_75_0_12,75_0,0,38.71977996826172,-9.13556957244873,2,IN_TRANSIT_TO,2026-02-28 16:38:43,803,545,,POINT (-9.13556957244873 38.71977996826172)
2995_45B,45295_20260101_277_0_16,277_0,1,38.76533126831055,-9.155980110168457,16,IN_TRANSIT_TO,2026-02-28 16:38:44,5811,2995,30-VM-15,POINT (-9.155980110168457 38.76533126831055)
580_18E,12187_20260101_78_0_21,78_0,0,38.706199645996094,-9.155949592590332,3,IN_TRANSIT_TO,2026-02-28 16:38:18,3902,580,,POINT (-9.155949592590332 38.706199645996094)
4804_751,6451_20260101_109_0_18,109_0,1,38.69736862182617,-9.200149536132812,19,IN_TRANSIT_TO,2026-02-28 16:38:46,4109,4804,53-VR-07,POINT (-9.200149536132812 38.69736862182617)
2963_774,7468_20260101_192_1_12,192_1,1,38.761199951171875,-9.19534969329834,0,IN_TRANSIT_TO,2026-02-28 16:38:31,,2963,29-VM-88,POINT (-9.19534969329834 38.761199951171875)
252_37B,35067_20260101_224_0_19,224_0,0,38.72782897949219,-9.124449729919434,7,IN_TRANSIT_TO,2026-02-28 16:38:45,11707,252,AF-89-NU,POINT (-9.124449729919434 38.72782897949219)
2427_767,7266_20260101_112_0_11,112_0,0,38.74972152709961,-9.191269874572754,31,IN_TRANSIT_TO,2026-02-28 16:38:34,10804,2427,29-AX-14,POINT (-9.191269874572754 38.74972152709961)
4824_736,5303_20260101_199_0_15,199_0,0,38.73046875,-9.146920204162598,5,IN_TRANSIT_TO,2026-02-28 16:38:43,1701,4824,34-VR-19,POINT (-9.146920204162598 38.73046875)
268_61B,35061_20260101_241_0_25,241_0,1,38.73706817626953,-9.168049812316895,4,IN_TRANSIT_TO,2026-02-28 16:38:38,2713,268,AH-56-CZ,POINT (-9.168049812316895 38.73706817626953)
555_24E,17843_20260101_213_0_25,213_0,1,38.72404861450195,-9.159729957580566,2,IN_TRANSIT_TO,2026-02-28 16:37:49,8510,555,,POINT (-9.159729957580566 38.72404861450195)
266_76B,35089_20260101_219_0_20,219_0,0,38.70547866821289,-9.195449829101562,27,IN_TRANSIT_TO,2026-02-28 16:38:41,13305,266,AH-55-CZ,POINT (-9.195449829101562 38.70547866821289)
2987_72B,45254_20260101_279_0_15,279_0,0,38.74304962158203,-9.205699920654297,14,IN_TRANSIT_TO,2026-02-28 16:38:39,8814,2987,29-VM-99,POINT (-9.205699920654297 38.74304962158203)
6006_706,20148_20260101_147_0_3,147_0,0,38.7150993347168,-9.1210298538208,30,IN_TRANSIT_TO,2026-02-28 16:38:36,2128,6006,82-ZC-09,POINT (-9.1210298538208 38.7150993347168)
2655_759,6912_20260101_144_0_11,144_0,0,38.77132034301758,-9.097620010375977,45,IN_TRANSIT_TO,2026-02-28 16:38:35,7822,2655,05-VZ-67,POINT (-9.097620010375977 38.77132034301758)
2782_748,6135_20260101_169_0_27,169_0,1,38.72370147705078,-9.177980422973633,6,IN_TRANSIT_TO,2026-02-28 16:38:45,14311,2782,AI-99-BS,POINT (-9.177980422973633 38.72370147705078)
4805_751,6462_20260101_109_0_16,109_0,1,38.7140998840332,-9.226799964904785,4,IN_TRANSIT_TO,2026-02-28 16:38:49,14307,4805,20-VQ-66,POINT (-9.226799964904785 38.7140998840332)
2744_735,5207_20260101_172_0_13,172_0,0,38.73112869262695,-9.126899719238281,16,IN_TRANSIT_TO,2026-02-28 16:38:40,7003,2744,AG-13-TH,POINT (-9.126899719238281 38.73112869262695)
2651_755,6657_20260101_118_0_6,118_0,0,38.75394821166992,-9.144319534301758,32,IN_TRANSIT_TO,2026-02-28 16:38:48,108,2651,05-VZ-54,POINT (-9.144319534301758 38.75394821166992)
2645_725,4252_20260101_197_2_19,197_2,0,38.77743148803711,-9.117819786071777,9,IN_TRANSIT_TO,2026-02-28 16:38:47,12305,2645,87-VS-49,POINT (-9.117819786071777 38.77743148803711)
2983_730,4960_20260101_198_0_15,198_0,0,38.725830078125,-9.132450103759766,17,IN_TRANSIT_TO,2026-02-28 16:38:46,601,2983,30-VM-08,POINT (-9.132450103759766 38.725830078125)
262_776,7477_20260101_193_2_44,193_2,0,38.70077133178711,-9.244629859924316,3,IN_TRANSIT_TO,2026-02-28 16:38:43,14906,262,AF-49-ZD,POINT (-9.244629859924316 38.70077133178711)
4635_783,7835_20260101_203_0_6,203_0,1,38.72309875488281,-9.16355037689209,30,IN_TRANSIT_TO,2026-02-27 10:45:47,8501,4635,90-JI-95,POINT (-9.16355037689209 38.72309875488281)
2608_708,3325_20260101_100_0_13,100_0,1,38.754730224609375,-9.130470275878906,30,IN_TRANSIT_TO,2026-02-28 16:38:42,7512,2608,66-VI-39,POINT (-9.130470275878906 38.754730224609375)
2966_737,5490_20260101_173_0_28,173_0,0,38.71189880371094,-9.130999565124512,5,IN_TRANSIT_TO,2026-02-28 16:38:48,13807,2966,30-VM-20,POINT (-9.130999565124512 38.71189880371094)
2731_701,2955_20260101_123_0_20,123_0,0,38.75056838989258,-9.165349960327148,10,IN_TRANSIT_TO,2026-02-28 16:38:48,13508,2731,AG-49-EI,POINT (-9.165349960327148 38.75056838989258)
2722_727,4446_20260101_103_2_10,103_2,1,38.7153205871582,-9.154370307922363,32,IN_TRANSIT_TO,2026-02-28 16:38:26,6705,2722,92-XQ-36,POINT (-9.154370307922363 38.7153205871582)
279_79B,35096_20260101_221_0_13,221_0,0,38.70806884765625,-9.206100463867188,28,IN_TRANSIT_TO,2026-02-28 16:38:47,50384,279,AI-38-FG,POINT (-9.206100463867188 38.70806884765625)
2972_774,7458_20260101_192_1_16,192_1,0,38.70718002319336,-9.142049789428711,3,IN_TRANSIT_TO,2026-02-28 16:38:36,3821,2972,29-VM-96,POINT (-9.142049789428711 38.70718002319336)
267_64B,35076_20260101_238_0_21,238_0,0,38.72237014770508,-9.167149543762207,6,IN_TRANSIT_TO,2026-02-28 16:38:38,50486,267,AG-41-OV,POINT (-9.167149543762207 38.72237014770508)
2274_731,57524_20260101_190_0_10,190_0,1,38.75482177734375,-9.152119636535645,25,IN_TRANSIT_TO,2026-02-28 16:38:25,5703,2274,76-79-ZG,POINT (-9.152119636535645 38.75482177734375)
2247_768,7322_20260101_111_2_14,111_2,1,38.761619567871094,-9.196680068969727,18,IN_TRANSIT_TO,2026-02-28 16:38:33,13907,2247,22-34-ZB,POINT (-9.196680068969727 38.761619567871094)
2316_15E,11255_20260101_76_0_9,76_0,0,38.703529357910156,-9.170100212097168,10,IN_TRANSIT_TO,2026-02-28 16:38:33,12116,2316,61-87-ZB,POINT (-9.170100212097168 38.703529357910156)
253_13B,35066_20260101_243_0_20,243_0,0,38.715030670166016,-9.12874984741211,8,IN_TRANSIT_TO,2026-02-28 16:38:39,14804,253,AF-88-NU,POINT (-9.12874984741211 38.715030670166016)
2402_767,7253_20260101_112_0_15,112_0,0,38.72404861450195,-9.140000343322754,2,IN_TRANSIT_TO,2026-02-15 20:41:44,9212,2402,50-AL-13,POINT (-9.140000343322754 38.72404861450195)
2780_712,3536_20260101_189_2_22,189_2,1,38.72745132446289,-9.128250122070312,12,IN_TRANSIT_TO,2026-02-28 16:38:49,9107,2780,AI-06-BT,POINT (-9.128250122070312 38.72745132446289)
2994_52B,35053_20260101_244_0_15,244_0,0,38.736900329589844,-9.147199630737305,14,IN_TRANSIT_TO,2026-02-28 16:38:47,1811,2994,29-VM-91,POINT (-9.147199630737305 38.736900329589844)
2471_726,4289_20260101_116_0_13,116_0,0,38.760650634765625,-9.19491958618164,28,IN_TRANSIT_TO,2026-02-28 16:38:46,12812,2471,74-BC-70,POINT (-9.19491958618164 38.760650634765625)
2304_742,5705_20260101_114_0_10,114_0,1,38.7215690612793,-9.167130470275879,27,IN_TRANSIT_TO,2026-02-28 16:38:49,8011,2304,83-10-ZM,POINT (-9.167130470275879 38.7215690612793)
2709_754,6595_20260101_201_2_19,201_2,1,38.74237823486328,-9.172149658203125,28,IN_TRANSIT_TO,2026-02-28 16:38:35,1615,2709,92-XQ-42,POINT (-9.172149658203125 38.74237823486328)
2822_753,6533_20260101_167_0_17,167_0,0,38.70790100097656,-9.178130149841309,7,IN_TRANSIT_TO,2026-02-28 16:38:36,8607,2822,BF-54-FZ,POINT (-9.178130149841309 38.70790100097656)
2478_703,3125_20260101_165_0_13,165_0,0,38.75659942626953,-9.185600280761719,32,IN_TRANSIT_TO,2026-02-28 16:38:38,12802,2478,91-BE-80,POINT (-9.185600280761719 38.75659942626953)
1778_735,5192_20260101_172_0_11,172_0,0,38.75428009033203,-9.144519805908203,28,IN_TRANSIT_TO,2026-02-28 16:38:30,103,1778,63-HX-30,POINT (-9.144519805908203 38.75428009033203)
1751_717,3847_20260101_170_0_12,170_0,1,38.734500885009766,-9.135100364685059,40,IN_TRANSIT_TO,2026-02-28 16:38:40,521,1751,34-HU-17,POINT (-9.135100364685059 38.734500885009766)
2496_735,5243_20260101_172_0_12,172_0,1,38.706050872802734,-9.1431303024292,34,IN_TRANSIT_TO,2026-02-28 16:38:47,8202,2496,88-BL-70,POINT (-9.1431303024292 38.706050872802734)
1747_717,3806_20260101_170_0_10,170_0,0,38.78657150268555,-9.144129753112793,32,IN_TRANSIT_TO,2026-02-28 16:38:23,6006,1747,92-HR-04,POINT (-9.144129753112793 38.78657150268555)
1746_717,3775_20260101_170_0_13,170_0,1,38.77470016479492,-9.148850440979004,17,IN_TRANSIT_TO,2026-02-28 16:38:28,11505,1746,92-HR-03,POINT (-9.148850440979004 38.77470016479492)
2971_55B,35094_20260101_240_0_21,240_0,0,38.766029357910156,-9.198229789733887,6,IN_TRANSIT_TO,2026-02-28 16:38:48,13906,2971,29-VM-98,POINT (-9.198229789733887 38.766029357910156)
2803_793,7997_20260101_145_0_17,145_0,1,38.740028381347656,-9.111080169677734,18,IN_TRANSIT_TO,2026-02-28 16:38:35,3702,2803,01-IH-92,POINT (-9.111080169677734 38.740028381347656)
4812_751,6488_20260101_109_0_13,109_0,0,38.72262954711914,-9.175169944763184,2,IN_TRANSIT_TO,2026-02-28 16:38:42,2704,4812,20-VQ-70,POINT (-9.175169944763184 38.72262954711914)
401_51E,65341_20260101_158_0_4,158_0,0,38.717628479003906,-9.14503002166748,8,IN_TRANSIT_TO,2026-02-28 16:38:38,50623,401,BF-60-TR,POINT (-9.14503002166748 38.717628479003906)
4831_736,41525_20260101_199_0_11,199_0,0,38.74578094482422,-9.147529602050781,10,IN_TRANSIT_TO,2026-02-28 16:38:47,2021,4831,20-VQ-61,POINT (-9.147529602050781 38.74578094482422)
4625_796,8136_20260101_174_0_25,174_0,0,38.78852844238281,-9.157670021057129,10,IN_TRANSIT_TO,2026-02-28 16:38:22,11618,4625,90-JI-92,POINT (-9.157670021057129 38.78852844238281)
1750_717,3784_20260101_170_0_14,170_0,1,38.79106903076172,-9.150679588317871,5,IN_TRANSIT_TO,2026-02-28 16:38:37,11603,1750,92-HR-07,POINT (-9.150679588317871 38.79106903076172)
2455_726,4311_20260101_116_0_13,116_0,0,38.7347297668457,-9.141579627990723,9,IN_TRANSIT_TO,2026-02-28 16:38:31,11102,2455,16-AZ-12,POINT (-9.141579627990723 38.7347297668457)
2251_758,6794_20260101_150_0_15,150_0,0,38.73345184326172,-9.163049697875977,15,IN_TRANSIT_TO,2026-02-28 16:38:26,6123,2251,22-31-ZB,POINT (-9.163049697875977 38.73345184326172)
2278_768,7338_20260101_111_2_14,111_2,0,38.75653076171875,-9.177200317382812,13,IN_TRANSIT_TO,2026-02-28 16:38:33,13612,2278,67-41-ZJ,POINT (-9.177200317382812 38.75653076171875)
2790_727,4493_20260101_103_2_11,103_2,0,38.74568176269531,-9.160820007324219,0,IN_TRANSIT_TO,2026-02-28 16:38:40,,2790,AI-54-TL,POINT (-9.160820007324219 38.74568176269531)
2450_767,7252_20260101_112_0_9,112_0,0,38.750579833984375,-9.212980270385742,42,IN_TRANSIT_TO,2026-02-28 16:38:49,50234,2450,44-BC-36,POINT (-9.212980270385742 38.750579833984375)
2746_742,5760_20260101_114_0_7,114_0,0,38.70954895019531,-9.17199993133545,36,IN_TRANSIT_TO,2026-02-28 16:38:49,50067,2746,AG-97-TG,POINT (-9.17199993133545 38.70954895019531)
2483_726,4292_20260101_116_0_13,116_0,0,38.755699157714844,-9.1764497756958,22,IN_TRANSIT_TO,2026-02-28 16:38:27,13617,2483,74-BC-66,POINT (-9.1764497756958 38.755699157714844)
2499_735,5253_20260101_172_0_12,172_0,1,38.72488021850586,-9.128450393676758,23,IN_TRANSIT_TO,2026-02-28 16:38:49,7009,2499,03-BM-58,POINT (-9.128450393676758 38.72488021850586)
1775_717,3841_20260101_170_0_13,170_0,0,38.755001068115234,-9.138999938964844,9,IN_TRANSIT_TO,2026-02-28 16:38:31,11201,1775,53-HX-08,POINT (-9.138999938964844 38.755001068115234)
217_773,7374_20260101_124_0_25,124_0,0,38.71107864379883,-9.170220375061035,20,IN_TRANSIT_TO,2026-02-28 16:38:25,10105,217,29-98-XM,POINT (-9.170220375061035 38.71107864379883)
2767_728,4577_20260101_204_0_9,204_0,1,38.70737075805664,-9.133399963378906,31,IN_TRANSIT_TO,2026-02-28 16:38:40,8202,2767,AH-34-ND,POINT (-9.133399963378906 38.70737075805664)
2482_703,3150_20260101_165_0_15,165_0,0,38.78070068359375,-9.159420013427734,13,IN_TRANSIT_TO,2026-02-28 16:38:48,5931,2482,55-BH-02,POINT (-9.159420013427734 38.78070068359375)
2801_793,7986_20260101_145_0_20,145_0,0,38.7351188659668,-9.112850189208984,6,IN_TRANSIT_TO,2026-02-28 16:38:23,17572,2801,38-HU-27,POINT (-9.112850189208984 38.7351188659668)
1780_783,7837_20260101_203_2_14,203_2,0,38.759769439697266,-9.136520385742188,13,IN_TRANSIT_TO,2026-02-28 16:38:48,11303,1780,63-HX-18,POINT (-9.136520385742188 38.759769439697266)
1769_717,3797_20260101_170_0_13,170_0,0,38.797481536865234,-9.14367961883545,40,IN_TRANSIT_TO,2026-02-28 16:33:49,16002,1769,63-HX-24,POINT (-9.14367961883545 38.797481536865234)
1767_794,8075_20260101_115_0_13,115_0,0,38.75802993774414,-9.126420021057129,22,IN_TRANSIT_TO,2026-02-28 16:38:28,14708,1767,63-HX-29,POINT (-9.126420021057129 38.75802993774414)
1756_717,3819_20260101_170_0_13,170_0,0,38.77457809448242,-9.148770332336426,23,IN_TRANSIT_TO,2026-02-28 16:38:28,11507,1756,34-HU-22,POINT (-9.148770332336426 38.77457809448242)
2487_767,7274_20260101_112_0_7,112_0,0,38.737178802490234,-9.13640022277832,8,IN_TRANSIT_TO,2026-02-28 16:38:41,11114,2487,54-BH-97,POINT (-9.13640022277832 38.737178802490234)
1757_717,3828_20260101_170_0_13,170_0,0,38.75640106201172,-9.15192985534668,14,IN_TRANSIT_TO,2026-02-28 16:38:36,5705,1757,34-HU-23,POINT (-9.15192985534668 38.75640106201172)
2470_716,3739_20260101_164_0_15,164_0,0,38.75080108642578,-9.201720237731934,23,IN_TRANSIT_TO,2026-02-28 16:38:24,10904,2470,74-BC-71,POINT (-9.201720237731934 38.75080108642578)
261_65B,35092_20260101_250_0_18,250_0,0,38.72111892700195,-9.162349700927734,6,IN_TRANSIT_TO,2026-02-28 16:38:34,8027,261,AF-48-ZD,POINT (-9.162349700927734 38.72111892700195)
2771_714,3632_20260101_102_0_13,102_0,0,38.70613098144531,-9.143199920654297,1,IN_TRANSIT_TO,2026-02-28 16:38:44,3812,2771,AH-20-ND,POINT (-9.143199920654297 38.70613098144531)
2774_714,3635_20260101_102_0_10,102_0,1,38.69913101196289,-9.186019897460938,25,IN_TRANSIT_TO,2026-02-28 16:38:44,9505,2774,AH-22-ND,POINT (-9.186019897460938 38.69913101196289)
405_10B,35052_20260101_242_0_20,242_0,0,38.711181640625,-9.130620002746582,4,IN_TRANSIT_TO,2026-02-28 16:38:37,13803,405,BF-14-TU,POINT (-9.130620002746582 38.711181640625)
2469_726,4270_20260101_116_0_14,116_0,1,38.75672149658203,-9.177820205688477,10,IN_TRANSIT_TO,2026-02-28 16:38:49,13605,2469,16-AZ-09,POINT (-9.177820205688477 38.75672149658203)
2747_742,5702_20260101_114_0_11,114_0,1,38.734100341796875,-9.1356201171875,41,IN_TRANSIT_TO,2026-02-28 16:38:46,517,2747,AG-09-TH,POINT (-9.1356201171875 38.734100341796875)
1704_720,4040_20260101_143_0_13,143_0,1,38.725318908691406,-9.148880004882812,16,IN_TRANSIT_TO,2026-02-28 16:38:26,1207,1704,35-AL-14,POINT (-9.148880004882812 38.725318908691406)
2268_758,6788_20260101_150_0_13,150_0,0,38.752628326416016,-9.20740032196045,30,IN_TRANSIT_TO,2026-02-28 16:38:24,10902,2268,76-87-ZG,POINT (-9.20740032196045 38.752628326416016)
2447_726,4314_20260101_116_0_12,116_0,1,38.72359848022461,-9.131799697875977,31,IN_TRANSIT_TO,2026-02-28 16:38:23,602,2447,44-BC-33,POINT (-9.131799697875977 38.72359848022461)
2772_728,4593_20260101_204_0_8,204_0,0,38.70663070678711,-9.153770446777344,33,IN_TRANSIT_TO,2026-02-28 16:38:46,12511,2772,AH-24-ND,POINT (-9.153770446777344 38.70663070678711)
2752_720,4062_20260101_143_0_16,143_0,0,38.73780059814453,-9.14192008972168,9,IN_TRANSIT_TO,2026-02-28 16:38:43,11109,2752,AG-18-TH,POINT (-9.14192008972168 38.73780059814453)
1760_717,3858_20260101_170_0_9,170_0,0,38.7722282409668,-9.147820472717285,40,IN_TRANSIT_TO,2026-02-28 16:38:14,16002,1760,34-HU-26,POINT (-9.147820472717285 38.7722282409668)
2823_753,6544_20260101_167_0_16,167_0,1,38.72846984863281,-9.145350456237793,8,IN_TRANSIT_TO,2026-02-28 16:38:49,6601,2823,BF-64-FZ,POINT (-9.145350456237793 38.72846984863281)
1758_742,5727_20260101_114_0_8,114_0,1,38.717201232910156,-9.17216968536377,25,IN_TRANSIT_TO,2026-02-28 16:38:42,9302,1758,34-HU-24,POINT (-9.17216968536377 38.717201232910156)
2461_767,7243_20260101_112_0_10,112_0,1,38.74898147583008,-9.214320182800293,4,IN_TRANSIT_TO,2026-02-28 16:38:44,3018,2461,55-BH-04,POINT (-9.214320182800293 38.74898147583008)
2422_729,4785_20260101_104_0_11,104_0,0,38.7612190246582,-9.196619987487793,7,IN_TRANSIT_TO,2026-02-28 16:38:45,13911,2422,29-AU-17,POINT (-9.196619987487793 38.7612190246582)
2775_728,36651_20260101_204_0_3,204_0,1,38.710121154785156,-9.128270149230957,31,IN_TRANSIT_TO,2026-02-28 16:38:40,8202,2775,AH-31-ND,POINT (-9.128270149230957 38.710121154785156)
2336_754,6592_20260101_201_0_13,201_0,0,38.74224853515625,-9.212650299072266,25,IN_TRANSIT_TO,2026-02-27 17:25:05,18112,2336,53-63-ZJ,POINT (-9.212650299072266 38.74224853515625)
2285_768,7344_20260101_111_2_12,111_2,1,38.743080139160156,-9.166799545288086,32,IN_TRANSIT_TO,2026-02-28 16:38:31,1603,2285,67-55-ZJ,POINT (-9.166799545288086 38.743080139160156)
2449_729,4763_20260101_104_0_12,104_0,0,38.7046012878418,-9.199370384216309,31,IN_TRANSIT_TO,2026-02-28 16:38:35,10301,2449,44-BC-35,POINT (-9.199370384216309 38.7046012878418)
1719_701,2972_20260101_123_0_17,123_0,0,38.747318267822266,-9.15647029876709,8,IN_TRANSIT_TO,2026-02-28 16:38:24,13501,1719,25-AS-31,POINT (-9.15647029876709 38.747318267822266)
2437_747,6095_20260101_177_0_21,177_0,1,38.77096939086914,-9.193449974060059,4,IN_TRANSIT_TO,2026-02-28 16:38:36,14102,2437,29-AX-09,POINT (-9.193449974060059 38.77096939086914)
2420_716,3716_20260101_164_0_17,164_0,0,38.738128662109375,-9.159899711608887,8,IN_TRANSIT_TO,2026-02-28 16:38:28,1503,2420,29-AU-15,POINT (-9.159899711608887 38.738128662109375)
1766_717,3781_20260101_170_0_13,170_0,1,38.78731918334961,-9.142919540405273,8,IN_TRANSIT_TO,2026-02-27 19:43:32,6003,1766,63-HX-33,POINT (-9.142919540405273 38.78731918334961)
2465_716,3726_20260101_164_0_17,164_0,0,38.73664855957031,-9.13341999053955,0,IN_TRANSIT_TO,2026-02-28 16:38:33,,2465,55-BH-00,POINT (-9.13341999053955 38.73664855957031)
1777_794,8033_20260101_115_0_14,115_0,0,38.7117805480957,-9.124979972839355,2,IN_TRANSIT_TO,2026-02-28 16:38:44,8201,1777,63-HX-31,POINT (-9.124979972839355 38.7117805480957)
2787_714,3657_20260101_102_0_10,102_0,0,38.723270416259766,-9.229570388793945,40,IN_TRANSIT_TO,2026-02-28 16:38:40,18602,2787,AI-55-TL,POINT (-9.229570388793945 38.723270416259766)
2305_742,5683_20260101_114_0_10,114_0,1,38.73099899291992,-9.109479904174805,54,IN_TRANSIT_TO,2026-02-28 16:38:43,8317,2305,83-18-ZM,POINT (-9.109479904174805 38.73099899291992)
2498_735,5233_20260101_172_0_13,172_0,0,38.720218658447266,-9.12362003326416,10,IN_TRANSIT_TO,2026-02-28 16:38:26,9115,2498,03-BM-57,POINT (-9.12362003326416 38.720218658447266)
1763_794,8065_20260101_115_0_15,115_0,0,38.751121520996094,-9.104249954223633,32,IN_TRANSIT_TO,2026-02-28 16:38:32,2220,1763,63-HX-25,POINT (-9.104249954223633 38.751121520996094)
4612_750,6350_20260101_106_0_13,106_0,1,38.69866943359375,-9.227250099182129,0,IN_TRANSIT_TO,2026-02-28 16:38:26,,4612,96-GL-89,POINT (-9.227250099182129 38.69866943359375)
1761_794,8045_20260101_115_0_15,115_0,1,38.734771728515625,-9.117199897766113,28,IN_TRANSIT_TO,2026-02-28 16:38:21,3601,1761,63-HX-19,POINT (-9.117199897766113 38.734771728515625)
225_773,7404_20260101_124_0_17,124_0,0,38.706329345703125,-9.173199653625488,25,IN_TRANSIT_TO,2026-02-28 16:36:03,9417,225,84-37-XQ,POINT (-9.173199653625488 38.706329345703125)
2791_15E,11304_20260101_76_0_9,76_0,0,38.704071044921875,-9.160980224609375,6,IN_TRANSIT_TO,2026-02-28 16:38:44,3902,2791,AJ-61-LI,POINT (-9.160980224609375 38.704071044921875)
2838_751,6473_20260101_109_0_16,109_0,0,38.69987106323242,-9.214380264282227,19,IN_TRANSIT_TO,2026-02-28 16:38:38,9714,2838,BF-59-FZ,POINT (-9.214380264282227 38.69987106323242)
408_22B,35059_20260101_236_0_21,236_0,0,38.71076965332031,-9.145279884338379,5,IN_TRANSIT_TO,2026-02-28 16:38:39,10510,408,BF-24-TS,POINT (-9.145279884338379 38.71076965332031)
2401_767,7207_20260101_112_0_8,112_0,1,38.74348068237305,-9.138919830322266,36,IN_TRANSIT_TO,2026-02-28 16:38:24,306,2401,50-AL-14,POINT (-9.138919830322266 38.74348068237305)
2776_748,6138_20260101_169_0_23,169_0,1,38.72397994995117,-9.162079811096191,7,IN_TRANSIT_TO,2026-02-28 16:38:44,8608,2776,AI-07-BT,POINT (-9.162079811096191 38.72397994995117)
2474_703,3101_20260101_165_0_14,165_0,1,38.76337814331055,-9.180520057678223,15,IN_TRANSIT_TO,2026-02-28 16:38:24,12834,2474,74-BC-67,POINT (-9.180520057678223 38.76337814331055)
2481_726,4267_20260101_116_0_14,116_0,1,38.73603057861328,-9.149430274963379,24,IN_TRANSIT_TO,2026-02-28 16:38:35,1412,2481,54-BH-99,POINT (-9.149430274963379 38.73603057861328)
609_15E,11187_20260101_76_0_12,76_0,1,38.69609832763672,-9.21953010559082,3,IN_TRANSIT_TO,2026-02-28 16:38:48,4209,609,,POINT (-9.21953010559082 38.69609832763672)
2406_767,7221_20260101_112_0_10,112_0,1,38.761619567871094,-9.165069580078125,25,IN_TRANSIT_TO,2026-02-28 16:38:46,50006,2406,50-AL-09,POINT (-9.165069580078125 38.761619567871094)
2451_703,3136_20260101_165_0_15,165_0,0,38.75685119628906,-9.185569763183594,32,IN_TRANSIT_TO,2026-02-28 16:38:31,12802,2451,75-AQ-16,POINT (-9.185569763183594 38.75685119628906)
2434_729,4807_20260101_104_0_13,104_0,1,38.7507209777832,-9.2014799118042,29,IN_TRANSIT_TO,2026-02-28 16:38:29,10903,2434,29-AU-24,POINT (-9.2014799118042 38.7507209777832)
2464_729,18901_20260101_104_0_10,104_0,1,38.71398162841797,-9.196920394897461,18,IN_TRANSIT_TO,2026-02-28 16:38:29,10315,2464,91-BE-71,POINT (-9.196920394897461 38.71398162841797)
223_773,7385_20260101_124_0_25,124_0,0,38.71355056762695,-9.153200149536133,8,IN_TRANSIT_TO,2026-02-28 16:38:32,6704,223,84-38-XQ,POINT (-9.153200149536133 38.71355056762695)
1726_701,2934_20260101_123_0_17,123_0,1,38.74237823486328,-9.166720390319824,12,IN_TRANSIT_TO,2026-02-28 16:38:34,1621,1726,25-AS-38,POINT (-9.166720390319824 38.74237823486328)
2291_731,4997_20260101_190_0_13,190_0,0,38.756370544433594,-9.146479606628418,16,IN_TRANSIT_TO,2026-02-28 16:38:38,11304,2291,92-56-ZM,POINT (-9.146479606628418 38.756370544433594)
2610_755,17787_20260101_118_0_3,118_0,1,38.746070861816406,-9.104769706726074,37,IN_TRANSIT_TO,2026-02-28 16:38:46,2209,2610,66-VI-20,POINT (-9.104769706726074 38.746070861816406)
2290_724,4207_20260101_178_0_20,178_0,1,38.760318756103516,-9.19944953918457,2,IN_TRANSIT_TO,2026-02-28 16:38:33,13911,2290,92-55-ZM,POINT (-9.19944953918457 38.760318756103516)
2466_703,3110_20260101_165_0_14,165_0,1,38.75419998168945,-9.187129974365234,9,IN_TRANSIT_TO,2026-02-28 16:38:45,10813,2466,16-AZ-16,POINT (-9.187129974365234 38.75419998168945)
4829_736,5347_20260101_199_0_14,199_0,1,38.75217819213867,-9.151200294494629,17,IN_TRANSIT_TO,2026-02-28 16:38:47,2008,4829,34-VR-21,POINT (-9.151200294494629 38.75217819213867)
208_41B,19376_20260101_232_0_26,232_0,0,38.77444839477539,-9.15857982635498,16,IN_TRANSIT_TO,2026-02-28 16:38:42,5930,208,33-47-XH,POINT (-9.15857982635498 38.77444839477539)
2843_751,6483_20260101_109_0_16,109_0,0,38.697349548339844,-9.202679634094238,15,IN_TRANSIT_TO,2026-02-28 16:38:48,4112,2843,BF-63-FZ,POINT (-9.202679634094238 38.697349548339844)
2770_714,3676_20260101_102_0_13,102_0,0,38.722599029541016,-9.229729652404785,40,IN_TRANSIT_TO,2026-02-28 16:38:44,18602,2770,AH-30-ND,POINT (-9.229729652404785 38.722599029541016)
564_28E,15013_20260101_75_0_13,75_0,1,38.71242904663086,-9.130550384521484,23,IN_TRANSIT_TO,2026-02-28 16:38:24,13811,564,,POINT (-9.130550384521484 38.71242904663086)
409_67B,35057_20260101_253_0_14,253_0,0,38.71023178100586,-9.174079895019531,9,IN_TRANSIT_TO,2026-02-28 16:38:36,9401,409,BF-73-TQ,POINT (-9.174079895019531 38.71023178100586)
410_51E,62226_20260101_158_0_6,158_0,0,38.7176513671875,-9.146530151367188,8,IN_TRANSIT_TO,2026-02-28 16:38:42,50623,410,BF-21-VF,POINT (-9.146530151367188 38.7176513671875)
2789_728,4693_20260101_204_0_10,204_0,0,38.780269622802734,-9.102450370788574,48,IN_TRANSIT_TO,2026-02-28 16:38:42,7903,2789,AI-53-TL,POINT (-9.102450370788574 38.780269622802734)
412_73B,35078_20260101_220_0_14,220_0,0,38.70207977294922,-9.190750122070312,6,IN_TRANSIT_TO,2026-02-28 16:38:44,50379,412,BF-65-TC,POINT (-9.190750122070312 38.70207977294922)
566_28E,14973_20260101_75_0_12,75_0,0,38.71427917480469,-9.169480323791504,34,IN_TRANSIT_TO,2026-02-28 16:38:35,8017,566,,POINT (-9.169480323791504 38.71427917480469)
568_28E,14909_20260101_75_0_11,75_0,1,38.72338104248047,-9.13523006439209,33,IN_TRANSIT_TO,2026-02-28 16:38:43,706,568,,POINT (-9.13523006439209 38.72338104248047)
567_28E,14947_20260101_75_0_11,75_0,1,38.71269989013672,-9.157679557800293,6,IN_TRANSIT_TO,2026-02-28 16:38:47,8111,567,,POINT (-9.157679557800293 38.71269989013672)
2226_742,5755_20260101_114_0_11,114_0,0,38.70663070678711,-9.174449920654297,38,IN_TRANSIT_TO,2026-02-28 16:38:34,9401,2226,06-35-XX,POINT (-9.174449920654297 38.70663070678711)
565_18E,12183_20260101_78_0_22,78_0,1,38.703529357910156,-9.191320419311523,9,IN_TRANSIT_TO,2026-02-28 16:38:26,13405,565,,POINT (-9.191320419311523 38.703529357910156)
2232_724,19279_20260101_178_0_15,178_0,0,38.723819732666016,-9.187520027160645,7,IN_TRANSIT_TO,2026-02-28 16:38:48,21307,2232,06-23-XX,POINT (-9.187520027160645 38.723819732666016)
2234_758,6832_20260101_150_0_14,150_0,1,38.734718322753906,-9.164979934692383,16,IN_TRANSIT_TO,2026-02-28 16:38:43,2718,2234,06-26-XX,POINT (-9.164979934692383 38.734718322753906)
6027_778,18906_20260101_179_0_21,179_0,0,38.76060104370117,-9.169719696044922,5,IN_TRANSIT_TO,2026-02-28 16:38:37,50011,6027,BF-66-BA,POINT (-9.169719696044922 38.76060104370117)
615_15E,11203_20260101_76_0_15,76_0,0,38.697200775146484,-9.205269813537598,17,IN_TRANSIT_TO,2026-02-28 16:38:41,9610,615,,POINT (-9.205269813537598 38.697200775146484)
2261_742,5741_20260101_114_0_10,114_0,1,38.704750061035156,-9.198769569396973,12,IN_TRANSIT_TO,2026-02-28 16:38:38,13303,2261,80-49-ZE,POINT (-9.198769569396973 38.704750061035156)
2266_731,4975_20260101_190_0_12,190_0,1,38.785518646240234,-9.1114501953125,4,IN_TRANSIT_TO,2026-02-28 16:38:25,50121,2266,76-92-ZG,POINT (-9.1114501953125 38.785518646240234)
