id,trip_id,route_id,direction_id,latitude,longitude,current_stop_sequence,current_status,timestamp,stop_id,vehicle_id,license_plate,geometry
2748_735,5273_20250801_172_0_8,172_0,1,38.724918365478516,-9.128520011901855,19,IN_TRANSIT_TO,2025-08-06 13:51:44,7006,2748,AG-96-TG,POINT (-9.128520011901855 38.724918365478516)
4624_796,8142_20250801_174_0_22,174_0,1,38.7724494934082,-9.16094970703125,16,IN_TRANSIT_TO,2025-08-06 13:51:42,5808,4624,11-JM-75,POINT (-9.16094970703125 38.7724494934082)
542_12E,11030_20250801_77_0_13,77_0,1,38.7093505859375,-9.138529777526855,6,IN_TRANSIT_TO,2025-08-06 13:48:14,50149,542,,POINT (-9.138529777526855 38.7093505859375)
2614_759,6924_20250801_144_0_9,144_0,0,38.74810028076172,-9.11283016204834,25,IN_TRANSIT_TO,2025-08-06 13:51:34,3713,2614,66-VI-24,POINT (-9.11283016204834 38.74810028076172)
549_28E,14963_20250801_75_0_8,75_0,0,38.709999084472656,-9.134200096130371,16,IN_TRANSIT_TO,2025-08-06 13:51:42,13802,549,,POINT (-9.134200096130371 38.709999084472656)
2288_758,6799_20250801_150_0_9,150_0,0,38.744571685791016,-9.17924976348877,22,IN_TRANSIT_TO,2025-08-06 13:51:34,10704,2288,92-59-ZM,POINT (-9.17924976348877 38.744571685791016)
2483_729,4778_20250801_104_0_8,104_0,1,38.744449615478516,-9.196450233459473,24,IN_TRANSIT_TO,2025-08-06 13:51:27,10831,2483,74-BC-66,POINT (-9.196450233459473 38.744449615478516)
2292_731,5016_20250801_190_0_11,190_0,0,38.76218032836914,-9.12462043762207,19,IN_TRANSIT_TO,2025-08-06 13:51:49,7501,2292,83-16-ZM,POINT (-9.12462043762207 38.76218032836914)
541_28E,14989_20250801_75_0_10,75_0,0,38.715431213378906,-9.136019706726074,0,IN_TRANSIT_TO,2025-08-06 13:51:24,,541,,POINT (-9.136019706726074 38.715431213378906)
2484_729,4767_20250801_104_0_9,104_0,1,38.7523307800293,-9.189350128173828,31,IN_TRANSIT_TO,2025-08-06 13:51:24,50134,2484,91-BE-76,POINT (-9.189350128173828 38.7523307800293)
202_49B,22228_20250801_251_0_13,251_0,0,38.73662185668945,-9.13461971282959,7,IN_TRANSIT_TO,2025-08-06 13:51:22,406,202,89-58-XD,POINT (-9.13461971282959 38.73662185668945)
4803_728,4697_20250801_204_0_6,204_0,0,38.738128662109375,-9.10338020324707,31,IN_TRANSIT_TO,2025-08-06 13:51:33,12513,4803,77-VP-16,POINT (-9.10338020324707 38.738128662109375)
1748_742,5746_20250801_114_0_6,114_0,1,38.73252868652344,-9.11497974395752,56,IN_TRANSIT_TO,2025-08-06 13:51:29,17569,1748,92-HR-05,POINT (-9.11497974395752 38.73252868652344)
615_15E,11267_20250801_76_0_12,76_0,0,38.7038688659668,-9.172019958496094,8,IN_TRANSIT_TO,2025-08-06 13:51:48,10202,615,,POINT (-9.172019958496094 38.7038688659668)
2789_751,6480_20250801_109_0_14,109_0,1,38.698448181152344,-9.227470397949219,11,IN_TRANSIT_TO,2025-08-06 13:51:00,4210,2789,AI-53-TL,POINT (-9.227470397949219 38.698448181152344)
301_744,5836_20250801_200_0_10,200_0,1,38.75899887084961,-9.137080192565918,16,IN_TRANSIT_TO,2025-08-06 13:51:19,11316,301,74-SM-62,POINT (-9.137080192565918 38.75899887084961)
2487_726,4263_20250801_116_0_9,116_0,0,38.76171875,-9.196649551391602,29,IN_TRANSIT_TO,2025-08-06 13:51:31,13912,2487,54-BH-97,POINT (-9.196649551391602 38.76171875)
4839_736,5341_20250801_199_0_11,199_0,0,38.73387145996094,-9.14465045928955,7,IN_TRANSIT_TO,2025-08-06 13:51:31,1807,4839,53-VR-08,POINT (-9.14465045928955 38.73387145996094)
2655_708,3356_20250801_100_0_7,100_0,0,38.776119232177734,-9.094969749450684,30,IN_TRANSIT_TO,2025-08-06 13:51:38,7823,2655,05-VZ-67,POINT (-9.094969749450684 38.776119232177734)
262_65B,22220_20250801_250_0_13,250_0,0,38.71662139892578,-9.16366958618164,15,IN_TRANSIT_TO,2025-08-06 13:51:29,50484,262,AF-49-ZD,POINT (-9.16366958618164 38.71662139892578)
2718_711,3465_20250801_101_0_11,101_0,1,38.73003005981445,-9.19795036315918,14,IN_TRANSIT_TO,2025-08-06 13:51:45,8826,2718,92-XQ-23,POINT (-9.19795036315918 38.73003005981445)
1756_755,6695_20250801_118_0_10,118_0,1,38.756099700927734,-9.118579864501953,24,IN_TRANSIT_TO,2025-08-06 13:51:32,14702,1756,34-HU-22,POINT (-9.118579864501953 38.756099700927734)
610_15E,11189_20250801_76_0_10,76_0,1,38.69810104370117,-9.190150260925293,10,IN_TRANSIT_TO,2025-08-06 13:51:29,9507,610,,POINT (-9.190150260925293 38.69810104370117)
2736_756,6731_20250801_175_0_15,175_0,0,38.741798400878906,-9.144180297851562,10,IN_TRANSIT_TO,2025-08-06 13:51:40,1904,2736,AG-47-EI,POINT (-9.144180297851562 38.741798400878906)
2629_781,7741_20250801_151_0_11,151_0,0,38.78355026245117,-9.124549865722656,26,IN_TRANSIT_TO,2025-08-06 13:51:32,12601,2629,52-VP-81,POINT (-9.124549865722656 38.78355026245117)
1770_755,6675_20250801_118_0_12,118_0,0,38.751548767089844,-9.113550186157227,13,IN_TRANSIT_TO,2025-08-06 13:51:42,3713,1770,63-HX-17,POINT (-9.113550186157227 38.751548767089844)
2656_714,19170_20250801_102_0_8,102_0,1,38.70867156982422,-9.213899612426758,15,IN_TRANSIT_TO,2025-08-06 13:51:38,12403,2656,05-VZ-53,POINT (-9.213899612426758 38.70867156982422)
2618_722,4113_20250801_196_0_11,196_0,0,38.769798278808594,-9.123880386352539,22,IN_TRANSIT_TO,2025-08-06 13:51:48,7603,2618,66-VI-42,POINT (-9.123880386352539 38.769798278808594)
1714_717,3760_20250801_170_0_11,170_0,0,38.79787826538086,-9.145330429077148,40,IN_TRANSIT_TO,2025-08-06 13:50:26,16002,1714,69-AL-77,POINT (-9.145330429077148 38.79787826538086)
2797_727,4530_20250801_103_0_7,103_0,1,38.74747848510742,-9.136719703674316,47,IN_TRANSIT_TO,2025-08-06 13:51:26,11210,2797,AJ-57-LI,POINT (-9.136719703674316 38.74747848510742)
6044_732,5041_20250801_107_0_6,107_0,0,38.70212936401367,-9.192720413208008,32,IN_TRANSIT_TO,2025-08-06 13:51:32,13404,6044,BG-87-LX,POINT (-9.192720413208008 38.70212936401367)
2617_759,6899_20250801_144_0_10,144_0,1,38.773681640625,-9.110830307006836,6,IN_TRANSIT_TO,2025-08-06 13:51:23,7801,2617,66-VI-28,POINT (-9.110830307006836 38.773681640625)
1771_701,2975_20250801_123_0_10,123_0,0,38.749481201171875,-9.172320365905762,16,IN_TRANSIT_TO,2025-08-06 13:51:14,12712,1771,63-HX-27,POINT (-9.172320365905762 38.749481201171875)
4606_750,6303_20250801_106_0_10,106_0,0,38.761070251464844,-9.120019912719727,8,IN_TRANSIT_TO,2025-08-06 13:51:48,8408,4606,96-GL-83,POINT (-9.120019912719727 38.761070251464844)
2711_723,4174_20250801_121_0_12,121_0,1,38.71567916870117,-9.201120376586914,19,IN_TRANSIT_TO,2025-08-06 13:51:39,10315,2711,92-XQ-44,POINT (-9.201120376586914 38.71567916870117)
2838_751,6499_20250801_109_0_14,109_0,0,38.715030670166016,-9.229330062866211,31,IN_TRANSIT_TO,2025-08-06 13:51:26,14306,2838,BF-59-FZ,POINT (-9.229330062866211 38.715030670166016)
258_79B,18665_20250801_221_0_10,221_0,0,38.70899963378906,-9.214369773864746,31,IN_TRANSIT_TO,2025-08-06 13:51:44,13309,258,AF-56-RM,POINT (-9.214369773864746 38.70899963378906)
606_15E,11205_20250801_76_0_12,76_0,1,38.69742965698242,-9.19849967956543,8,IN_TRANSIT_TO,2025-08-06 13:51:39,4113,606,,POINT (-9.19849967956543 38.69742965698242)
2216_708,3323_20250801_100_0_9,100_0,1,38.72052001953125,-9.13556957244873,41,IN_TRANSIT_TO,2025-08-06 13:51:47,704,2216,08-00-XS,POINT (-9.13556957244873 38.72052001953125)
2287_724,4221_20250801_178_0_16,178_0,1,38.756431579589844,-9.203350067138672,4,IN_TRANSIT_TO,2025-08-06 13:51:32,13712,2287,92-58-ZM,POINT (-9.203350067138672 38.756431579589844)
2637_759,6975_20250801_144_0_7,144_0,1,38.73332977294922,-9.113550186157227,30,IN_TRANSIT_TO,2025-08-06 13:51:25,17572,2637,87-VS-51,POINT (-9.113550186157227 38.73332977294922)
2804_725,4257_20250801_197_0_23,197_0,0,38.781620025634766,-9.118670463562012,9,IN_TRANSIT_TO,2025-08-06 13:51:47,12319,2804,01-IH-93,POINT (-9.118670463562012 38.781620025634766)
2290_724,4192_20250801_178_0_17,178_0,0,38.73577117919922,-9.20324993133545,13,IN_TRANSIT_TO,2025-08-06 13:51:46,8827,2290,92-55-ZM,POINT (-9.20324993133545 38.73577117919922)
304_744,5811_20250801_200_0_11,200_0,0,38.73221969604492,-9.14579963684082,5,IN_TRANSIT_TO,2025-08-06 13:51:24,1713,304,22-SP-91,POINT (-9.14579963684082 38.73221969604492)
2272_731,5020_20250801_190_0_11,190_0,0,38.74066925048828,-9.167519569396973,2,IN_TRANSIT_TO,2025-08-06 13:51:26,1621,2272,76-80-ZG,POINT (-9.167519569396973 38.74066925048828)
2630_744,5810_20250801_200_0_11,200_0,0,38.769569396972656,-9.123319625854492,20,IN_TRANSIT_TO,2025-08-06 13:51:36,12209,2630,52-VP-89,POINT (-9.123319625854492 38.769569396972656)
2992_730,4954_20250801_198_0_13,198_0,1,38.7223014831543,-9.139730453491211,6,IN_TRANSIT_TO,2025-08-06 13:51:49,9204,2992,29-VM-95,POINT (-9.139730453491211 38.7223014831543)
4645_728,4591_20250801_204_0_9,204_0,1,38.70682144165039,-9.141599655151367,34,IN_TRANSIT_TO,2025-08-06 13:51:34,3820,4645,98-JO-46,POINT (-9.141599655151367 38.70682144165039)
1718_717,3850_20250801_170_0_12,170_0,1,38.779720306396484,-9.148520469665527,16,IN_TRANSIT_TO,2025-08-06 13:51:50,6015,1718,69-AL-81,POINT (-9.148520469665527 38.779720306396484)
2806_718,3941_20250801_105_0_13,105_0,1,38.753028869628906,-9.105520248413086,24,IN_TRANSIT_TO,2025-08-06 13:51:50,2206,2806,01-IH-95,POINT (-9.105520248413086 38.753028869628906)
2765_711,3487_20250801_101_0_11,101_0,0,38.7505989074707,-9.206520080566406,23,IN_TRANSIT_TO,2025-08-06 13:51:22,50231,2765,AH-37-ND,POINT (-9.206520080566406 38.7505989074707)
6002_706,19503_20250801_147_0_5,147_0,1,38.72344970703125,-9.148079872131348,21,IN_TRANSIT_TO,2025-08-06 13:51:26,1217,6002,98-XU-85,POINT (-9.148079872131348 38.72344970703125)
2443_767,7293_20250801_112_0_8,112_0,1,38.75046920776367,-9.22206974029541,0,IN_TRANSIT_TO,2025-08-06 13:51:49,,2443,29-AX-05,POINT (-9.22206974029541 38.75046920776367)
2699_727,4520_20250801_103_0_8,103_0,0,38.73468017578125,-9.145150184631348,9,IN_TRANSIT_TO,2025-08-06 13:51:37,1810,2699,92-XQ-25,POINT (-9.145150184631348 38.73468017578125)
2438_767,7268_20250801_112_0_8,112_0,1,38.75471878051758,-9.144920349121094,31,IN_TRANSIT_TO,2025-08-06 13:51:36,11302,2438,44-BC-29,POINT (-9.144920349121094 38.75471878051758)
4802_728,4721_20250801_204_4_8,204_4,1,38.71474838256836,-9.121319770812988,1,IN_TRANSIT_TO,2025-08-06 13:51:32,2128,4802,77-VP-17,POINT (-9.121319770812988 38.71474838256836)
2651_742,5665_20250801_114_0_9,114_0,1,38.713279724121094,-9.195799827575684,2,IN_TRANSIT_TO,2025-08-06 13:51:34,12928,2651,05-VZ-54,POINT (-9.195799827575684 38.713279724121094)
2427_703,3164_20250801_165_0_12,165_0,1,38.75157165527344,-9.189900398254395,8,IN_TRANSIT_TO,2025-08-06 13:51:20,10807,2427,29-AX-14,POINT (-9.189900398254395 38.75157165527344)
2671_776,7493_20250801_193_0_32,193_0,0,38.7017707824707,-9.251299858093262,8,IN_TRANSIT_TO,2025-08-06 13:45:50,4302,2671,87-XB-43,POINT (-9.251299858093262 38.7017707824707)
4646_728,4713_20250801_204_0_8,204_0,0,38.6975212097168,-9.187849998474121,13,IN_TRANSIT_TO,2025-08-06 13:51:20,9501,4646,11-JM-79,POINT (-9.187849998474121 38.6975212097168)
1758_717,3857_20250801_170_0_8,170_0,1,38.79597091674805,-9.149499893188477,2,IN_TRANSIT_TO,2025-08-06 13:51:33,16003,1758,34-HU-24,POINT (-9.149499893188477 38.79597091674805)
2627_759,6946_20250801_144_0_8,144_0,0,38.747928619384766,-9.11242961883545,24,IN_TRANSIT_TO,2025-08-06 13:51:27,3705,2627,52-VP-83,POINT (-9.11242961883545 38.747928619384766)
4817_751,6455_20250801_109_0_16,109_0,1,38.6975212097168,-9.19517993927002,19,IN_TRANSIT_TO,2025-08-06 13:51:26,4109,4817,00-VV-37,POINT (-9.19517993927002 38.6975212097168)
2607_722,4124_20250801_196_0_11,196_0,1,38.730918884277344,-9.146570205688477,30,IN_TRANSIT_TO,2025-08-06 13:51:26,1714,2607,AA-95-TQ,POINT (-9.146570205688477 38.730918884277344)
265_64B,21493_20250801_238_0_15,238_0,0,38.71739959716797,-9.168580055236816,14,IN_TRANSIT_TO,2025-08-06 13:51:46,8007,265,AG-40-OV,POINT (-9.168580055236816 38.71739959716797)
2990_730,4963_20250801_198_0_14,198_0,0,38.729469299316406,-9.145899772644043,24,IN_TRANSIT_TO,2025-08-06 13:51:47,6605,2990,30-VM-06,POINT (-9.145899772644043 38.729469299316406)
6013_760,7068_20250801_171_0_4,171_0,0,38.704830169677734,-9.18673038482666,21,IN_TRANSIT_TO,2025-08-06 13:51:28,12012,6013,68-ZF-53,POINT (-9.18673038482666 38.704830169677734)
272_734,5138_20250801_205_0_20,205_0,0,38.72237014770508,-9.130979537963867,5,IN_TRANSIT_TO,2025-08-06 13:51:28,709,272,AH-26-IN,POINT (-9.130979537963867 38.72237014770508)
604_15E,11241_20250801_76_0_9,76_0,0,38.70008087158203,-9.183670043945312,11,IN_TRANSIT_TO,2025-08-06 13:50:54,12108,604,,POINT (-9.183670043945312 38.70008087158203)
2791_727,4504_20250801_103_0_8,103_0,0,38.720001220703125,-9.155200004577637,16,IN_TRANSIT_TO,2025-08-06 13:50:57,6810,2791,AJ-61-LI,POINT (-9.155200004577637 38.720001220703125)
2264_729,4884_20250801_104_0_7,104_0,0,38.70497131347656,-9.205619812011719,0,IN_TRANSIT_TO,2025-08-06 13:51:38,,2264,76-90-ZG,POINT (-9.205619812011719 38.70497131347656)
2450_716,3737_20250801_164_0_18,164_0,1,38.74980163574219,-9.194430351257324,4,IN_TRANSIT_TO,2025-08-06 13:51:43,10801,2450,44-BC-36,POINT (-9.194430351257324 38.74980163574219)
2967_45B,45293_20250801_277_0_3,277_0,0,38.76142883300781,-9.195329666137695,1,IN_TRANSIT_TO,2025-08-06 09:35:26,11506,2967,30-VM-05,POINT (-9.195329666137695 38.76142883300781)
6033_760,51297_20250801_171_0_9,171_0,1,38.70627975463867,-9.145050048828125,30,IN_TRANSIT_TO,2025-08-06 13:51:47,3803,6033,BF-92-AZ,POINT (-9.145050048828125 38.70627975463867)
2317_793,7971_20250801_145_0_15,145_0,0,38.746150970458984,-9.119680404663086,22,IN_TRANSIT_TO,2025-08-06 13:51:47,3607,2317,61-86-ZB,POINT (-9.119680404663086 38.746150970458984)
6042_760,7037_20250801_171_0_5,171_0,1,38.7110481262207,-9.195670127868652,11,IN_TRANSIT_TO,2025-08-06 13:51:36,10313,6042,BG-97-LU,POINT (-9.195670127868652 38.7110481262207)
2693_727,4538_20250801_103_0_6,103_0,1,38.719970703125,-9.154820442199707,34,IN_TRANSIT_TO,2025-08-06 13:50:48,6805,2693,90-XF-46,POINT (-9.154820442199707 38.719970703125)
4636_796,8117_20250801_174_0_24,174_0,1,38.790870666503906,-9.157230377197266,5,IN_TRANSIT_TO,2025-08-06 13:51:18,11609,4636,90-JI-97,POINT (-9.157230377197266 38.790870666503906)
2952_40B,19264_20250801_212_0_13,212_0,0,38.77307891845703,-9.161370277404785,28,IN_TRANSIT_TO,2025-08-06 13:51:40,5940,2952,62-GQ-54,POINT (-9.161370277404785 38.77307891845703)
2402_767,7227_20250801_112_0_9,112_0,0,38.72983169555664,-9.140449523925781,4,IN_TRANSIT_TO,2025-08-06 13:51:31,6904,2402,50-AL-13,POINT (-9.140449523925781 38.72983169555664)
2703_713,3595_20250801_122_0_13,122_0,0,38.7211799621582,-9.156100273132324,13,IN_TRANSIT_TO,2025-08-06 13:51:10,6823,2703,92-XQ-24,POINT (-9.156100273132324 38.7211799621582)
2417_767,7183_20250801_112_0_9,112_0,0,38.750030517578125,-9.195150375366211,31,IN_TRANSIT_TO,2025-08-06 13:51:44,10804,2417,50-AL-06,POINT (-9.195150375366211 38.750030517578125)
2750_756,6714_20250801_175_0_15,175_0,1,38.7021484375,-9.179920196533203,1,IN_TRANSIT_TO,2025-08-06 13:51:41,9511,2750,AG-10-TH,POINT (-9.179920196533203 38.7021484375)
234_46B,21511_20250801_239_0_10,239_0,0,38.75923156738281,-9.149230003356934,16,IN_TRANSIT_TO,2025-08-06 13:51:26,11306,234,13-31-XZ,POINT (-9.149230003356934 38.75923156738281)
2622_759,6958_20250801_144_0_9,144_0,0,38.71107864379883,-9.126420021057129,6,IN_TRANSIT_TO,2025-08-06 13:51:21,8201,2622,66-VI-21,POINT (-9.126420021057129 38.71107864379883)
2304_742,5758_20250801_114_0_10,114_0,1,38.72549819946289,-9.16327953338623,29,IN_TRANSIT_TO,2025-08-06 13:51:29,8508,2304,83-10-ZM,POINT (-9.16327953338623 38.72549819946289)
2610_759,6903_20250801_144_0_9,144_0,0,38.7747802734375,-9.10297966003418,43,IN_TRANSIT_TO,2025-08-06 13:50:19,7812,2610,66-VI-20,POINT (-9.10297966003418 38.7747802734375)
4640_783,7805_20250801_203_0_10,203_0,1,38.723548889160156,-9.163769721984863,30,IN_TRANSIT_TO,2025-08-06 13:51:30,8501,4640,02-JN-87,POINT (-9.163769721984863 38.723548889160156)
564_24E,17836_20250801_213_0_21,213_0,1,38.7239990234375,-9.159720420837402,2,IN_TRANSIT_TO,2025-08-06 13:51:46,8510,564,,POINT (-9.159720420837402 38.7239990234375)
1761_794,8060_20250801_115_0_11,115_0,1,38.74502182006836,-9.116680145263672,26,IN_TRANSIT_TO,2025-08-06 13:51:18,3609,1761,63-HX-19,POINT (-9.116680145263672 38.74502182006836)
2249_724,4203_20250801_178_0_12,178_0,1,38.7169189453125,-9.183899879455566,23,IN_TRANSIT_TO,2025-08-06 13:51:42,21306,2249,22-32-ZB,POINT (-9.183899879455566 38.7169189453125)
2782_714,3703_20250801_102_0_12,102_0,1,38.698001861572266,-9.190730094909668,23,IN_TRANSIT_TO,2025-08-06 13:51:44,4115,2782,AI-99-BS,POINT (-9.190730094909668 38.698001861572266)
1703_701,2950_20250801_123_0_15,123_0,1,38.75600051879883,-9.175950050354004,17,IN_TRANSIT_TO,2025-08-06 13:49:24,50144,1703,35-AL-13,POINT (-9.175950050354004 38.75600051879883)
1722_717,3782_20250801_170_0_11,170_0,0,38.774349212646484,-9.158570289611816,21,IN_TRANSIT_TO,2025-08-06 13:51:26,50162,1722,25-AS-34,POINT (-9.158570289611816 38.774349212646484)
4835_736,5401_20250801_199_0_12,199_0,1,38.739498138427734,-9.146329879760742,21,IN_TRANSIT_TO,2025-08-06 13:51:20,1902,4835,53-VR-06,POINT (-9.146329879760742 38.739498138427734)
2482_729,4800_20250801_104_0_11,104_0,1,38.70452117919922,-9.199370384216309,11,IN_TRANSIT_TO,2025-08-06 13:51:19,13308,2482,55-BH-02,POINT (-9.199370384216309 38.70452117919922)
2624_749,6203_20250801_195_5_16,195_5,0,38.74763107299805,-9.14840030670166,15,IN_TRANSIT_TO,2025-08-06 13:51:21,2002,2624,72-VP-82,POINT (-9.14840030670166 38.74763107299805)
2692_746,5987_20250801_108_0_15,108_0,0,38.738319396972656,-9.161999702453613,6,IN_TRANSIT_TO,2025-08-06 13:51:26,1505,2692,90-XF-62,POINT (-9.161999702453613 38.738319396972656)
2712_754,6579_20250801_201_0_11,201_0,0,38.7452507019043,-9.202930450439453,20,IN_TRANSIT_TO,2025-08-06 13:51:24,8816,2712,92-XQ-33,POINT (-9.202930450439453 38.7452507019043)
2770_712,3545_20250801_189_0_12,189_0,1,38.72010040283203,-9.127949714660645,24,IN_TRANSIT_TO,2025-08-06 13:51:28,9112,2770,AH-30-ND,POINT (-9.127949714660645 38.72010040283203)
4620_728,4640_20250801_204_0_9,204_0,1,38.76765060424805,-9.097979545593262,9,IN_TRANSIT_TO,2025-08-06 13:51:47,7805,4620,22-GP-54,POINT (-9.097979545593262 38.76765060424805)
2946_29B,17528_20250801_209_0_14,209_0,0,38.76002883911133,-9.1116304397583,2,IN_TRANSIT_TO,2025-08-06 13:51:44,8413,2946,75-GO-15,POINT (-9.1116304397583 38.76002883911133)
2291_768,7329_20250801_111_0_15,111_0,0,38.7598991394043,-9.186579704284668,16,IN_TRANSIT_TO,2025-08-06 13:51:40,12804,2291,92-56-ZM,POINT (-9.186579704284668 38.7598991394043)
2809_718,3963_20250801_105_0_13,105_0,1,38.734928131103516,-9.13407039642334,4,IN_TRANSIT_TO,2025-08-06 13:51:19,402,2809,01-IH-98,POINT (-9.13407039642334 38.734928131103516)
2479_706,3245_20250801_147_0_8,147_0,0,38.72431945800781,-9.146380424499512,13,IN_TRANSIT_TO,2025-08-06 13:51:30,1216,2479,91-BE-74,POINT (-9.146380424499512 38.72431945800781)
4840_736,5321_20250801_199_0_11,199_0,0,38.760948181152344,-9.157170295715332,16,IN_TRANSIT_TO,2025-08-06 13:51:33,5807,4840,45-VX-93,POINT (-9.157170295715332 38.760948181152344)
401_67B,28225_20250801_253_0_10,253_0,0,38.70869827270508,-9.150520324707031,20,IN_TRANSIT_TO,2025-08-06 13:51:40,3922,401,BF-60-TR,POINT (-9.150520324707031 38.70869827270508)
2739_756,6752_20250801_175_0_13,175_0,1,38.731231689453125,-9.165120124816895,9,IN_TRANSIT_TO,2025-08-06 13:51:41,2715,2739,AG-31-EI,POINT (-9.165120124816895 38.731231689453125)
2771_714,3695_20250801_102_0_8,102_0,1,38.705318450927734,-9.170769691467285,29,IN_TRANSIT_TO,2025-08-06 13:51:19,9418,2771,AH-20-ND,POINT (-9.170769691467285 38.705318450927734)
1712_701,2957_20250801_123_0_12,123_0,1,38.72534942626953,-9.163519859313965,6,IN_TRANSIT_TO,2025-08-06 13:51:28,8508,1712,69-AL-75,POINT (-9.163519859313965 38.72534942626953)
2844_728,4620_20250801_204_0_9,204_0,1,38.73210144042969,-9.10496997833252,22,IN_TRANSIT_TO,2025-08-06 13:51:43,12514,2844,BF-73-FZ,POINT (-9.10496997833252 38.73210144042969)
6028_732,5091_20250801_107_0_7,107_0,1,38.70248031616211,-9.193120002746582,15,IN_TRANSIT_TO,2025-08-06 13:51:32,13401,6028,BF-68-AX,POINT (-9.193120002746582 38.70248031616211)
2783_727,4543_20250801_103_0_8,103_0,1,38.70542907714844,-9.160429954528809,24,IN_TRANSIT_TO,2025-08-06 13:51:46,3907,2783,AI-10-BT,POINT (-9.160429954528809 38.70542907714844)
1750_717,3843_20250801_170_0_9,170_0,1,38.76752853393555,-9.157999992370605,23,IN_TRANSIT_TO,2025-08-06 13:51:29,5902,1750,92-HR-07,POINT (-9.157999992370605 38.76752853393555)
1717_793,7992_20250801_145_0_15,145_0,1,38.744380950927734,-9.11085033416748,16,IN_TRANSIT_TO,2025-08-06 13:51:43,3720,1717,69-AL-80,POINT (-9.11085033416748 38.744380950927734)
283_76B,18634_20250801_219_0_17,219_0,0,38.709999084472656,-9.196379661560059,10,IN_TRANSIT_TO,2025-08-06 13:51:44,10303,283,AI-49-OJ,POINT (-9.196379661560059 38.709999084472656)
2633_781,7718_20250801_151_0_11,151_0,1,38.7140007019043,-9.122200012207031,25,IN_TRANSIT_TO,2025-08-06 13:51:21,8310,2633,52-VP-79,POINT (-9.122200012207031 38.7140007019043)
2788_711,3494_20250801_101_0_11,101_0,0,38.71969985961914,-9.145050048828125,6,IN_TRANSIT_TO,2025-08-06 13:51:41,1103,2788,AI-51-TL,POINT (-9.145050048828125 38.71969985961914)
576_28E,14923_20250801_75_0_10,75_0,0,38.71424865722656,-9.169469833374023,34,IN_TRANSIT_TO,2025-08-06 13:51:36,8017,576,,POINT (-9.169469833374023 38.71424865722656)
2678_713,3617_20250801_122_0_13,122_0,0,38.73691940307617,-9.136329650878906,0,IN_TRANSIT_TO,2025-08-06 13:51:25,,2678,93-XA-39,POINT (-9.136329650878906 38.73691940307617)
2293_731,4978_20250801_190_0_8,190_0,1,38.75857162475586,-9.140199661254883,22,IN_TRANSIT_TO,2025-08-06 13:51:43,11308,2293,92-57-ZM,POINT (-9.140199661254883 38.75857162475586)
2724_727,4487_20250801_103_0_8,103_0,0,38.708900451660156,-9.153169631958008,21,IN_TRANSIT_TO,2025-08-06 13:51:33,7104,2724,92-XQ-40,POINT (-9.153169631958008 38.708900451660156)
2494_717,3799_20250801_170_0_8,170_0,0,38.75632858276367,-9.14717960357666,12,IN_TRANSIT_TO,2025-08-06 13:51:28,11306,2494,88-BL-68,POINT (-9.14717960357666 38.75632858276367)
1775_742,5752_20250801_114_0_7,114_0,1,38.72895050048828,-9.122269630432129,46,IN_TRANSIT_TO,2025-08-06 13:51:34,11702,1775,53-HX-08,POINT (-9.122269630432129 38.72895050048828)
4647_728,4705_20250801_204_0_8,204_0,0,38.71678161621094,-9.118980407714844,25,IN_TRANSIT_TO,2025-08-06 13:51:40,2127,4647,02-JN-88,POINT (-9.118980407714844 38.71678161621094)
2969_774,7461_20250801_192_0_16,192_0,1,38.714969635009766,-9.169650077819824,15,IN_TRANSIT_TO,2025-08-06 13:51:24,8013,2969,30-VM-09,POINT (-9.169650077819824 38.714969635009766)
2994_770,7367_20250801_191_0_16,191_0,0,38.742271423339844,-9.168000221252441,17,IN_TRANSIT_TO,2025-08-06 13:51:24,1621,2994,29-VM-91,POINT (-9.168000221252441 38.742271423339844)
2742_720,4056_20250801_143_0_11,143_0,0,38.70317840576172,-9.181670188903809,27,IN_TRANSIT_TO,2025-08-06 13:51:41,12112,2742,AG-94-TG,POINT (-9.181670188903809 38.70317840576172)
4627_783,7841_20250801_203_0_11,203_0,0,38.76752853393555,-9.128899574279785,18,IN_TRANSIT_TO,2025-08-06 13:51:50,7513,4627,11-JM-76,POINT (-9.128899574279785 38.76752853393555)
2688_714,3681_20250801_102_0_9,102_0,0,38.70709991455078,-9.173870086669922,11,IN_TRANSIT_TO,2025-08-06 13:51:32,9417,2688,93-XA-35,POINT (-9.173870086669922 38.70709991455078)
2465_747,6115_20250801_177_0_16,177_0,1,38.76070022583008,-9.166720390319824,16,IN_TRANSIT_TO,2025-08-06 13:51:48,50006,2465,55-BH-00,POINT (-9.166720390319824 38.76070022583008)
2619_744,5825_20250801_200_0_10,200_0,1,38.742000579833984,-9.146929740905762,25,IN_TRANSIT_TO,2025-08-06 13:51:48,1902,2619,66-VI-37,POINT (-9.146929740905762 38.742000579833984)
2721_712,3555_20250801_189_0_11,189_0,0,38.71604919433594,-9.172719955444336,25,IN_TRANSIT_TO,2025-08-06 13:51:29,9303,2721,92-XQ-37,POINT (-9.172719955444336 38.71604919433594)
6003_706,3215_20250801_147_0_5,147_0,1,38.7140007019043,-9.122170448303223,0,IN_TRANSIT_TO,2025-08-06 13:51:32,,6003,82-ZC-02,POINT (-9.122170448303223 38.7140007019043)
2474_726,4324_20250801_116_0_8,116_0,1,38.724998474121094,-9.133299827575684,30,IN_TRANSIT_TO,2025-08-06 13:51:45,604,2474,74-BC-67,POINT (-9.133299827575684 38.724998474121094)
2776_714,3630_20250801_102_0_12,102_0,1,38.72827911376953,-9.211370468139648,8,IN_TRANSIT_TO,2025-08-06 13:51:27,14008,2776,AI-07-BT,POINT (-9.211370468139648 38.72827911376953)
2716_738,5515_20250801_117_0_10,117_0,1,38.72222137451172,-9.151679992675781,14,IN_TRANSIT_TO,2025-08-06 13:51:29,6805,2716,92-XQ-27,POINT (-9.151679992675781 38.72222137451172)
2753_720,4078_20250801_143_0_13,143_0,0,38.707801818847656,-9.167229652404785,22,IN_TRANSIT_TO,2025-08-06 13:51:31,10102,2753,AG-08-TH,POINT (-9.167229652404785 38.707801818847656)
1749_794,8061_20250801_115_0_10,115_0,1,38.75368118286133,-9.114150047302246,10,IN_TRANSIT_TO,2025-08-06 13:51:22,24367,1749,92-HR-06,POINT (-9.114150047302246 38.75368118286133)
2346_747,6102_20250801_177_0_16,177_0,0,38.76539993286133,-9.167099952697754,5,IN_TRANSIT_TO,2025-08-06 13:51:38,5815,2346,62-93-ZG,POINT (-9.167099952697754 38.76539993286133)
2404_767,7282_20250801_112_0_8,112_0,1,38.76155090332031,-9.16532039642334,26,IN_TRANSIT_TO,2025-08-06 13:51:07,50014,2404,50-AL-11,POINT (-9.16532039642334 38.76155090332031)
407_10B,21753_20250801_242_0_16,242_0,0,38.71657180786133,-9.130379676818848,8,IN_TRANSIT_TO,2025-08-06 13:51:47,14805,407,BF-55-TT,POINT (-9.130379676818848 38.71657180786133)
2715_712,3531_20250801_189_0_13,189_0,0,38.72386932373047,-9.132049560546875,10,IN_TRANSIT_TO,2025-08-06 13:51:48,601,2715,92-XQ-22,POINT (-9.132049560546875 38.72386932373047)
1751_717,3777_20250801_170_0_11,170_0,0,38.77867126464844,-9.149519920349121,28,IN_TRANSIT_TO,2025-08-06 13:51:35,6020,1751,34-HU-17,POINT (-9.149519920349121 38.77867126464844)
557_25E,14264_20250801_79_0_15,79_0,1,38.71099853515625,-9.136980056762695,19,IN_TRANSIT_TO,2025-08-06 13:51:30,50621,557,,POINT (-9.136980056762695 38.71099853515625)
2459_729,4824_20250801_104_0_10,104_0,0,38.75077819824219,-9.201720237731934,14,IN_TRANSIT_TO,2025-08-06 13:51:19,10904,2459,74-BC-74,POINT (-9.201720237731934 38.75077819824219)
413_67B,28224_20250801_253_0_11,253_0,0,38.710018157958984,-9.171270370483398,6,IN_TRANSIT_TO,2025-08-06 13:51:37,50531,413,BF-41-TS,POINT (-9.171270370483398 38.710018157958984)
603_15E,11215_20250801_76_0_12,76_0,1,38.698219299316406,-9.224769592285156,3,IN_TRANSIT_TO,2025-08-06 13:51:38,4209,603,,POINT (-9.224769592285156 38.698219299316406)
568_28E,14937_20250801_75_0_10,75_0,0,38.71281814575195,-9.157830238342285,28,IN_TRANSIT_TO,2025-08-06 13:51:30,6718,568,,POINT (-9.157830238342285 38.71281814575195)
2408_771,21938_20250801_248_0_17,248_0,1,38.728729248046875,-9.162420272827148,19,IN_TRANSIT_TO,2025-08-06 13:51:46,6119,2408,50-AL-08,POINT (-9.162420272827148 38.728729248046875)
6001_758,6843_20250801_150_0_11,150_0,0,38.7159309387207,-9.146730422973633,5,IN_TRANSIT_TO,2025-08-06 13:51:40,10601,6001,99-XU-70,POINT (-9.146730422973633 38.7159309387207)
2966_737,5479_20250801_173_0_26,173_0,1,38.710418701171875,-9.131549835205078,3,IN_TRANSIT_TO,2025-08-06 13:51:20,13816,2966,30-VM-20,POINT (-9.131549835205078 38.710418701171875)
2243_763,49574_20250801_282_0_16,282_0,1,38.77608108520508,-9.177499771118164,12,IN_TRANSIT_TO,2025-08-06 13:51:40,50313,2243,22-36-ZB,POINT (-9.177499771118164 38.77608108520508)
573_28E,15015_20250801_75_0_7,75_0,1,38.71508026123047,-9.136770248413086,35,IN_TRANSIT_TO,2025-08-06 13:51:50,804,573,,POINT (-9.136770248413086 38.71508026123047)
2997_774,7441_20250801_192_0_22,192_0,1,38.72629928588867,-9.14087963104248,0,IN_TRANSIT_TO,2025-08-06 13:51:50,,2997,34-VN-03,POINT (-9.14087963104248 38.72629928588867)
2406_767,7205_20250801_112_0_9,112_0,0,38.746219635009766,-9.14015007019043,11,IN_TRANSIT_TO,2025-08-06 13:51:44,307,2406,50-AL-09,POINT (-9.14015007019043 38.746219635009766)
2670_723,4166_20250801_121_0_13,121_0,0,38.722320556640625,-9.13932991027832,1,IN_TRANSIT_TO,2025-08-06 13:51:42,9209,2670,87-XB-32,POINT (-9.13932991027832 38.722320556640625)
2411_771,39067_20250801_248_0_15,248_0,1,38.703250885009766,-9.1941499710083,0,IN_TRANSIT_TO,2025-08-06 13:51:21,,2411,62-AL-11,POINT (-9.1941499710083 38.703250885009766)
612_15E,11315_20250801_76_0_12,76_0,1,38.703529357910156,-9.163749694824219,16,IN_TRANSIT_TO,2025-08-06 13:51:23,10201,612,,POINT (-9.163749694824219 38.703529357910156)
2988_702,3036_20250801_146_0_20,146_0,1,38.72547149658203,-9.150699615478516,13,IN_TRANSIT_TO,2025-08-06 13:51:35,50197,2988,29-VM-94,POINT (-9.150699615478516 38.72547149658203)
2781_714,3652_20250801_102_0_11,102_0,0,38.72478103637695,-9.22797966003418,40,IN_TRANSIT_TO,2025-08-06 13:51:45,18602,2781,AI-00-BT,POINT (-9.22797966003418 38.72478103637695)
2299_742,5767_20250801_114_0_8,114_0,1,38.70433044433594,-9.182869911193848,17,IN_TRANSIT_TO,2025-08-06 13:51:28,12003,2299,83-14-ZM,POINT (-9.182869911193848 38.70433044433594)
4836_736,5301_20250801_199_0_11,199_0,0,38.788368225097656,-9.169580459594727,25,IN_TRANSIT_TO,2025-08-06 13:51:26,7207,4836,34-VR-23,POINT (-9.169580459594727 38.788368225097656)
1772_701,2971_20250801_123_0_12,123_0,0,38.728370666503906,-9.16238021850586,25,IN_TRANSIT_TO,2025-08-06 13:51:21,6122,1772,63-HX-22,POINT (-9.16238021850586 38.728370666503906)
2242_758,6880_20250801_150_0_12,150_0,1,38.745628356933594,-9.18179988861084,11,IN_TRANSIT_TO,2025-08-06 13:51:48,10701,2242,22-42-ZB,POINT (-9.18179988861084 38.745628356933594)
1777_735,5186_20250801_172_0_10,172_0,1,38.74277114868164,-9.138420104980469,10,IN_TRANSIT_TO,2025-08-06 13:51:48,306,1777,63-HX-31,POINT (-9.138420104980469 38.74277114868164)
4614_728,4571_20250801_204_0_8,204_0,0,38.69712829589844,-9.2010498046875,10,IN_TRANSIT_TO,2025-08-06 13:51:33,9603,4614,96-GL-90,POINT (-9.2010498046875 38.69712829589844)
2611_781,7752_20250801_151_0_12,151_0,0,38.705780029296875,-9.143899917602539,0,IN_TRANSIT_TO,2025-08-06 13:51:38,,2611,66-VI-38,POINT (-9.143899917602539 38.705780029296875)
6027_732,5082_20250801_107_0_6,107_0,1,38.73088073730469,-9.143070220947266,36,IN_TRANSIT_TO,2025-08-06 13:51:46,6601,6027,BF-66-BA,POINT (-9.143070220947266 38.73088073730469)
2603_705,3192_20250801_176_0_12,176_0,1,38.767799377441406,-9.128680229187012,9,IN_TRANSIT_TO,2025-08-06 13:48:31,7601,2603,16-VF-76,POINT (-9.128680229187012 38.767799377441406)
2604_759,6959_20250801_144_0_10,144_0,1,38.716331481933594,-9.141799926757812,46,IN_TRANSIT_TO,2025-08-06 13:51:49,919,2604,66-VI-32,POINT (-9.141799926757812 38.716331481933594)
1767_794,8080_20250801_115_0_11,115_0,0,38.751380920410156,-9.113679885864258,27,IN_TRANSIT_TO,2025-08-06 13:51:47,24378,1767,63-HX-29,POINT (-9.113679885864258 38.751380920410156)
2676_723,4146_20250801_121_0_11,121_0,0,38.714500427246094,-9.208470344543457,18,IN_TRANSIT_TO,2025-08-06 13:51:30,12906,2676,87-XB-40,POINT (-9.208470344543457 38.714500427246094)
2696_738,5547_20250801_117_0_11,117_0,0,38.72911834716797,-9.147769927978516,19,IN_TRANSIT_TO,2025-08-06 13:51:43,1704,2696,90-XF-63,POINT (-9.147769927978516 38.72911834716797)
2481_726,4340_20250801_116_0_10,116_0,1,38.75614929199219,-9.17710018157959,10,IN_TRANSIT_TO,2025-08-06 13:51:49,13605,2481,54-BH-99,POINT (-9.17710018157959 38.75614929199219)
2268_799,8213_20250801_120_0_18,120_0,0,38.736751556396484,-9.215829849243164,14,IN_TRANSIT_TO,2025-08-06 13:51:19,18112,2268,76-87-ZG,POINT (-9.215829849243164 38.736751556396484)
2710_713,3591_20250801_122_0_11,122_0,0,38.71887969970703,-9.174779891967773,32,IN_TRANSIT_TO,2025-08-06 13:51:44,11903,2710,92-XQ-19,POINT (-9.174779891967773 38.71887969970703)
2751_735,5210_20250801_172_0_10,172_0,1,38.75001907348633,-9.159070014953613,0,IN_TRANSIT_TO,2025-08-06 13:51:21,,2751,AG-12-TH,POINT (-9.159070014953613 38.75001907348633)
2335_708,3301_20250801_100_0_9,100_0,0,38.73707962036133,-9.133729934692383,8,IN_TRANSIT_TO,2025-08-06 13:51:46,413,2335,62-98-ZG,POINT (-9.133729934692383 38.73707962036133)
2991_730,4943_20250801_198_0_13,198_0,1,38.73527145385742,-9.12222957611084,20,IN_TRANSIT_TO,2025-08-06 13:51:38,8902,2991,29-VM-89,POINT (-9.12222957611084 38.73527145385742)
2626_722,4114_20250801_196_0_11,196_0,0,38.72779846191406,-9.148579597473145,3,IN_TRANSIT_TO,2025-08-06 13:51:41,1225,2626,52-VP-86,POINT (-9.148579597473145 38.72779846191406)
2745_720,4093_20250801_143_0_10,143_0,1,38.72829818725586,-9.144820213317871,18,IN_TRANSIT_TO,2025-08-06 13:51:45,6601,2745,AG-06-TH,POINT (-9.144820213317871 38.72829818725586)
510_15E,11306_20250801_76_0_10,76_0,1,38.71067810058594,-9.136879920959473,22,IN_TRANSIT_TO,2025-08-06 13:50:26,5512,510,,POINT (-9.136879920959473 38.71067810058594)
2971_34B,19153_20250801_226_0_9,226_0,0,38.73025131225586,-9.107930183410645,26,IN_TRANSIT_TO,2025-08-06 13:51:19,8306,2971,29-VM-98,POINT (-9.107930183410645 38.73025131225586)
4639_783,7822_20250801_203_0_10,203_0,1,38.73752975463867,-9.145819664001465,23,IN_TRANSIT_TO,2025-08-06 13:51:38,1814,4639,27-JO-13,POINT (-9.145819664001465 38.73752975463867)
1768_755,6653_20250801_118_0_12,118_0,0,38.750118255615234,-9.161999702453613,38,IN_TRANSIT_TO,2025-08-06 13:51:42,13508,1768,63-HX-23,POINT (-9.161999702453613 38.750118255615234)
2941_797,8165_20250801_163_0_30,163_0,0,38.73252868652344,-9.129779815673828,5,IN_TRANSIT_TO,2025-08-06 13:51:46,502,2941,51-GL-81,POINT (-9.129779815673828 38.73252868652344)
1709_783,7825_20250801_203_0_12,203_0,1,38.76361846923828,-9.129469871520996,12,IN_TRANSIT_TO,2025-08-06 13:51:36,7602,1709,69-AL-72,POINT (-9.129469871520996 38.76361846923828)
2802_718,3936_20250801_105_0_12,105_0,0,38.751399993896484,-9.10431957244873,8,IN_TRANSIT_TO,2025-08-06 13:51:35,24371,2802,01-IH-91,POINT (-9.10431957244873 38.751399993896484)
255_13B,21595_20250801_243_0_16,243_0,0,38.72053146362305,-9.12537956237793,19,IN_TRANSIT_TO,2025-08-06 13:51:46,50523,255,AF-58-RM,POINT (-9.12537956237793 38.72053146362305)
2239_758,6806_20250801_150_0_11,150_0,0,38.74882125854492,-9.191100120544434,26,IN_TRANSIT_TO,2025-08-06 13:51:47,10814,2239,06-30-XX,POINT (-9.191100120544434 38.74882125854492)
2298_708,3279_20250801_100_0_10,100_0,0,38.758148193359375,-9.111499786376953,19,IN_TRANSIT_TO,2025-08-06 13:51:27,8409,2298,83-05-ZM,POINT (-9.111499786376953 38.758148193359375)
2310_717,3804_20250801_170_0_11,170_0,0,38.74345016479492,-9.13241958618164,4,IN_TRANSIT_TO,2025-08-06 13:51:42,311,2310,83-07-ZM,POINT (-9.13241958618164 38.74345016479492)
2284_758,6881_20250801_150_0_10,150_0,1,38.750118255615234,-9.197480201721191,6,IN_TRANSIT_TO,2025-08-06 13:51:48,10907,2284,67-36-ZJ,POINT (-9.197480201721191 38.750118255615234)
2725_754,6612_20250801_201_0_11,201_0,1,38.73487091064453,-9.21543025970459,5,IN_TRANSIT_TO,2025-08-06 13:51:31,8845,2725,92-XQ-30,POINT (-9.21543025970459 38.73487091064453)
2735_755,6631_20250801_118_0_13,118_0,1,38.74774932861328,-9.166629791259766,3,IN_TRANSIT_TO,2025-08-06 13:51:33,12703,2735,AG-37-EI,POINT (-9.166629791259766 38.74774932861328)
4643_750,6281_20250801_106_0_10,106_0,0,38.749481201171875,-9.19237995147705,22,IN_TRANSIT_TO,2025-08-06 13:51:46,10806,4643,98-JO-45,POINT (-9.19237995147705 38.749481201171875)
2993_45B,49566_20250801_277_0_14,277_0,1,38.77682876586914,-9.145830154418945,0,IN_TRANSIT_TO,2025-08-06 13:51:39,,2993,29-VM-93,POINT (-9.145830154418945 38.77682876586914)
209_41B,19379_20250801_232_0_17,232_0,1,38.77730178833008,-9.14645004272461,15,IN_TRANSIT_TO,2025-08-06 13:51:37,11509,209,33-46-XH,POINT (-9.14645004272461 38.77730178833008)
2947_26B,17522_20250801_208_0_13,208_0,0,38.76865005493164,-9.098679542541504,17,IN_TRANSIT_TO,2025-08-06 13:51:50,7805,2947,51-GL-84,POINT (-9.098679542541504 38.76865005493164)
2412_767,7290_20250801_112_0_8,112_0,1,38.75429916381836,-9.197799682617188,11,IN_TRANSIT_TO,2025-08-06 13:51:44,13705,2412,92-AO-48,POINT (-9.197799682617188 38.75429916381836)
4634_783,7848_20250801_203_0_11,203_0,0,38.743019104003906,-9.146750450134277,9,IN_TRANSIT_TO,2025-08-06 13:51:46,1901,4634,11-JM-78,POINT (-9.146750450134277 38.743019104003906)
2267_758,6857_20250801_150_0_10,150_0,1,38.70669937133789,-9.143580436706543,34,IN_TRANSIT_TO,2025-08-06 13:51:31,3826,2267,76-86-ZG,POINT (-9.143580436706543 38.70669937133789)
2659_764,7155_20250801_168_0_13,168_0,1,38.744720458984375,-9.190750122070312,17,IN_TRANSIT_TO,2025-08-06 13:51:33,10838,2659,05-VZ-57,POINT (-9.190750122070312 38.744720458984375)
2257_768,7342_20250801_111_0_12,111_0,1,38.741920471191406,-9.170900344848633,18,IN_TRANSIT_TO,2025-08-06 13:51:45,1615,2257,80-50-ZE,POINT (-9.170900344848633 38.741920471191406)
6015_706,3255_20250801_147_0_11,147_0,1,38.706268310546875,-9.14490032196045,34,IN_TRANSIT_TO,2025-08-06 13:51:45,3803,6015,69-ZF-01,POINT (-9.14490032196045 38.706268310546875)
6032_732,5090_20250801_107_0_5,107_0,1,38.70983123779297,-9.135069847106934,30,IN_TRANSIT_TO,2025-08-06 13:51:28,5519,6032,BF-93-BC,POINT (-9.135069847106934 38.70983123779297)
2434_729,4816_20250801_104_0_10,104_0,0,38.70637893676758,-9.199150085449219,31,IN_TRANSIT_TO,2025-08-06 13:51:44,10301,2434,29-AU-24,POINT (-9.199150085449219 38.70637893676758)
2289_731,5024_20250801_190_0_10,190_0,1,38.741329193115234,-9.160070419311523,30,IN_TRANSIT_TO,2025-08-06 13:51:47,3302,2289,92-60-ZM,POINT (-9.160070419311523 38.741329193115234)
4834_736,5361_20250801_199_0_11,199_0,0,38.718719482421875,-9.144200325012207,2,IN_TRANSIT_TO,2025-08-06 13:51:30,1010,4834,20-VQ-71,POINT (-9.144200325012207 38.718719482421875)
2986_702,3063_20250801_146_0_25,146_0,0,38.727779388427734,-9.169719696044922,7,IN_TRANSIT_TO,2025-08-06 13:51:48,6111,2986,30-VM-12,POINT (-9.169719696044922 38.727779388427734)
4805_728,4680_20250801_204_0_9,204_0,1,38.78247833251953,-9.108420372009277,2,IN_TRANSIT_TO,2025-08-06 13:50:35,12615,4805,20-VQ-66,POINT (-9.108420372009277 38.78247833251953)
2717_738,5555_20250801_117_0_10,117_0,1,38.753150939941406,-9.150079727172852,25,IN_TRANSIT_TO,2025-08-06 13:51:46,2003,2717,92-XQ-16,POINT (-9.150079727172852 38.753150939941406)
2214_742,5708_20250801_114_0_7,114_0,0,38.73017883300781,-9.15762996673584,27,IN_TRANSIT_TO,2025-08-06 13:51:44,6117,2214,08-02-XS,POINT (-9.15762996673584 38.73017883300781)
2955_798,8200_20250801_194_0_19,194_0,0,38.77914810180664,-9.141429901123047,17,IN_TRANSIT_TO,2025-08-06 13:51:33,6016,2955,27-GU-70,POINT (-9.141429901123047 38.77914810180664)
4830_736,5410_20250801_199_0_10,199_0,1,38.74872970581055,-9.148850440979004,18,IN_TRANSIT_TO,2025-08-06 13:51:20,2006,4830,20-VQ-63,POINT (-9.148850440979004 38.74872970581055)
2222_708,3345_20250801_100_0_11,100_0,1,38.769100189208984,-9.097920417785645,14,IN_TRANSIT_TO,2025-08-06 13:51:40,7822,2222,08-17-XS,POINT (-9.097920417785645 38.769100189208984)
2801_725,4238_20250801_197_0_24,197_0,1,38.774871826171875,-9.097550392150879,12,IN_TRANSIT_TO,2025-08-06 13:51:11,7910,2801,38-HU-27,POINT (-9.097550392150879 38.774871826171875)
402_73B,18777_20250801_220_0_11,220_0,0,38.70018005371094,-9.183019638061523,1,IN_TRANSIT_TO,2025-08-06 13:51:49,50210,402,BF-81-TP,POINT (-9.183019638061523 38.70018005371094)
4813_748,6184_20250801_169_0_10,169_0,0,38.724979400634766,-9.1560697555542,3,IN_TRANSIT_TO,2025-08-06 13:51:21,1223,4813,68-VQ-50,POINT (-9.1560697555542 38.724979400634766)
4609_750,6370_20250801_106_0_8,106_0,1,38.7517204284668,-9.187620162963867,19,IN_TRANSIT_TO,2025-08-06 13:51:46,10827,4609,96-GL-86,POINT (-9.187620162963867 38.7517204284668)
4619_750,6292_20250801_106_0_10,106_0,0,38.75804901123047,-9.153450012207031,15,IN_TRANSIT_TO,2025-08-06 13:51:18,5805,4619,22-GP-53,POINT (-9.153450012207031 38.75804901123047)
1774_796,8131_20250801_174_0_25,174_0,0,38.79132080078125,-9.150699615478516,13,IN_TRANSIT_TO,2025-08-06 13:51:48,50276,1774,53-HX-07,POINT (-9.150699615478516 38.79132080078125)
4642_728,4611_20250801_204_0_9,204_0,1,38.70845031738281,-9.133399963378906,32,IN_TRANSIT_TO,2025-08-06 13:51:42,4502,4642,90-JI-99,POINT (-9.133399963378906 38.70845031738281)
4825_736,5421_20250801_199_0_12,199_0,1,38.786399841308594,-9.171879768371582,4,IN_TRANSIT_TO,2025-08-06 13:51:42,15107,4825,20-VQ-72,POINT (-9.171879768371582 38.786399841308594)
2773_712,3553_20250801_189_0_13,189_0,1,38.72105026245117,-9.16759967803955,7,IN_TRANSIT_TO,2025-08-06 13:51:47,9304,2773,AH-39-ND,POINT (-9.16759967803955 38.72105026245117)
2965_71B,45273_20250801_278_0_12,278_0,0,38.74871826171875,-9.201780319213867,4,IN_TRANSIT_TO,2025-08-06 13:51:31,10908,2965,29-VM-97,POINT (-9.201780319213867 38.74871826171875)
2477_726,4285_20250801_116_0_11,116_0,0,38.737430572509766,-9.149680137634277,12,IN_TRANSIT_TO,2025-08-06 13:51:47,1407,2477,91-BE-73,POINT (-9.149680137634277 38.737430572509766)
566_28E,15067_20250801_75_0_6,75_0,1,38.71052169799805,-9.142999649047852,13,IN_TRANSIT_TO,2025-08-06 13:51:35,10513,566,,POINT (-9.142999649047852 38.71052169799805)
2635_705,3188_20250801_176_0_13,176_0,0,38.775081634521484,-9.10077953338623,4,IN_TRANSIT_TO,2025-08-06 13:51:33,7823,2635,52-VP-90,POINT (-9.10077953338623 38.775081634521484)
2250_731,19403_20240727_190_0_8,190_0,1,38.78303146362305,-9.114009857177734,3,IN_TRANSIT_TO,2024-08-10 10:41:27,12610,2250,80-41-ZE,POINT (-9.114009857177734 38.78303146362305)
2469_703,3160_20250801_165_0_11,165_0,1,38.770179748535156,-9.177370071411133,19,IN_TRANSIT_TO,2025-08-06 13:51:49,5937,2469,16-AZ-09,POINT (-9.177370071411133 38.770179748535156)
2620_781,7725_20250801_151_0_11,151_0,1,38.7611198425293,-9.1118803024292,14,IN_TRANSIT_TO,2025-08-06 13:51:29,8424,2620,66-VI-33,POINT (-9.1118803024292 38.7611198425293)
2964_737,5493_20250801_173_0_29,173_0,0,38.711700439453125,-9.130979537963867,5,IN_TRANSIT_TO,2025-08-06 13:51:21,13807,2964,30-VM-19,POINT (-9.130979537963867 38.711700439453125)
2273_778,7532_20250801_179_0_17,179_0,0,38.76874923706055,-9.168379783630371,11,IN_TRANSIT_TO,2025-08-06 13:51:40,50280,2273,76-81-ZG,POINT (-9.168379783630371 38.76874923706055)
611_15E,11257_20250801_76_0_11,76_0,0,38.70090103149414,-9.181929588317871,11,IN_TRANSIT_TO,2025-08-06 13:51:39,12108,611,,POINT (-9.181929588317871 38.70090103149414)
2218_793,7975_20250601_145_0_21,145_0,0,38.74082946777344,-9.105830192565918,0,IN_TRANSIT_TO,2025-07-25 17:40:42,,2218,07-98-XS,POINT (-9.105830192565918 38.74082946777344)
2701_746,5976_20250801_108_0_11,108_0,0,38.74905014038086,-9.191169738769531,17,IN_TRANSIT_TO,2025-08-06 13:51:31,10814,2701,92-XQ-35,POINT (-9.191169738769531 38.74905014038086)
2490_794,8095_20250801_115_0_12,115_0,0,38.72549819946289,-9.112369537353516,6,IN_TRANSIT_TO,2025-08-06 13:51:41,9822,2490,55-BH-01,POINT (-9.112369537353516 38.72549819946289)
2680_714,3659_20250801_102_0_3,102_0,0,38.717071533203125,-9.212900161743164,29,IN_TRANSIT_TO,2025-08-06 13:51:31,10404,2680,93-XA-36,POINT (-9.212900161743164 38.717071533203125)
548_28E,14949_20250801_75_0_6,75_0,0,38.70943069458008,-9.13782024383545,17,IN_TRANSIT_TO,2025-08-06 13:51:18,5604,548,,POINT (-9.13782024383545 38.70943069458008)
2987_702,3059_20250801_146_0_20,146_0,1,38.73252868652344,-9.171819686889648,2,IN_TRANSIT_TO,2025-08-06 13:51:41,2709,2987,29-VM-99,POINT (-9.171819686889648 38.73252868652344)
2296_731,4993_20250801_190_0_10,190_0,1,38.781028747558594,-9.112750053405762,6,IN_TRANSIT_TO,2025-08-06 13:51:41,12613,2296,92-51-ZM,POINT (-9.112750053405762 38.781028747558594)
543_25E,14259_20250801_79_0_16,79_0,0,38.70637893676758,-9.142829895019531,3,IN_TRANSIT_TO,2025-08-06 13:50:58,3820,543,,POINT (-9.142829895019531 38.70637893676758)
4819_751,20106_20250801_109_0_12,109_0,0,38.697479248046875,-9.1983003616333,14,IN_TRANSIT_TO,2025-08-06 13:51:35,4114,4819,34-VR-16,POINT (-9.1983003616333 38.697479248046875)
2772_738,5516_20250801_117_0_10,117_0,1,38.70478057861328,-9.181349754333496,3,IN_TRANSIT_TO,2025-08-06 13:51:39,12005,2772,AH-24-ND,POINT (-9.181349754333496 38.70478057861328)
2234_703,3104_20250801_165_0_12,165_0,1,38.74769973754883,-9.206879615783691,0,IN_TRANSIT_TO,2025-08-06 13:51:30,,2234,06-26-XX,POINT (-9.206879615783691 38.74769973754883)
2433_767,7298_20250801_112_0_7,112_0,0,38.75252151489258,-9.206950187683105,40,IN_TRANSIT_TO,2025-08-06 13:51:43,50386,2433,44-BC-28,POINT (-9.206950187683105 38.75252151489258)
2972_797,8176_20250801_163_0_24,163_0,1,38.72718048095703,-9.13047981262207,3,IN_TRANSIT_TO,2025-08-06 13:51:36,9102,2972,29-VM-96,POINT (-9.13047981262207 38.72718048095703)
2455_729,4756_20250801_104_0_9,104_0,0,38.771018981933594,-9.193550109863281,4,IN_TRANSIT_TO,2025-08-06 13:51:23,14101,2455,16-AZ-12,POINT (-9.193550109863281 38.771018981933594)
2445_767,7202_20250801_112_0_7,112_0,0,38.760379791259766,-9.156519889831543,19,IN_TRANSIT_TO,2025-08-06 13:51:34,5825,2445,44-BC-31,POINT (-9.156519889831543 38.760379791259766)
2714_713,3575_20250801_122_0_12,122_0,1,38.70817184448242,-9.17378044128418,6,IN_TRANSIT_TO,2025-08-06 13:51:37,9412,2714,92-XQ-38,POINT (-9.17378044128418 38.70817184448242)
2413_703,3128_20250801_165_0_12,165_0,0,38.7659797668457,-9.182720184326172,25,IN_TRANSIT_TO,2025-08-06 13:51:23,12810,2413,92-AO-50,POINT (-9.182720184326172 38.7659797668457)
2762_723,4161_20250801_121_0_11,121_0,0,38.72502899169922,-9.155830383300781,8,IN_TRANSIT_TO,2025-08-06 13:51:37,1223,2762,AH-38-ND,POINT (-9.155830383300781 38.72502899169922)
2790_727,4443_20250801_103_0_8,103_0,1,38.6981201171875,-9.20425033569336,11,IN_TRANSIT_TO,2025-08-06 13:51:35,9601,2790,AI-54-TL,POINT (-9.20425033569336 38.6981201171875)
2723_764,7133_20250801_168_0_13,168_0,0,38.748348236083984,-9.19260025024414,17,IN_TRANSIT_TO,2025-08-06 13:51:32,10803,2723,92-XQ-43,POINT (-9.19260025024414 38.748348236083984)
2996_730,4971_20250801_198_0_13,198_0,0,38.733131408691406,-9.128230094909668,11,IN_TRANSIT_TO,2025-08-06 13:51:17,50467,2996,30-VM-03,POINT (-9.128230094909668 38.733131408691406)
2835_753,19175_20250801_167_0_17,167_0,0,38.673221588134766,-9.173629760742188,8,IN_TRANSIT_TO,2025-08-06 13:45:32,14601,2835,BF-62-FZ,POINT (-9.173629760742188 38.673221588134766)
2663_714,3697_20240914_102_0_16,102_0,1,38.72127151489258,-9.221500396728516,4,IN_TRANSIT_TO,2024-10-22 20:26:58,18703,2663,05-VZ-62,POINT (-9.221500396728516 38.72127151489258)
2757_754,6598_20250801_201_0_11,201_0,0,38.74732971191406,-9.15548038482666,8,IN_TRANSIT_TO,2025-08-06 13:51:42,13501,2757,AH-32-ND,POINT (-9.15548038482666 38.74732971191406)
4613_750,6395_20250801_106_0_10,106_0,1,38.74457931518555,-9.19806957244873,13,IN_TRANSIT_TO,2025-08-06 13:51:27,2812,4613,22-GP-48,POINT (-9.19806957244873 38.74457931518555)
273_734,5146_20250801_205_0_18,205_0,0,38.71366882324219,-9.123570442199707,16,IN_TRANSIT_TO,2025-08-06 13:50:19,2110,273,AH-15-TB,POINT (-9.123570442199707 38.71366882324219)
2478_726,4274_20250801_116_0_9,116_0,0,38.760398864746094,-9.183480262756348,25,IN_TRANSIT_TO,2025-08-06 13:51:19,12804,2478,91-BE-80,POINT (-9.183480262756348 38.760398864746094)
2796_727,4474_20250801_103_0_6,103_0,0,38.69731903076172,-9.20028018951416,36,IN_TRANSIT_TO,2025-08-06 13:51:37,4112,2796,AJ-59-LI,POINT (-9.20028018951416 38.69731903076172)
2995_774,7434_20250801_192_0_22,192_0,1,38.721431732177734,-9.156370162963867,8,IN_TRANSIT_TO,2025-08-06 13:51:21,6824,2995,30-VM-15,POINT (-9.156370162963867 38.721431732177734)
2418_703,3139_20250801_165_0_11,165_0,0,38.77954864501953,-9.159469604492188,13,IN_TRANSIT_TO,2025-08-06 13:51:27,5931,2418,92-AO-54,POINT (-9.159469604492188 38.77954864501953)
2212_720,4085_20250801_143_0_13,143_0,0,38.73833084106445,-9.13871955871582,8,IN_TRANSIT_TO,2025-08-06 13:51:38,407,2212,08-05-XS,POINT (-9.13871955871582 38.73833084106445)
215_41B,19387_20250801_232_0_17,232_0,0,38.78403091430664,-9.163769721984863,21,IN_TRANSIT_TO,2025-08-06 13:51:48,7203,215,44-42-XM,POINT (-9.163769721984863 38.78403091430664)
2989_71B,45274_20250801_278_0_10,278_0,0,38.755069732666016,-9.194219589233398,28,IN_TRANSIT_TO,2025-08-06 13:51:35,10917,2989,29-VM-85,POINT (-9.194219589233398 38.755069732666016)
219_37B,18843_20250801_224_0_16,224_0,0,38.72267150878906,-9.115650177001953,0,IN_TRANSIT_TO,2025-08-06 13:51:50,,219,11-12-XO,POINT (-9.115650177001953 38.72267150878906)
556_28E,14898_20250801_75_0_9,75_0,1,38.713199615478516,-9.158900260925293,6,IN_TRANSIT_TO,2025-08-06 13:51:25,8111,556,,POINT (-9.158900260925293 38.713199615478516)
574_18E,12200_20250801_78_0_15,78_0,0,38.70637893676758,-9.147379875183105,1,IN_TRANSIT_TO,2025-08-06 13:51:49,50339,574,,POINT (-9.147379875183105 38.70637893676758)
2763_746,5992_20250801_108_0_14,108_0,1,38.72956848144531,-9.149920463562012,23,IN_TRANSIT_TO,2025-08-06 13:51:26,1402,2763,AH-23-ND,POINT (-9.149920463562012 38.72956848144531)
275_61B,21532_20250801_241_0_17,241_0,0,38.73234939575195,-9.172630310058594,17,IN_TRANSIT_TO,2025-08-06 13:51:24,50085,275,AH-16-TB,POINT (-9.172630310058594 38.73234939575195)
410_67B,28226_20250801_253_0_3,253_0,0,38.713401794433594,-9.159449577331543,25,IN_TRANSIT_TO,2025-08-02 07:35:45,6718,410,BF-21-VF,POINT (-9.159449577331543 38.713401794433594)
2698_738,5548_20250801_117_0_9,117_0,0,38.75392150878906,-9.168919563293457,5,IN_TRANSIT_TO,2025-08-06 13:51:46,13622,2698,92-XQ-20,POINT (-9.168919563293457 38.75392150878906)
4631_783,7850_20250601_203_0_12,203_0,1,38.770118713378906,-9.126720428466797,10,IN_TRANSIT_TO,2025-06-30 15:27:01,12202,4631,02-JN-86,POINT (-9.126720428466797 38.770118713378906)
2621_781,7744_20250801_151_0_11,151_0,0,38.747650146484375,-9.098899841308594,11,IN_TRANSIT_TO,2025-08-06 13:51:45,50338,2621,66-VI-45,POINT (-9.098899841308594 38.747650146484375)
4644_750,6260_20250801_106_0_10,106_0,0,38.703269958496094,-9.22719955444336,38,IN_TRANSIT_TO,2025-08-06 13:51:49,4225,4644,27-JO-11,POINT (-9.22719955444336 38.703269958496094)
4603_750,6399_20250801_106_0_10,106_0,1,38.70172882080078,-9.22778034210205,2,IN_TRANSIT_TO,2025-08-06 13:51:24,4202,4603,96-GL-81,POINT (-9.22778034210205 38.70172882080078)
2982_72B,45258_20250801_279_0_11,279_0,0,38.75189971923828,-9.19729995727539,24,IN_TRANSIT_TO,2025-08-06 13:51:41,10907,2982,30-VM-23,POINT (-9.19729995727539 38.75189971923828)
2786_711,3451_20250801_101_0_9,101_0,1,38.709571838378906,-9.138179779052734,33,IN_TRANSIT_TO,2025-08-06 13:51:21,5510,2786,AI-52-TL,POINT (-9.138179779052734 38.709571838378906)
229_58B,19295_20250801_227_0_15,227_0,0,38.74562072753906,-9.181750297546387,15,IN_TRANSIT_TO,2025-08-06 13:51:35,10709,229,97-24-XT,POINT (-9.181750297546387 38.74562072753906)
2684_714,3674_20250801_102_0_11,102_0,0,38.69779968261719,-9.204520225524902,20,IN_TRANSIT_TO,2025-08-06 13:51:47,9604,2684,99-XE-59,POINT (-9.204520225524902 38.69779968261719)
2826_753,6535_20250801_167_0_19,167_0,0,38.72536849975586,-9.152050018310547,4,IN_TRANSIT_TO,2025-08-06 13:51:20,1209,2826,BF-74-FZ,POINT (-9.152050018310547 38.72536849975586)
221_773,7401_20250801_124_0_21,124_0,0,38.712928771972656,-9.153030395507812,8,IN_TRANSIT_TO,2025-08-06 13:51:11,6704,221,11-06-XO,POINT (-9.153030395507812 38.712928771972656)
550_28E,15053_20250801_75_0_9,75_0,1,38.71149826049805,-9.130599975585938,22,IN_TRANSIT_TO,2025-08-06 13:51:45,13805,550,,POINT (-9.130599975585938 38.71149826049805)
2832_753,6565_20250801_167_0_18,167_0,1,38.71366882324219,-9.177370071411133,2,IN_TRANSIT_TO,2025-08-06 13:51:24,14602,2832,BF-68-FZ,POINT (-9.177370071411133 38.71366882324219)
2662_727,4546_20250801_103_0_8,103_0,1,38.69810104370117,-9.189949989318848,15,IN_TRANSIT_TO,2025-08-06 13:51:41,9507,2662,05-VZ-51,POINT (-9.189949989318848 38.69810104370117)
2979_72B,45259_20250801_279_0_11,279_0,0,38.747398376464844,-9.207050323486328,11,IN_TRANSIT_TO,2025-08-06 13:51:37,2910,2979,30-VM-17,POINT (-9.207050323486328 38.747398376464844)
217_773,7382_20250801_124_0_22,124_0,1,38.70682907104492,-9.173219680786133,0,IN_TRANSIT_TO,2025-08-06 13:51:49,,217,29-98-XM,POINT (-9.173219680786133 38.70682907104492)
6049_732,5074_20250801_107_0_7,107_0,0,38.750221252441406,-9.160470008850098,0,IN_TRANSIT_TO,2025-08-06 13:51:44,,6049,BH-47-IR,POINT (-9.160470008850098 38.750221252441406)
2473_760,7091_20250801_171_0_3,171_0,0,38.70716857910156,-9.141579627990723,11,IN_TRANSIT_TO,2025-08-06 13:51:34,3820,2473,74-BC-68,POINT (-9.141579627990723 38.70716857910156)
2640_722,4125_20250801_196_0_10,196_0,1,38.779170989990234,-9.110980033874512,5,IN_TRANSIT_TO,2025-08-06 13:46:19,12615,2640,75-VS-43,POINT (-9.110980033874512 38.779170989990234)
1727_749,6207_20250801_195_5_2,195_5,1,38.74837112426758,-9.108869552612305,6,IN_TRANSIT_TO,2025-08-06 07:11:49,7302,1727,25-AS-39,POINT (-9.108869552612305 38.74837112426758)
2649_793,8009_20250801_145_0_15,145_0,1,38.74428176879883,-9.132180213928223,1,IN_TRANSIT_TO,2025-08-06 13:51:23,50108,2649,75-VS-42,POINT (-9.132180213928223 38.74428176879883)
4608_750,6346_20250801_106_0_9,106_0,1,38.75912857055664,-9.114330291748047,32,IN_TRANSIT_TO,2025-08-06 13:51:30,8407,4608,96-GL-85,POINT (-9.114330291748047 38.75912857055664)
2719_713,3619_20250801_122_0_12,122_0,1,38.723270416259766,-9.160019874572754,25,IN_TRANSIT_TO,2025-08-06 13:51:36,8517,2719,92-XQ-17,POINT (-9.160019874572754 38.723270416259766)
2689_738,5532_20250801_117_0_10,117_0,0,38.7093505859375,-9.166600227355957,29,IN_TRANSIT_TO,2025-08-06 13:50:51,10102,2689,93-XA-45,POINT (-9.166600227355957 38.7093505859375)
578_25E,14256_20250801_79_0_16,79_0,0,38.70806884765625,-9.158780097961426,7,IN_TRANSIT_TO,2025-08-06 13:51:36,50594,578,,POINT (-9.158780097961426 38.70806884765625)
552_28E,15027_20250801_75_0_9,75_0,1,38.70790100097656,-9.141619682312012,16,IN_TRANSIT_TO,2025-08-06 13:51:37,10519,552,,POINT (-9.141619682312012 38.70790100097656)
2675_709,3390_20250801_148_0_22,148_0,0,38.722599029541016,-9.14972972869873,5,IN_TRANSIT_TO,2025-08-06 13:51:27,1211,2675,87-XB-35,POINT (-9.14972972869873 38.722599029541016)
575_28E,15001_20250801_75_0_6,75_0,1,38.71603012084961,-9.136770248413086,35,IN_TRANSIT_TO,2025-08-06 13:51:23,804,575,,POINT (-9.136770248413086 38.71603012084961)
581_18E,12181_20250801_78_0_18,78_0,1,38.70608139038086,-9.182229995727539,11,IN_TRANSIT_TO,2025-08-06 13:51:24,12011,581,,POINT (-9.182229995727539 38.70608139038086)
561_28E,15041_20250801_75_0_8,75_0,1,38.712650299072266,-9.130629539489746,23,IN_TRANSIT_TO,2025-08-06 13:51:29,13811,561,,POINT (-9.130629539489746 38.712650299072266)
2498_735,5265_20250801_172_0_11,172_0,0,38.7076301574707,-9.133079528808594,4,IN_TRANSIT_TO,2025-08-06 13:51:38,4501,2498,03-BM-57,POINT (-9.133079528808594 38.7076301574707)
6043_760,51296_20250801_171_0_8,171_0,1,38.708900451660156,-9.136099815368652,32,IN_TRANSIT_TO,2025-08-06 13:51:43,5519,6043,BG-93-LT,POINT (-9.136099815368652 38.708900451660156)
2238_758,6873_20250801_150_0_12,150_0,1,38.721378326416016,-9.161999702453613,23,IN_TRANSIT_TO,2025-08-06 13:51:49,8512,2238,06-29-XX,POINT (-9.161999702453613 38.721378326416016)
2471_703,3153_20250801_165_0_12,165_0,1,38.78752136230469,-9.144669532775879,38,IN_TRANSIT_TO,2025-08-06 13:51:42,6003,2471,74-BC-70,POINT (-9.144669532775879 38.78752136230469)
2410_716,3722_20250801_164_0_14,164_0,1,38.73740005493164,-9.149620056152344,19,IN_TRANSIT_TO,2025-08-06 13:51:47,1408,2410,92-AO-46,POINT (-9.149620056152344 38.73740005493164)
2266_763,46425_20250801_282_0_15,282_0,0,38.77388000488281,-9.161479949951172,5,IN_TRANSIT_TO,2025-08-06 13:51:48,5950,2266,76-92-ZG,POINT (-9.161479949951172 38.77388000488281)
2461_726,4307_20250801_116_0_11,116_0,0,38.72431945800781,-9.13247013092041,3,IN_TRANSIT_TO,2025-08-06 13:51:38,601,2461,55-BH-04,POINT (-9.13247013092041 38.72431945800781)
223_773,7377_20250801_124_0_18,124_0,1,38.71371841430664,-9.160229682922363,12,IN_TRANSIT_TO,2025-08-06 13:51:32,8111,223,84-38-XQ,POINT (-9.160229682922363 38.71371841430664)
2957_40B,17562_20250801_212_0_14,212_0,0,38.79296875,-9.152029991149902,5,IN_TRANSIT_TO,2025-08-06 13:51:45,11616,2957,27-GU-72,POINT (-9.152029991149902 38.79296875)
2707_754,6599_20250801_201_0_10,201_0,1,38.74892044067383,-9.182720184326172,23,IN_TRANSIT_TO,2025-08-06 13:51:34,10825,2707,92-XQ-39,POINT (-9.182720184326172 38.74892044067383)
2347_771,21930_20250801_248_0_15,248_0,0,38.713748931884766,-9.197580337524414,15,IN_TRANSIT_TO,2025-08-06 13:51:47,50036,2347,53-61-ZJ,POINT (-9.197580337524414 38.713748931884766)
1729_717,3826_20250801_170_0_11,170_0,1,38.74897003173828,-9.136770248413086,33,IN_TRANSIT_TO,2025-08-06 13:51:40,11204,1729,25-AS-41,POINT (-9.136770248413086 38.74897003173828)
2975_774,7454_20250801_192_0_21,192_0,0,38.72129821777344,-9.156180381774902,8,IN_TRANSIT_TO,2025-08-06 13:51:43,6823,2975,30-VM-11,POINT (-9.156180381774902 38.72129821777344)
2237_758,6865_20250801_150_0_12,150_0,1,38.719970703125,-9.155449867248535,26,IN_TRANSIT_TO,2025-08-06 13:51:39,6813,2237,06-27-XX,POINT (-9.155449867248535 38.719970703125)
2606_759,6968_20250801_144_0_10,144_0,1,38.71403121948242,-9.121950149536133,40,IN_TRANSIT_TO,2025-08-06 13:51:29,2128,2606,66-VI-40,POINT (-9.121950149536133 38.71403121948242)
1726_735,5255_20250801_172_0_11,172_0,0,38.727779388427734,-9.128219604492188,15,IN_TRANSIT_TO,2025-08-06 13:51:45,7009,1726,25-AS-38,POINT (-9.128219604492188 38.727779388427734)
2321_742,5677_20250801_114_0_8,114_0,1,38.71397018432617,-9.19678020477295,8,IN_TRANSIT_TO,2025-08-06 13:51:25,10307,2321,04-47-ZF,POINT (-9.19678020477295 38.71397018432617)
6035_732,5059_20250801_107_0_7,107_0,0,38.706329345703125,-9.145350456237793,19,IN_TRANSIT_TO,2025-08-06 13:51:04,3820,6035,BG-76-LX,POINT (-9.145350456237793 38.706329345703125)
2974_52B,21673_20250801_244_0_12,244_0,0,38.73981857299805,-9.151200294494629,11,IN_TRANSIT_TO,2025-08-06 13:51:30,33101,2974,30-VM-22,POINT (-9.151200294494629 38.73981857299805)
2453_726,4335_20250801_116_0_10,116_0,1,38.738548278808594,-9.154020309448242,21,IN_TRANSIT_TO,2025-08-06 13:51:29,1504,2453,16-AZ-13,POINT (-9.154020309448242 38.738548278808594)
6026_732,5060_20250801_107_0_7,107_0,0,38.72526931762695,-9.151049613952637,12,IN_TRANSIT_TO,2025-08-06 13:51:48,1202,6026,BF-39-BB,POINT (-9.151049613952637 38.72526931762695)
580_25E,14267_20250801_79_0_13,79_0,1,38.713619232177734,-9.159950256347656,6,IN_TRANSIT_TO,2025-08-06 13:51:36,8111,580,,POINT (-9.159950256347656 38.713619232177734)
2825_728,4727_20250801_204_4_8,204_4,0,38.697818756103516,-9.185850143432617,5,IN_TRANSIT_TO,2025-08-06 13:51:32,4003,2825,BF-53-FZ,POINT (-9.185850143432617 38.697818756103516)
2669_723,4171_20250801_121_0_12,121_0,1,38.7242317199707,-9.180319786071777,24,IN_TRANSIT_TO,2025-08-06 13:51:24,21306,2669,87-XB-34,POINT (-9.180319786071777 38.7242317199707)
2248_768,7334_20250801_111_0_16,111_0,0,38.750179290771484,-9.15977954864502,0,IN_TRANSIT_TO,2025-08-06 13:51:37,,2248,22-33-ZB,POINT (-9.15977954864502 38.750179290771484)
1780_742,5738_20250801_114_0_9,114_0,0,38.72909927368164,-9.108770370483398,5,IN_TRANSIT_TO,2025-08-06 13:48:31,8316,1780,63-HX-18,POINT (-9.108770370483398 38.72909927368164)
2752_735,5269_20250801_172_0_10,172_0,1,38.725929260253906,-9.128379821777344,19,IN_TRANSIT_TO,2025-08-06 13:51:32,7006,2752,AG-18-TH,POINT (-9.128379821777344 38.725929260253906)
2210_742,5762_20250801_114_0_9,114_0,1,38.77077102661133,-9.1658296585083,11,IN_TRANSIT_TO,2025-08-06 13:51:33,10301,2210,01-66-XO,POINT (-9.1658296585083 38.77077102661133)
2493_720,4088_20250801_143_0_12,143_0,1,38.737449645996094,-9.12417984008789,30,IN_TRANSIT_TO,2025-08-06 13:50:11,8904,2493,88-BL-65,POINT (-9.12417984008789 38.737449645996094)
2496_720,4043_20250801_143_0_9,143_0,1,38.704200744628906,-9.173819541931152,5,IN_TRANSIT_TO,2025-08-06 13:51:34,12101,2496,88-BL-70,POINT (-9.173819541931152 38.704200744628906)
2480_716,3745_20250801_164_0_17,164_0,0,38.74864959716797,-9.191120147705078,19,IN_TRANSIT_TO,2025-08-06 13:51:44,10826,2480,91-BE-75,POINT (-9.191120147705078 38.74864959716797)
571_25E,14251_20250801_79_0_14,79_0,0,38.71377182006836,-9.160920143127441,13,IN_TRANSIT_TO,2025-08-06 13:51:46,8112,571,,POINT (-9.160920143127441 38.71377182006836)
547_18E,12191_20250801_78_0_17,78_0,0,38.703731536865234,-9.171549797058105,5,IN_TRANSIT_TO,2025-08-06 13:51:34,10202,547,,POINT (-9.171549797058105 38.703731536865234)
2679_746,5957_20250801_108_0_16,108_0,1,38.75273132324219,-9.208820343017578,3,IN_TRANSIT_TO,2025-08-06 13:51:35,11001,2679,93-XA-34,POINT (-9.208820343017578 38.75273132324219)
4820_748,6187_20250801_169_0_9,169_0,1,38.725318908691406,-9.186969757080078,6,IN_TRANSIT_TO,2025-08-06 13:51:22,14311,4820,20-VQ-62,POINT (-9.186969757080078 38.725318908691406)
2758_723,18980_20250801_121_0_9,121_0,0,38.70412826538086,-9.21679973602295,25,IN_TRANSIT_TO,2025-08-06 13:51:39,9705,2758,AH-36-ND,POINT (-9.21679973602295 38.70412826538086)
