id,trip_id,route_id,direction_id,latitude,longitude,current_stop_sequence,current_status,timestamp,stop_id,vehicle_id,license_plate,geometry
2689_727,4472_20250601_103_2_7,103_2,1,38.7080192565918,-9.167320251464844,19,IN_TRANSIT_TO,2025-06-01 10:47:35,12105,2689,93-XA-45,POINT (-9.167320251464844 38.7080192565918)
4645_750,6363_20250601_106_0_8,106_0,0,38.75836944580078,-9.1114501953125,6,IN_TRANSIT_TO,2025-06-01 10:47:30,2302,4645,98-JO-46,POINT (-9.1114501953125 38.75836944580078)
2793_712,3527_20250601_189_2_14,189_2,0,38.73366928100586,-9.133830070495605,15,IN_TRANSIT_TO,2025-06-01 10:47:30,503,2793,AJ-58-LI,POINT (-9.133830070495605 38.73366928100586)
611_15E,11305_20250601_76_0_2,76_0,1,38.706478118896484,-9.142350196838379,20,IN_TRANSIT_TO,2025-06-01 10:47:27,3803,611,,POINT (-9.142350196838379 38.706478118896484)
304_744,5822_20250601_200_0_7,200_0,0,38.766700744628906,-9.128899574279785,17,IN_TRANSIT_TO,2025-06-01 10:47:50,7513,304,22-SP-91,POINT (-9.128899574279785 38.766700744628906)
6022_706,3226_20250601_147_0_8,147_0,0,38.727481842041016,-9.138319969177246,17,IN_TRANSIT_TO,2025-06-01 10:47:28,615,6022,BF-48-BB,POINT (-9.138319969177246 38.727481842041016)
2448_767,7230_20250601_112_0_5,112_0,0,38.747379302978516,-9.216130256652832,43,IN_TRANSIT_TO,2025-06-01 10:47:33,3007,2448,44-BC-34,POINT (-9.216130256652832 38.747379302978516)
603_15E,11204_20250601_76_0_6,76_0,1,38.7015495300293,-9.18101978302002,13,IN_TRANSIT_TO,2025-06-01 10:46:15,12111,603,,POINT (-9.18101978302002 38.7015495300293)
2250_731,19403_20240727_190_0_8,190_0,1,38.78303146362305,-9.114009857177734,3,IN_TRANSIT_TO,2024-08-10 10:41:27,12610,2250,80-41-ZE,POINT (-9.114009857177734 38.78303146362305)
6021_758,6817_20250601_150_0_10,150_0,1,38.72003173828125,-9.154470443725586,26,IN_TRANSIT_TO,2025-06-01 10:47:35,6807,6021,BD-91-QG,POINT (-9.154470443725586 38.72003173828125)
4617_750,6312_20250601_106_0_7,106_0,0,38.72325134277344,-9.209919929504395,34,IN_TRANSIT_TO,2025-06-01 10:47:00,18111,4617,22-GP-51,POINT (-9.209919929504395 38.72325134277344)
2954_40B,19270_20250601_212_0_9,212_0,0,38.77608108520508,-9.16012954711914,23,IN_TRANSIT_TO,2025-06-01 10:47:38,5927,2954,62-GQ-56,POINT (-9.16012954711914 38.77608108520508)
4641_750,6259_20250601_106_0_7,106_0,1,38.75973129272461,-9.116399765014648,32,IN_TRANSIT_TO,2025-06-01 10:47:43,8407,4641,90-JI-98,POINT (-9.116399765014648 38.75973129272461)
4626_736,5324_20250601_199_0_10,199_0,1,38.7629508972168,-9.1566801071167,13,IN_TRANSIT_TO,2025-06-01 10:47:39,5814,4626,90-JI-93,POINT (-9.1566801071167 38.7629508972168)
4646_750,6334_20250601_106_0_7,106_0,0,38.750118255615234,-9.197529792785645,24,IN_TRANSIT_TO,2025-06-01 10:47:23,10802,4646,11-JM-79,POINT (-9.197529792785645 38.750118255615234)
2973_55B,35095_20250601_240_0_11,240_0,0,38.759498596191406,-9.18043041229248,15,IN_TRANSIT_TO,2025-06-01 10:47:23,12828,2973,30-VM-13,POINT (-9.18043041229248 38.759498596191406)
4627_736,5344_20250601_199_0_10,199_0,1,38.78887939453125,-9.175869941711426,4,IN_TRANSIT_TO,2025-06-01 10:47:30,15107,4627,11-JM-76,POINT (-9.175869941711426 38.78887939453125)
2691_727,4469_20250601_103_2_2,103_2,1,38.72053146362305,-9.153499603271484,34,IN_TRANSIT_TO,2025-06-01 10:47:39,6805,2691,90-XF-45,POINT (-9.153499603271484 38.72053146362305)
2694_714,3658_20250601_102_0_4,102_0,1,38.69792938232422,-9.19124984741211,23,IN_TRANSIT_TO,2025-06-01 10:47:45,4115,2694,90-XF-49,POINT (-9.19124984741211 38.69792938232422)
2695_746,5955_20250601_108_0_12,108_0,1,38.74433135986328,-9.17846965789795,12,IN_TRANSIT_TO,2025-06-01 10:47:29,10703,2695,90-XF-50,POINT (-9.17846965789795 38.74433135986328)
4618_750,6351_20250601_106_0_7,106_0,0,38.75802993774414,-9.141770362854004,12,IN_TRANSIT_TO,2025-06-01 10:47:51,11306,4618,22-GP-52,POINT (-9.141770362854004 38.75802993774414)
2952_40B,17560_20250601_212_0_10,212_0,1,38.78363037109375,-9.14264965057373,16,IN_TRANSIT_TO,2025-06-01 10:47:22,6016,2952,62-GQ-54,POINT (-9.14264965057373 38.78363037109375)
4643_750,6289_20250601_106_0_7,106_0,0,38.7429313659668,-9.205169677734375,29,IN_TRANSIT_TO,2025-06-01 10:14:13,8814,4643,98-JO-45,POINT (-9.205169677734375 38.7429313659668)
2673_764,7144_20250601_168_2_13,168_2,0,38.74382019042969,-9.205750465393066,8,IN_TRANSIT_TO,2025-06-01 10:47:35,8814,2673,87-XB-37,POINT (-9.205750465393066 38.74382019042969)
6001_706,20144_20250601_147_0_4,147_0,1,38.73334884643555,-9.132969856262207,13,IN_TRANSIT_TO,2025-06-01 10:47:03,503,6001,99-XU-70,POINT (-9.132969856262207 38.73334884643555)
2674_714,3655_20250601_102_0_7,102_0,0,38.705631256103516,-9.143919944763184,0,IN_TRANSIT_TO,2025-06-01 10:47:50,,2674,87-XB-38,POINT (-9.143919944763184 38.705631256103516)
2675_748,27142_20250601_169_0_14,169_0,1,38.72494888305664,-9.155170440673828,8,IN_TRANSIT_TO,2025-06-01 10:46:54,8502,2675,87-XB-35,POINT (-9.155170440673828 38.72494888305664)
2964_737,5477_20250601_173_0_15,173_0,1,38.711021423339844,-9.13064956665039,3,IN_TRANSIT_TO,2025-06-01 10:47:27,13816,2964,30-VM-19,POINT (-9.13064956665039 38.711021423339844)
6031_747,6099_20250601_177_0_7,177_0,0,38.76306915283203,-9.170729637145996,9,IN_TRANSIT_TO,2025-06-01 10:47:29,50007,6031,BF-87-AX,POINT (-9.170729637145996 38.76306915283203)
604_15E,11266_20250601_76_0_3,76_0,0,38.70655059814453,-9.151080131530762,5,IN_TRANSIT_TO,2025-06-01 10:47:52,7102,604,,POINT (-9.151080131530762 38.70655059814453)
6014_706,3246_20250601_147_0_8,147_0,0,38.707271575927734,-9.154549598693848,4,IN_TRANSIT_TO,2025-06-01 10:47:36,3926,6014,67-ZF-30,POINT (-9.154549598693848 38.707271575927734)
2658_738,5527_20250601_117_0_8,117_0,1,38.74745178222656,-9.147820472717285,24,IN_TRANSIT_TO,2025-06-01 10:47:48,2001,2658,05-VZ-71,POINT (-9.147820472717285 38.74745178222656)
2479_703,3126_20250601_165_0_3,165_0,0,38.774269104003906,-9.162030220031738,16,IN_TRANSIT_TO,2025-06-01 10:47:27,5950,2479,91-BE-74,POINT (-9.162030220031738 38.774269104003906)
2414_767,7263_20250601_112_0_3,112_0,0,38.72578048706055,-9.140680313110352,2,IN_TRANSIT_TO,2025-06-01 10:47:28,9212,2414,92-AO-51,POINT (-9.140680313110352 38.72578048706055)
2979_730,4961_20250601_198_0_5,198_0,0,38.72962951660156,-9.143950462341309,25,IN_TRANSIT_TO,2025-06-01 10:47:26,1707,2979,30-VM-17,POINT (-9.143950462341309 38.72962951660156)
610_15E,11282_20250601_76_0_7,76_0,0,38.70378112792969,-9.16232967376709,7,IN_TRANSIT_TO,2025-06-01 10:47:44,3906,610,,POINT (-9.16232967376709 38.70378112792969)
1717_717,3867_20250601_170_0_5,170_0,0,38.791019439697266,-9.150679588317871,36,IN_TRANSIT_TO,2025-06-01 10:47:41,11602,1717,69-AL-80,POINT (-9.150679588317871 38.791019439697266)
6015_706,19489_20250601_147_0_7,147_0,1,38.72003173828125,-9.155050277709961,23,IN_TRANSIT_TO,2025-06-01 10:47:42,6820,6015,69-ZF-01,POINT (-9.155050277709961 38.72003173828125)
4811_728,4694_20250601_204_0_4,204_0,0,38.69736862182617,-9.203680038452148,10,IN_TRANSIT_TO,2025-06-01 10:47:30,9603,4811,34-VR-20,POINT (-9.203680038452148 38.69736862182617)
6035_758,6795_20250601_150_0_9,150_0,0,38.736419677734375,-9.166130065917969,16,IN_TRANSIT_TO,2025-06-01 10:47:38,2711,6035,BG-76-LX,POINT (-9.166130065917969 38.736419677734375)
2978_730,4941_20250601_198_0_10,198_0,0,38.72547149658203,-9.144550323486328,23,IN_TRANSIT_TO,2025-06-01 10:47:39,6603,2978,29-VM-92,POINT (-9.144550323486328 38.72547149658203)
4633_736,5397_20250601_199_0_7,199_0,0,38.75376892089844,-9.150480270385742,13,IN_TRANSIT_TO,2025-06-01 10:47:23,2017,4633,90-JI-94,POINT (-9.150480270385742 38.75376892089844)
2270_724,19280_20250601_178_0_7,178_0,0,38.7252197265625,-9.193880081176758,7,IN_TRANSIT_TO,2025-06-01 10:47:39,21307,2270,76-82-ZG,POINT (-9.193880081176758 38.7252197265625)
2703_746,5980_20250601_108_0_11,108_0,0,38.734031677246094,-9.1537504196167,3,IN_TRANSIT_TO,2025-06-01 10:47:43,1401,2703,92-XQ-24,POINT (-9.1537504196167 38.734031677246094)
2495_735,5193_20250601_172_0_7,172_0,0,38.733131408691406,-9.131999969482422,18,IN_TRANSIT_TO,2025-06-01 10:47:43,501,2495,88-BL-69,POINT (-9.131999969482422 38.733131408691406)
6009_760,51293_20250601_171_0_13,171_0,0,38.71316909790039,-9.195500373840332,30,IN_TRANSIT_TO,2025-06-01 10:47:47,50140,6009,81-ZC-18,POINT (-9.195500373840332 38.71316909790039)
4839_736,5384_20250601_199_0_9,199_0,0,38.76259994506836,-9.156900405883789,16,IN_TRANSIT_TO,2025-06-01 10:47:45,5807,4839,53-VR-08,POINT (-9.156900405883789 38.76259994506836)
2796_709,3396_20250601_148_0_12,148_0,0,38.71446990966797,-9.169230461120605,12,IN_TRANSIT_TO,2025-06-01 10:47:32,8018,2796,AJ-59-LI,POINT (-9.169230461120605 38.71446990966797)
2614_708,3326_20250601_100_0_6,100_0,1,38.768218994140625,-9.09801959991455,14,IN_TRANSIT_TO,2025-06-01 10:47:23,7822,2614,66-VI-24,POINT (-9.09801959991455 38.768218994140625)
2607_744,5814_20250601_200_0_8,200_0,1,38.763580322265625,-9.129579544067383,14,IN_TRANSIT_TO,2025-06-01 10:47:34,50592,2607,AA-95-TQ,POINT (-9.129579544067383 38.763580322265625)
6023_778,18984_20250601_179_0_12,179_0,1,38.767921447753906,-9.170169830322266,16,IN_TRANSIT_TO,2025-06-01 10:47:24,50028,6023,BF-03-BD,POINT (-9.170169830322266 38.767921447753906)
4815_751,6474_20250601_109_0_10,109_0,0,38.70000076293945,-9.227330207824707,23,IN_TRANSIT_TO,2025-06-01 10:47:27,4207,4815,34-VR-24,POINT (-9.227330207824707 38.70000076293945)
2601_783,7807_20250601_203_2_10,203_2,1,38.76377868652344,-9.129619598388672,12,IN_TRANSIT_TO,2025-06-01 10:47:31,7602,2601,04-VA-70,POINT (-9.129619598388672 38.76377868652344)
6036_732,5052_20250601_107_2_6,107_2,1,38.71352005004883,-9.214619636535645,2,IN_TRANSIT_TO,2025-06-01 10:47:39,10403,6036,BG-90-LX,POINT (-9.214619636535645 38.71352005004883)
2706_714,3677_20250601_102_0_8,102_0,1,38.72806930541992,-9.21084976196289,8,IN_TRANSIT_TO,2025-06-01 10:47:41,14008,2706,92-XQ-46,POINT (-9.21084976196289 38.72806930541992)
2602_708,3307_20250601_100_0_7,100_0,1,38.74557876586914,-9.131400108337402,33,IN_TRANSIT_TO,2025-06-01 10:47:43,7308,2602,16-VF-81,POINT (-9.131400108337402 38.74557876586914)
2653_711,3468_20250601_101_0_8,101_0,1,38.7182502746582,-9.184530258178711,22,IN_TRANSIT_TO,2025-06-01 10:47:29,21306,2653,05-VZ-52,POINT (-9.184530258178711 38.7182502746582)
2988_79B,35098_20250601_221_0_7,221_0,0,38.70895004272461,-9.213970184326172,26,IN_TRANSIT_TO,2025-06-01 10:47:45,12403,2988,29-VM-94,POINT (-9.213970184326172 38.70895004272461)
2617_722,41543_20250601_196_0_2,196_0,0,38.72882843017578,-9.147780418395996,3,IN_TRANSIT_TO,2025-06-01 10:47:48,1225,2617,66-VI-28,POINT (-9.147780418395996 38.72882843017578)
2633_759,17639_20250601_144_0_4,144_0,1,38.71636962890625,-9.141850471496582,46,IN_TRANSIT_TO,2025-06-01 10:47:50,919,2633,52-VP-79,POINT (-9.141850471496582 38.71636962890625)
6039_760,7025_20250601_171_0_8,171_0,0,38.726131439208984,-9.14074993133545,0,IN_TRANSIT_TO,2025-06-01 10:47:49,,6039,BG-96-LU,POINT (-9.14074993133545 38.726131439208984)
2716_711,3471_20250601_101_0_7,101_0,1,38.74964904785156,-9.212869644165039,6,IN_TRANSIT_TO,2025-06-01 10:47:26,3003,2716,92-XQ-27,POINT (-9.212869644165039 38.74964904785156)
2991_774,7432_20250601_192_1_9,192_1,0,38.71377182006836,-9.160820007324219,14,IN_TRANSIT_TO,2025-06-01 10:47:33,8112,2991,29-VM-89,POINT (-9.160820007324219 38.71377182006836)
6041_732,5049_20250601_107_2_6,107_2,1,38.70624923706055,-9.144330024719238,28,IN_TRANSIT_TO,2025-06-01 10:47:29,3803,6041,BG-20-LV,POINT (-9.144330024719238 38.70624923706055)
2639_708,3304_20250601_100_0_7,100_0,0,38.72148132324219,-9.135319709777832,3,IN_TRANSIT_TO,2025-06-01 10:47:38,803,2639,75-VS-47,POINT (-9.135319709777832 38.72148132324219)
2647_708,3282_20250601_100_0_7,100_0,0,38.794368743896484,-9.097399711608887,39,IN_TRANSIT_TO,2025-06-01 10:47:35,50303,2647,75-VS-45,POINT (-9.097399711608887 38.794368743896484)
2989_45B,45283_20250601_277_0_9,277_0,0,38.770530700683594,-9.159930229187012,7,IN_TRANSIT_TO,2025-06-01 10:47:40,5940,2989,29-VM-85,POINT (-9.159930229187012 38.770530700683594)
577_28E,14910_20250601_75_0_3,75_0,1,38.712398529052734,-9.130550384521484,35,IN_TRANSIT_TO,2025-06-01 10:47:33,5602,577,,POINT (-9.130550384521484 38.712398529052734)
2642_755,6636_20250601_118_0_8,118_0,0,38.75421905517578,-9.124799728393555,23,IN_TRANSIT_TO,2025-06-01 10:47:49,14720,2642,75-VS-51,POINT (-9.124799728393555 38.75421905517578)
2724_711,3490_20250601_101_0_5,101_0,0,38.74787139892578,-9.207280158996582,22,IN_TRANSIT_TO,2025-06-01 10:47:50,2909,2724,92-XQ-40,POINT (-9.207280158996582 38.74787139892578)
2609_755,17668_20250601_118_0_7,118_0,1,38.75461959838867,-9.138779640197754,11,IN_TRANSIT_TO,2025-06-01 10:47:40,105,2609,66-VI-36,POINT (-9.138779640197754 38.75461959838867)
2632_759,6938_20250601_144_0_7,144_0,0,38.714599609375,-9.140769958496094,1,IN_TRANSIT_TO,2025-06-01 10:47:45,1005,2632,52-VP-88,POINT (-9.140769958496094 38.714599609375)
2981_72B,45261_20250601_279_0_8,279_0,0,38.74871826171875,-9.191269874572754,27,IN_TRANSIT_TO,2025-06-01 10:47:27,10807,2981,29-VM-86,POINT (-9.191269874572754 38.74871826171875)
2646_759,6902_20250601_144_0_7,144_0,1,38.7557487487793,-9.113730430603027,20,IN_TRANSIT_TO,2025-06-01 10:47:34,24367,2646,75-VS-48,POINT (-9.113730430603027 38.7557487487793)
2993_730,4957_20250601_198_0_9,198_0,1,38.73738098144531,-9.12399959564209,19,IN_TRANSIT_TO,2025-06-01 10:47:52,8904,2993,29-VM-93,POINT (-9.12399959564209 38.73738098144531)
2468_703,3151_20250601_165_0_4,165_0,1,38.77388000488281,-9.161179542541504,26,IN_TRANSIT_TO,2025-06-01 10:47:23,5905,2468,16-AZ-10,POINT (-9.161179542541504 38.77388000488281)
2612_722,41542_20250601_196_0_7,196_0,0,38.775821685791016,-9.113269805908203,29,IN_TRANSIT_TO,2025-06-01 10:47:21,12308,2612,66-VI-29,POINT (-9.113269805908203 38.775821685791016)
542_12E,11027_20250601_77_0_8,77_0,0,38.71271896362305,-9.13772964477539,11,IN_TRANSIT_TO,2025-06-01 10:47:44,50621,542,,POINT (-9.13772964477539 38.71271896362305)
2713_738,5538_20250601_117_0_7,117_0,0,38.704078674316406,-9.186180114746094,36,IN_TRANSIT_TO,2025-06-01 10:45:55,12002,2713,92-XQ-34,POINT (-9.186180114746094 38.704078674316406)
2635_744,5808_20250601_200_0_6,200_0,1,38.73366928100586,-9.145099639892578,27,IN_TRANSIT_TO,2025-06-01 10:47:24,1812,2635,52-VP-90,POINT (-9.145099639892578 38.73366928100586)
2799_746,5963_20250601_108_0_11,108_0,0,38.751949310302734,-9.210579872131348,22,IN_TRANSIT_TO,2025-06-01 10:47:46,11006,2799,AJ-52-LI,POINT (-9.210579872131348 38.751949310302734)
6040_732,5067_20250601_107_2_5,107_2,0,38.70417022705078,-9.173529624938965,13,IN_TRANSIT_TO,2025-06-01 10:47:27,10202,6040,BG-46-LT,POINT (-9.173529624938965 38.70417022705078)
544_28E,14936_20250601_75_0_5,75_0,1,38.7081298828125,-9.13992977142334,17,IN_TRANSIT_TO,2025-06-01 10:47:04,10521,544,,POINT (-9.13992977142334 38.7081298828125)
2996_797,8163_20250601_163_0_19,163_0,1,38.73162841796875,-9.12736988067627,7,IN_TRANSIT_TO,2025-06-01 10:47:46,7003,2996,30-VM-03,POINT (-9.12736988067627 38.73162841796875)
2636_718,3934_20250601_105_0_9,105_0,1,38.722869873046875,-9.115400314331055,12,IN_TRANSIT_TO,2025-06-01 10:47:24,9803,2636,87-VS-50,POINT (-9.115400314331055 38.722869873046875)
2603_759,6935_20250601_144_0_7,144_0,0,38.762969970703125,-9.113969802856445,30,IN_TRANSIT_TO,2025-06-01 10:47:09,8419,2603,16-VF-76,POINT (-9.113969802856445 38.762969970703125)
2975_702,3032_20250601_146_0_15,146_0,0,38.72787094116211,-9.170680046081543,8,IN_TRANSIT_TO,2025-06-01 10:47:28,6132,2975,30-VM-11,POINT (-9.170680046081543 38.72787094116211)
2985_774,7439_20250601_192_1_6,192_1,1,38.713348388671875,-9.137969970703125,35,IN_TRANSIT_TO,2025-06-01 10:47:25,5512,2985,30-VM-14,POINT (-9.137969970703125 38.713348388671875)
2990_45B,45282_20250601_277_0_9,277_0,1,38.76433181762695,-9.172269821166992,8,IN_TRANSIT_TO,2025-06-01 10:47:34,50024,2990,30-VM-06,POINT (-9.172269821166992 38.76433181762695)
2711_754,6602_20250601_201_2_7,201_2,0,38.748451232910156,-9.188369750976562,7,IN_TRANSIT_TO,2025-06-01 10:47:42,10828,2711,92-XQ-44,POINT (-9.188369750976562 38.748451232910156)
2976_34B,35070_20250601_226_0_5,226_0,0,38.73902130126953,-9.123299598693848,0,IN_TRANSIT_TO,2025-06-01 10:47:35,,2976,30-VM-00,POINT (-9.123299598693848 38.73902130126953)
2616_722,4111_20250601_196_0_7,196_0,1,38.734169006347656,-9.145050048828125,28,IN_TRANSIT_TO,2025-06-01 10:47:25,11118,2616,66-VI-44,POINT (-9.145050048828125 38.734169006347656)
2604_759,6913_20250601_144_0_7,144_0,1,38.77519989013672,-9.097370147705078,4,IN_TRANSIT_TO,2025-06-01 10:47:51,7823,2604,66-VI-32,POINT (-9.097370147705078 38.77519989013672)
2634_759,6916_20250601_144_0_5,144_0,0,38.767269134521484,-9.099020004272461,47,IN_TRANSIT_TO,2025-06-01 10:47:34,7825,2634,52-VP-85,POINT (-9.099020004272461 38.767269134521484)
2605_783,7827_20250601_203_2_9,203_2,0,38.72951889038086,-9.147500038146973,3,IN_TRANSIT_TO,2025-06-01 10:47:23,1701,2605,66-VI-35,POINT (-9.147500038146973 38.72951889038086)
2663_714,3697_20240914_102_0_16,102_0,1,38.72127151489258,-9.221500396728516,4,IN_TRANSIT_TO,2024-10-22 20:26:58,18703,2663,05-VZ-62,POINT (-9.221500396728516 38.72127151489258)
576_28E,15014_20250601_75_0_4,75_0,0,38.71080017089844,-9.130970001220703,7,IN_TRANSIT_TO,2025-06-01 10:47:51,13816,576,,POINT (-9.130970001220703 38.71080017089844)
2685_709,3386_20250601_148_0_14,148_0,0,38.71630096435547,-9.141969680786133,3,IN_TRANSIT_TO,2025-06-01 10:47:26,1003,2685,93-XA-46,POINT (-9.141969680786133 38.71630096435547)
2615_718,3956_20250601_105_0_8,105_0,0,38.751468658447266,-9.111769676208496,3,IN_TRANSIT_TO,2025-06-01 10:47:47,24376,2615,66-VI-27,POINT (-9.111769676208496 38.751468658447266)
6043_760,51292_20250601_171_0_2,171_0,0,38.70634841918945,-9.147199630737305,12,IN_TRANSIT_TO,2025-06-01 10:47:42,50339,6043,BG-93-LT,POINT (-9.147199630737305 38.70634841918945)
1714_717,3796_20250601_170_0_9,170_0,0,38.743919372558594,-9.132169723510742,4,IN_TRANSIT_TO,2025-06-01 10:47:49,311,1714,69-AL-77,POINT (-9.132169723510742 38.743919372558594)
580_28E,14988_20250601_75_0_6,75_0,0,38.71070098876953,-9.143580436706543,15,IN_TRANSIT_TO,2025-06-01 10:46:51,10512,580,,POINT (-9.143580436706543 38.71070098876953)
543_28E,30178_20250601_75_0_3,75_0,0,38.71696853637695,-9.129650115966797,22,IN_TRANSIT_TO,2025-06-01 10:47:43,6718,543,,POINT (-9.129650115966797 38.71696853637695)
4804_728,4574_20250601_204_0_5,204_0,1,38.697750091552734,-9.18690013885498,41,IN_TRANSIT_TO,2025-06-01 10:47:48,9502,4804,53-VR-07,POINT (-9.18690013885498 38.697750091552734)
2687_754,6582_20250601_201_2_8,201_2,1,38.74106979370117,-9.169219970703125,28,IN_TRANSIT_TO,2025-06-01 10:47:46,1615,2687,93-XA-44,POINT (-9.169219970703125 38.74106979370117)
2708_764,7137_20250601_168_2_14,168_2,1,38.74205017089844,-9.205550193786621,12,IN_TRANSIT_TO,2025-06-01 10:47:31,50240,2708,92-XQ-32,POINT (-9.205550193786621 38.74205017089844)
4813_728,4638_20250601_204_0_5,204_0,1,38.782318115234375,-9.108420372009277,2,IN_TRANSIT_TO,2025-06-01 10:47:32,12615,4813,68-VQ-50,POINT (-9.108420372009277 38.782318115234375)
2427_767,7222_20250601_112_0_6,112_0,1,38.74713134765625,-9.215970039367676,3,IN_TRANSIT_TO,2025-06-01 10:47:52,3015,2427,29-AX-14,POINT (-9.215970039367676 38.74713134765625)
4808_728,4618_20250601_204_0_6,204_0,1,38.77505111694336,-9.10254955291748,6,IN_TRANSIT_TO,2025-06-01 10:47:41,7908,4808,20-VQ-73,POINT (-9.10254955291748 38.77505111694336)
572_24E,17844_20250601_213_0_4,213_0,0,38.71541976928711,-9.144820213317871,4,IN_TRANSIT_TO,2025-06-01 10:47:21,10601,572,,POINT (-9.144820213317871 38.71541976928711)
2641_718,3945_20250601_105_0_10,105_0,0,38.72611999511719,-9.118849754333496,22,IN_TRANSIT_TO,2025-06-01 10:46:54,9802,2641,75-VS-49,POINT (-9.118849754333496 38.72611999511719)
555_28E,15026_20250601_75_0_6,75_0,0,38.71232986450195,-9.13053035736084,5,IN_TRANSIT_TO,2025-06-01 10:47:42,13809,555,,POINT (-9.13053035736084 38.71232986450195)
4817_751,6485_20250601_109_0_11,109_0,0,38.701969146728516,-9.180950164794922,10,IN_TRANSIT_TO,2025-06-01 10:47:28,12108,4817,00-VV-37,POINT (-9.180950164794922 38.701969146728516)
2987_52B,35056_20250601_244_0_8,244_0,0,38.74359893798828,-9.15447998046875,8,IN_TRANSIT_TO,2025-06-01 10:47:53,3309,2987,29-VM-99,POINT (-9.15447998046875 38.74359893798828)
575_28E,14922_20250601_75_0_5,75_0,1,38.71207046508789,-9.130330085754395,34,IN_TRANSIT_TO,2025-06-01 10:47:51,13802,575,,POINT (-9.130330085754395 38.71207046508789)
269_76B,35091_20250601_219_0_10,219_0,0,38.70711898803711,-9.191370010375977,7,IN_TRANSIT_TO,2025-06-01 10:47:51,50331,269,AG-25-NH,POINT (-9.191370010375977 38.70711898803711)
4807_728,4678_20250601_204_0_5,204_0,0,38.709228515625,-9.211469650268555,3,IN_TRANSIT_TO,2025-06-01 10:47:21,12405,4807,20-VQ-69,POINT (-9.211469650268555 38.709228515625)
2650_738,5522_20250601_117_0_3,117_0,0,38.755821228027344,-9.17477035522461,2,IN_TRANSIT_TO,2025-06-01 10:47:27,50420,2650,75-VS-50,POINT (-9.17477035522461 38.755821228027344)
1729_796,8115_20250601_174_0_13,174_0,0,38.7611198425293,-9.157219886779785,0,IN_TRANSIT_TO,2025-06-01 10:47:36,,1729,25-AS-41,POINT (-9.157219886779785 38.7611198425293)
4644_750,6382_20250601_106_0_4,106_0,1,38.76076889038086,-9.120579719543457,31,IN_TRANSIT_TO,2025-06-01 10:47:29,7503,4644,27-JO-11,POINT (-9.120579719543457 38.76076889038086)
2630_725,4253_20250601_197_2_4,197_2,1,38.7671012878418,-9.098950386047363,16,IN_TRANSIT_TO,2025-06-01 10:47:38,7825,2630,52-VP-89,POINT (-9.098950386047363 38.7671012878418)
4803_728,4614_20250601_204_0_6,204_0,1,38.71046829223633,-9.127779960632324,30,IN_TRANSIT_TO,2025-06-01 10:47:33,8204,4803,77-VP-16,POINT (-9.127779960632324 38.71046829223633)
2645_708,3285_20250601_100_0_7,100_0,0,38.76417922973633,-9.116499900817871,21,IN_TRANSIT_TO,2025-06-01 10:47:35,8419,2645,87-VS-49,POINT (-9.116499900817871 38.76417922973633)
4635_736,18823_20250601_199_0_9,199_0,0,38.72439956665039,-9.149230003356934,3,IN_TRANSIT_TO,2025-06-01 10:47:34,1103,4635,90-JI-95,POINT (-9.149230003356934 38.72439956665039)
2725_711,3450_20250601_101_0_7,101_0,0,38.712669372558594,-9.136199951171875,3,IN_TRANSIT_TO,2025-06-01 10:47:17,913,2725,92-XQ-30,POINT (-9.136199951171875 38.712669372558594)
2608_722,4117_20250601_196_0_8,196_0,1,38.77362823486328,-9.1185302734375,11,IN_TRANSIT_TO,2025-06-01 10:47:36,12312,2608,66-VI-39,POINT (-9.1185302734375 38.77362823486328)
2731_742,5742_20250601_114_0_4,114_0,1,38.70473098754883,-9.188719749450684,15,IN_TRANSIT_TO,2025-06-01 10:47:46,13405,2731,AG-49-EI,POINT (-9.188719749450684 38.70473098754883)
2719_714,3636_20250601_102_0_5,102_0,0,38.70209884643555,-9.180930137634277,14,IN_TRANSIT_TO,2025-06-01 10:47:41,12108,2719,92-XQ-17,POINT (-9.180930137634277 38.70209884643555)
2631_725,4243_20250601_197_2_15,197_2,0,38.78450012207031,-9.124520301818848,12,IN_TRANSIT_TO,2025-06-01 10:47:49,16303,2631,52-VP-80,POINT (-9.124520301818848 38.78450012207031)
282_28E,48783_20250601_75_8_21,75_8,1,38.71659851074219,-9.136449813842773,10,IN_TRANSIT_TO,2025-06-01 10:47:49,804,282,AI-47-OJ,POINT (-9.136449813842773 38.71659851074219)
2419_768,7323_20250601_111_2_8,111_2,1,38.76097106933594,-9.196700096130371,18,IN_TRANSIT_TO,2025-06-01 10:47:32,13907,2419,92-AO-55,POINT (-9.196700096130371 38.76097106933594)
2310_742,5728_20250601_114_0_6,114_0,1,38.729549407958984,-9.158419609069824,32,IN_TRANSIT_TO,2025-06-01 10:47:37,6116,2310,83-07-ZM,POINT (-9.158419609069824 38.729549407958984)
253_58B,35054_20250601_227_0_10,227_0,0,38.75006866455078,-9.172080039978027,6,IN_TRANSIT_TO,2025-06-01 10:47:43,50651,253,AF-88-NU,POINT (-9.172080039978027 38.75006866455078)
2443_767,7200_20250601_112_0_6,112_0,1,38.76021957397461,-9.184479713439941,19,IN_TRANSIT_TO,2025-06-01 10:47:42,12823,2443,29-AX-05,POINT (-9.184479713439941 38.76021957397461)
2490_720,4060_20250601_143_0_2,143_0,1,38.73762893676758,-9.126420021057129,29,IN_TRANSIT_TO,2025-06-01 10:47:47,9006,2490,55-BH-01,POINT (-9.126420021057129 38.73762893676758)
6044_760,7077_20250601_171_0_2,171_0,1,38.712379455566406,-9.199819564819336,8,IN_TRANSIT_TO,2025-06-01 10:47:30,12910,6044,BG-87-LX,POINT (-9.199819564819336 38.712379455566406)
2994_774,7459_20250601_192_1_10,192_1,1,38.721099853515625,-9.160929679870605,10,IN_TRANSIT_TO,2025-06-01 10:47:44,8519,2994,29-VM-91,POINT (-9.160929679870605 38.721099853515625)
2404_747,6078_20250601_177_0_10,177_0,1,38.76042938232422,-9.17020034790039,14,IN_TRANSIT_TO,2025-06-01 10:47:40,50010,2404,50-AL-11,POINT (-9.17020034790039 38.76042938232422)
1708_794,8066_20250601_115_0_9,115_0,1,38.719818115234375,-9.116029739379883,34,IN_TRANSIT_TO,2025-06-01 10:47:52,9812,1708,69-AL-71,POINT (-9.116029739379883 38.719818115234375)
2822_753,20090_20250601_167_0_11,167_0,0,38.70293045043945,-9.179800033569336,7,IN_TRANSIT_TO,2025-06-01 10:47:40,8607,2822,BF-54-FZ,POINT (-9.179800033569336 38.70293045043945)
2286_724,4188_20250601_178_0_8,178_0,1,38.72304916381836,-9.18690013885498,21,IN_TRANSIT_TO,2025-06-01 10:47:49,8702,2286,67-42-ZJ,POINT (-9.18690013885498 38.72304916381836)
6013_760,7048_20250601_171_0_7,171_0,1,38.706268310546875,-9.14501953125,30,IN_TRANSIT_TO,2025-06-01 10:47:42,3803,6013,68-ZF-53,POINT (-9.14501953125 38.706268310546875)
1727_717,3774_20250601_170_0_6,170_0,0,38.77373123168945,-9.16154956817627,19,IN_TRANSIT_TO,2025-06-01 10:47:43,5903,1727,25-AS-39,POINT (-9.16154956817627 38.77373123168945)
2478_703,3137_20250601_165_0_9,165_0,0,38.78717041015625,-9.14210033416748,0,IN_TRANSIT_TO,2025-06-01 10:47:45,,2478,91-BE-80,POINT (-9.14210033416748 38.78717041015625)
2496_794,8076_20250601_115_0_6,115_0,1,38.75796890258789,-9.123000144958496,15,IN_TRANSIT_TO,2025-06-01 10:47:50,14701,2496,88-BL-70,POINT (-9.123000144958496 38.75796890258789)
2815_793,7977_20250601_145_0_9,145_0,1,38.747379302978516,-9.110469818115234,14,IN_TRANSIT_TO,2025-06-01 10:47:51,3710,2815,90-II-55,POINT (-9.110469818115234 38.747379302978516)
4647_750,6307_20250601_106_0_5,106_0,0,38.7452507019043,-9.203020095825195,28,IN_TRANSIT_TO,2025-06-01 10:47:29,8816,4647,02-JN-88,POINT (-9.203020095825195 38.7452507019043)
2969_702,3055_20250601_146_0_12,146_0,1,38.73244857788086,-9.172430038452148,2,IN_TRANSIT_TO,2025-06-01 10:47:43,2709,2969,30-VM-09,POINT (-9.172430038452148 38.73244857788086)
2971_774,7452_20250601_192_1_9,192_1,1,38.70853042602539,-9.14723014831543,32,IN_TRANSIT_TO,2025-06-01 10:47:21,9902,2971,29-VM-98,POINT (-9.14723014831543 38.70853042602539)
2803_793,7998_20250601_145_0_8,145_0,0,38.74007034301758,-9.110520362854004,9,IN_TRANSIT_TO,2025-06-01 10:47:21,50172,2803,01-IH-92,POINT (-9.110520362854004 38.74007034301758)
2968_770,19346_20250601_191_0_9,191_0,0,38.7406005859375,-9.186079978942871,9,IN_TRANSIT_TO,2025-06-01 10:47:24,10723,2968,30-VM-24,POINT (-9.186079978942871 38.7406005859375)
1748_717,3848_20250601_170_0_8,170_0,1,38.77737045288086,-9.146719932556152,13,IN_TRANSIT_TO,2025-06-01 10:47:31,11509,1748,92-HR-05,POINT (-9.146719932556152 38.77737045288086)
2459_729,4786_20250601_104_0_6,104_0,1,38.707481384277344,-9.199020385742188,13,IN_TRANSIT_TO,2025-06-01 10:47:40,50533,2459,74-BC-74,POINT (-9.199020385742188 38.707481384277344)
4640_796,8129_20250601_174_0_14,174_0,1,38.792301177978516,-9.153369903564453,3,IN_TRANSIT_TO,2025-06-01 10:47:34,50275,4640,02-JN-87,POINT (-9.153369903564453 38.792301177978516)
4625_736,5304_20250601_199_0_4,199_0,1,38.733619689941406,-9.145119667053223,23,IN_TRANSIT_TO,2025-06-01 10:47:35,1812,4625,90-JI-92,POINT (-9.145119667053223 38.733619689941406)
1750_717,3763_20250601_170_0_9,170_0,0,38.777801513671875,-9.147720336914062,29,IN_TRANSIT_TO,2025-06-01 10:47:52,11511,1750,92-HR-07,POINT (-9.147720336914062 38.777801513671875)
2816_783,7820_20250601_203_2_8,203_2,0,38.78017044067383,-9.120329856872559,24,IN_TRANSIT_TO,2025-06-01 10:47:22,12603,2816,90-II-56,POINT (-9.120329856872559 38.78017044067383)
2820_718,3991_20250401_105_0_15,105_0,0,38.756629943847656,-9.111780166625977,1,IN_TRANSIT_TO,2025-05-29 16:37:47,24383,2820,90-II-60,POINT (-9.111780166625977 38.756629943847656)
231_46B,35071_20250601_239_2_8,239_2,0,38.7559814453125,-9.148730278015137,18,IN_TRANSIT_TO,2025-06-01 10:47:49,11310,231,84-47-XQ,POINT (-9.148730278015137 38.7559814453125)
2777_738,5511_20250601_117_0_7,117_0,0,38.73440170288086,-9.145099639892578,17,IN_TRANSIT_TO,2025-06-01 10:47:41,1810,2777,AI-01-BT,POINT (-9.145099639892578 38.73440170288086)
1711_717,3785_20250601_170_0_9,170_0,0,38.757598876953125,-9.143150329589844,12,IN_TRANSIT_TO,2025-06-01 10:47:48,11306,1711,69-AL-74,POINT (-9.143150329589844 38.757598876953125)
1721_735,5219_20250601_172_0_8,172_0,1,38.719970703125,-9.117449760437012,28,IN_TRANSIT_TO,2025-06-01 10:47:52,2131,1721,25-AS-33,POINT (-9.117449760437012 38.719970703125)
1773_794,8057_20250601_115_0_9,115_0,0,38.72547912597656,-9.112369537353516,6,IN_TRANSIT_TO,2025-06-01 10:47:36,9822,1773,53-HX-06,POINT (-9.112369537353516 38.72547912597656)
2759_738,5543_20250601_117_0_2,117_0,0,38.70463180541992,-9.177969932556152,33,IN_TRANSIT_TO,2025-06-01 10:47:45,12102,2759,AH-21-ND,POINT (-9.177969932556152 38.70463180541992)
1705_701,2956_20250601_123_0_5,123_0,1,38.74787139892578,-9.151220321655273,25,IN_TRANSIT_TO,2025-06-01 10:47:42,2010,1705,69-AL-68,POINT (-9.151220321655273 38.74787139892578)
2784_727,4491_20250601_103_2_7,103_2,0,38.70331954956055,-9.202420234680176,34,IN_TRANSIT_TO,2025-06-01 10:47:36,13310,2784,AI-09-BT,POINT (-9.202420234680176 38.70331954956055)
1706_701,2953_20250601_123_0_10,123_0,0,38.756080627441406,-9.176469802856445,14,IN_TRANSIT_TO,2025-06-01 10:47:15,50143,1706,69-AL-69,POINT (-9.176469802856445 38.756080627441406)
2413_767,7244_20250601_112_0_5,112_0,0,38.74961853027344,-9.191300392150879,31,IN_TRANSIT_TO,2025-06-01 10:47:53,10804,2413,92-AO-50,POINT (-9.191300392150879 38.74961853027344)
403_10B,35060_20250601_242_0_10,242_0,0,38.715030670166016,-9.126230239868164,11,IN_TRANSIT_TO,2025-06-01 10:47:44,2116,403,BF-84-TA,POINT (-9.126230239868164 38.715030670166016)
2454_703,20080_20250601_165_0_6,165_0,1,38.74987030029297,-9.191180229187012,8,IN_TRANSIT_TO,2025-06-01 10:47:49,10807,2454,16-AZ-18,POINT (-9.191180229187012 38.74987030029297)
1780_720,4041_20250601_143_0_11,143_0,0,38.73780059814453,-9.141679763793945,9,IN_TRANSIT_TO,2025-06-01 10:47:50,11109,1780,63-HX-18,POINT (-9.141679763793945 38.73780059814453)
1754_717,3876_20250601_170_0_3,170_0,0,38.78202819824219,-9.141619682312012,30,IN_TRANSIT_TO,2025-06-01 10:47:44,6016,1754,34-HU-20,POINT (-9.141619682312012 38.78202819824219)
2239_758,6789_20250601_150_0_9,150_0,0,38.75294876098633,-9.208499908447266,30,IN_TRANSIT_TO,2025-06-01 10:47:42,10902,2239,06-30-XX,POINT (-9.208499908447266 38.75294876098633)
2771_727,4447_20250601_103_2_5,103_2,0,38.709049224853516,-9.15310001373291,16,IN_TRANSIT_TO,2025-06-01 10:47:48,7104,2771,AH-20-ND,POINT (-9.15310001373291 38.709049224853516)
2412_747,6094_20250601_177_0_9,177_0,0,38.7612190246582,-9.197050094604492,21,IN_TRANSIT_TO,2025-06-01 10:47:48,13907,2412,92-AO-48,POINT (-9.197050094604492 38.7612190246582)
2469_703,3111_20250601_165_0_9,165_0,0,38.75244903564453,-9.188980102539062,33,IN_TRANSIT_TO,2025-06-01 10:47:27,10808,2469,16-AZ-09,POINT (-9.188980102539062 38.75244903564453)
1772_735,5234_20250601_172_0_6,172_0,1,38.754249572753906,-9.153079986572266,3,IN_TRANSIT_TO,2025-06-01 10:47:27,5702,1772,63-HX-22,POINT (-9.153079986572266 38.754249572753906)
1760_735,5184_20250601_172_0_7,172_0,0,38.755950927734375,-9.145429611206055,28,IN_TRANSIT_TO,2025-06-01 10:47:32,103,1760,34-HU-26,POINT (-9.145429611206055 38.755950927734375)
1758_717,3818_20250601_170_0_6,170_0,1,38.742469787597656,-9.133520126342773,37,IN_TRANSIT_TO,2025-06-01 10:47:25,308,1758,34-HU-24,POINT (-9.133520126342773 38.742469787597656)
2497_720,4063_20250601_143_0_10,143_0,1,38.73522186279297,-9.140850067138672,22,IN_TRANSIT_TO,2025-06-01 10:47:49,11102,2497,88-BL-71,POINT (-9.140850067138672 38.73522186279297)
2775_727,4450_20250601_103_2_6,103_2,1,38.73482131958008,-9.145079612731934,40,IN_TRANSIT_TO,2025-06-01 10:47:38,1801,2775,AH-31-ND,POINT (-9.145079612731934 38.73482131958008)
2336_742,5703_20250601_114_0_6,114_0,0,38.737918853759766,-9.140870094299316,21,IN_TRANSIT_TO,2025-06-01 10:47:38,11107,2336,53-63-ZJ,POINT (-9.140870094299316 38.737918853759766)
2285_731,4998_20250601_190_0_8,190_0,1,38.741249084472656,-9.159429550170898,28,IN_TRANSIT_TO,2025-06-01 10:47:21,3302,2285,67-55-ZJ,POINT (-9.159429550170898 38.741249084472656)
2449_729,4808_20250601_104_0_4,104_0,0,38.749420166015625,-9.19237995147705,11,IN_TRANSIT_TO,2025-06-01 10:47:41,10804,2449,44-BC-35,POINT (-9.19237995147705 38.749420166015625)
2967_737,5491_20250601_173_0_10,173_0,0,38.71397018432617,-9.137920379638672,0,IN_TRANSIT_TO,2025-06-01 10:47:26,,2967,30-VM-05,POINT (-9.137920379638672 38.71397018432617)
1719_720,4082_20250601_143_0_7,143_0,1,38.70429992675781,-9.178500175476074,18,IN_TRANSIT_TO,2025-06-01 10:47:29,6601,1719,25-AS-31,POINT (-9.178500175476074 38.70429992675781)
2809_755,17790_20250601_118_0_4,118_0,0,38.744869232177734,-9.168580055236816,41,IN_TRANSIT_TO,2025-06-01 10:47:33,12702,2809,01-IH-98,POINT (-9.168580055236816 38.744869232177734)
2437_760,7080_20250401_171_0_12,171_0,1,38.70576858520508,-9.1845703125,21,IN_TRANSIT_TO,2025-05-31 21:14:28,12011,2437,29-AX-09,POINT (-9.1845703125 38.70576858520508)
2423_726,4268_20250601_116_0_7,116_0,0,38.76002883911133,-9.191679954528809,26,IN_TRANSIT_TO,2025-06-01 10:47:33,12814,2423,29-AU-18,POINT (-9.191679954528809 38.76002883911133)
2420_726,4271_20250601_116_0_9,116_0,0,38.729820251464844,-9.1345796585083,2,IN_TRANSIT_TO,2025-06-01 10:47:42,506,2420,29-AU-15,POINT (-9.1345796585083 38.729820251464844)
1766_717,3829_20250601_170_0_8,170_0,1,38.762420654296875,-9.157179832458496,24,IN_TRANSIT_TO,2025-06-01 10:47:47,5814,1766,63-HX-33,POINT (-9.157179832458496 38.762420654296875)
1715_717,3840_20250601_170_0_6,170_0,1,38.77437973022461,-9.152130126953125,17,IN_TRANSIT_TO,2025-06-01 10:47:28,11505,1715,69-AL-78,POINT (-9.152130126953125 38.77437973022461)
2271_731,5009_20250601_190_0_6,190_0,1,38.77573013305664,-9.110799789428711,10,IN_TRANSIT_TO,2025-06-01 10:47:36,7810,2271,92-54-ZM,POINT (-9.110799789428711 38.77573013305664)
1763_717,3807_20250601_170_0_4,170_0,1,38.7376708984375,-9.133749961853027,38,IN_TRANSIT_TO,2025-06-01 10:47:34,404,1763,63-HX-25,POINT (-9.133749961853027 38.7376708984375)
4603_750,6267_20250601_106_0_8,106_0,1,38.7495002746582,-9.188429832458496,18,IN_TRANSIT_TO,2025-06-01 10:46:57,10805,4603,96-GL-81,POINT (-9.188429832458496 38.7495002746582)
1761_794,8034_20250601_115_0_8,115_0,1,38.768070220947266,-9.099869728088379,0,IN_TRANSIT_TO,2025-06-01 10:47:29,,1761,63-HX-19,POINT (-9.099869728088379 38.768070220947266)
601_15E,11291_20250601_76_0_8,76_0,0,38.71310043334961,-9.137800216674805,16,IN_TRANSIT_TO,2025-06-01 10:47:51,4112,601,,POINT (-9.137800216674805 38.71310043334961)
2297_724,4209_20250601_178_0_9,178_0,0,38.762969970703125,-9.19713020324707,27,IN_TRANSIT_TO,2025-06-01 10:47:35,13912,2297,83-06-ZM,POINT (-9.19713020324707 38.762969970703125)
2403_726,4290_20250601_116_0_8,116_0,1,38.73522186279297,-9.142979621887207,25,IN_TRANSIT_TO,2025-06-01 10:47:30,1806,2403,50-AL-12,POINT (-9.142979621887207 38.73522186279297)
1707_794,8042_20250601_115_0_9,115_0,0,38.751651763916016,-9.113849639892578,27,IN_TRANSIT_TO,2025-06-01 10:47:32,24378,1707,69-AL-70,POINT (-9.113849639892578 38.751651763916016)
2426_726,4312_20250601_116_0_5,116_0,0,38.76171875,-9.19657039642334,28,IN_TRANSIT_TO,2025-06-01 10:47:39,13912,2426,29-AU-21,POINT (-9.19657039642334 38.76171875)
2401_767,7188_20250601_112_0_6,112_0,1,38.72782897949219,-9.140620231628418,41,IN_TRANSIT_TO,2025-06-01 10:47:43,6903,2401,50-AL-14,POINT (-9.140620231628418 38.72782897949219)
2309_742,5725_20250601_114_0_6,114_0,1,38.72475051879883,-9.113349914550781,51,IN_TRANSIT_TO,2025-06-01 10:47:46,9807,2309,83-15-ZM,POINT (-9.113349914550781 38.72475051879883)
2837_753,20092_20250601_167_0_10,167_0,1,38.724830627441406,-9.156550407409668,4,IN_TRANSIT_TO,2025-06-01 10:47:52,8502,2837,BF-66-FZ,POINT (-9.156550407409668 38.724830627441406)
228_773,7386_20250601_124_0_17,124_0,0,38.716400146484375,-9.147850036621094,4,IN_TRANSIT_TO,2025-06-01 10:47:47,10608,228,84-39-XQ,POINT (-9.147850036621094 38.716400146484375)
2474_726,4293_20250601_116_0_8,116_0,1,38.756649017333984,-9.177780151367188,10,IN_TRANSIT_TO,2025-06-01 10:47:50,13605,2474,74-BC-67,POINT (-9.177780151367188 38.756649017333984)
2942_29B,17526_20250601_209_0_9,209_0,0,38.77421951293945,-9.111120223999023,13,IN_TRANSIT_TO,2025-06-01 10:47:20,7801,2942,51-GL-82,POINT (-9.111120223999023 38.77421951293945)
2283_724,4208_20250601_178_0_10,178_0,1,38.75590133666992,-9.199899673461914,5,IN_TRANSIT_TO,2025-06-01 10:47:52,13703,2283,67-39-ZJ,POINT (-9.199899673461914 38.75590133666992)
204_17B,35085_20250601_247_0_7,247_0,0,38.72637176513672,-9.134920120239258,18,IN_TRANSIT_TO,2025-06-01 10:47:46,603,204,89-71-XD,POINT (-9.134920120239258 38.72637176513672)
1720_720,19454_20250601_143_0_2,143_0,0,38.719970703125,-9.15530014038086,17,IN_TRANSIT_TO,2025-06-01 10:47:27,6804,1720,25-AS-32,POINT (-9.15530014038086 38.719970703125)
2406_767,7253_20250601_112_0_7,112_0,0,38.76044845581055,-9.155529975891113,18,IN_TRANSIT_TO,2025-06-01 10:47:34,5805,2406,50-AL-09,POINT (-9.155529975891113 38.76044845581055)
2941_26B,17512_20250601_208_2_11,208_2,0,38.76927947998047,-9.097820281982422,11,IN_TRANSIT_TO,2025-06-01 10:47:46,7822,2941,51-GL-81,POINT (-9.097820281982422 38.76927947998047)
2788_723,4142_20250601_121_0_10,121_0,1,38.71577072143555,-9.214719772338867,10,IN_TRANSIT_TO,2025-06-01 10:47:07,12402,2788,AI-51-TL,POINT (-9.214719772338867 38.71577072143555)
2434_729,4761_20250601_104_0_8,104_0,0,38.76128005981445,-9.196629524230957,7,IN_TRANSIT_TO,2025-06-01 10:47:29,13911,2434,29-AU-24,POINT (-9.196629524230957 38.76128005981445)
223_773,7395_20250601_124_0_8,124_0,1,38.71244812011719,-9.155770301818848,18,IN_TRANSIT_TO,2025-06-01 10:47:40,6708,223,84-38-XQ,POINT (-9.155770301818848 38.71244812011719)
2291_731,4991_20250601_190_0_9,190_0,0,38.750179290771484,-9.15820026397705,12,IN_TRANSIT_TO,2025-06-01 10:47:30,13505,2291,92-56-ZM,POINT (-9.15820026397705 38.750179290771484)
2773_712,3537_20250601_189_2_14,189_2,1,38.718719482421875,-9.1183500289917,23,IN_TRANSIT_TO,2025-06-01 10:47:45,2131,2773,AH-39-ND,POINT (-9.1183500289917 38.718719482421875)
2438_729,4783_20250601_104_0_6,104_0,1,38.74879837036133,-9.200900077819824,26,IN_TRANSIT_TO,2025-06-01 10:47:38,2808,2438,44-BC-29,POINT (-9.200900077819824 38.74879837036133)
2825_751,6463_20250601_109_0_6,109_0,1,38.703800201416016,-9.22716999053955,8,IN_TRANSIT_TO,2025-06-01 10:47:44,18403,2825,BF-53-FZ,POINT (-9.22716999053955 38.703800201416016)
2843_751,6441_20250601_109_0_12,109_0,1,38.720130920410156,-9.175230026245117,28,IN_TRANSIT_TO,2025-06-01 10:47:37,11903,2843,BF-63-FZ,POINT (-9.175230026245117 38.720130920410156)
2770_714,3633_20250601_102_0_7,102_0,0,38.704200744628906,-9.20753002166748,22,IN_TRANSIT_TO,2025-06-01 10:47:43,9606,2770,AH-30-ND,POINT (-9.20753002166748 38.704200744628906)
203_41B,19377_20250601_232_0_14,232_0,0,38.77473068237305,-9.147820472717285,10,IN_TRANSIT_TO,2025-06-01 10:47:22,50446,203,89-59-XD,POINT (-9.147820472717285 38.77473068237305)
212_13B,35073_20250601_243_0_10,243_0,0,38.71820068359375,-9.130979537963867,7,IN_TRANSIT_TO,2025-06-01 10:47:30,802,212,44-11-XL,POINT (-9.130979537963867 38.71820068359375)
409_22B,35065_20250601_236_0_12,236_0,0,38.70695114135742,-9.144149780273438,15,IN_TRANSIT_TO,2025-06-01 10:47:24,50460,409,BF-73-TQ,POINT (-9.144149780273438 38.70695114135742)
410_19B,35051_20250601_245_0_5,245_0,0,38.724369049072266,-9.143630027770996,2,IN_TRANSIT_TO,2025-06-01 10:47:05,9205,410,BF-21-VF,POINT (-9.143630027770996 38.724369049072266)
2781_754,6596_20250601_201_2_8,201_2,1,38.73387145996094,-9.21802043914795,7,IN_TRANSIT_TO,2025-06-01 10:47:50,18101,2781,AI-00-BT,POINT (-9.21802043914795 38.73387145996094)
411_28E,48784_20250601_75_8_19,75_8,1,38.72549819946289,-9.130579948425293,4,IN_TRANSIT_TO,2025-06-01 10:47:26,9107,411,BF-51-TD,POINT (-9.130579948425293 38.72549819946289)
2218_742,5681_20250601_114_0_5,114_0,1,38.735130310058594,-9.144829750061035,37,IN_TRANSIT_TO,2025-06-01 09:26:23,1806,2218,07-98-XS,POINT (-9.144829750061035 38.735130310058594)
6002_767,7208_20250601_112_0_4,112_0,1,38.75606918334961,-9.185569763183594,17,IN_TRANSIT_TO,2025-06-01 10:47:40,10813,6002,98-XU-85,POINT (-9.185569763183594 38.75606918334961)
2712_776,7478_20250601_193_2_25,193_2,1,38.70151901245117,-9.251199722290039,2,IN_TRANSIT_TO,2025-06-01 10:47:07,4307,2712,92-XQ-33,POINT (-9.251199722290039 38.70151901245117)
563_28E,15000_20250601_75_0_6,75_0,0,38.71012878417969,-9.13428020477295,9,IN_TRANSIT_TO,2025-06-01 10:47:27,13802,563,,POINT (-9.13428020477295 38.71012878417969)
561_28E,14897_20250601_75_0_5,75_0,1,38.71725082397461,-9.129779815673828,34,IN_TRANSIT_TO,2025-06-01 10:47:37,13802,561,,POINT (-9.129779815673828 38.71725082397461)
412_73B,35084_20250601_220_0_7,220_0,0,38.707618713378906,-9.176529884338379,19,IN_TRANSIT_TO,2025-06-01 10:47:30,50387,412,BF-65-TC,POINT (-9.176529884338379 38.707618713378906)
566_28E,14974_20250601_75_0_6,75_0,0,38.714298248291016,-9.169469833374023,28,IN_TRANSIT_TO,2025-06-01 10:47:34,8017,566,,POINT (-9.169469833374023 38.714298248291016)
567_24E,17834_20250601_213_0_5,213_0,1,38.72187042236328,-9.156829833984375,3,IN_TRANSIT_TO,2025-06-01 10:47:24,8516,567,,POINT (-9.156829833984375 38.72187042236328)
2222_742,5684_20250601_114_0_5,114_0,0,38.7288703918457,-9.159420013427734,28,IN_TRANSIT_TO,2025-06-01 10:47:39,6115,2222,08-17-XS,POINT (-9.159420013427734 38.7288703918457)
562_28E,14948_20250601_75_0_5,75_0,1,38.71269989013672,-9.157170295715332,7,IN_TRANSIT_TO,2025-06-01 10:47:32,50671,562,,POINT (-9.157170295715332 38.71269989013672)
565_28E,15040_20250601_75_0_5,75_0,1,38.71269989013672,-9.137700080871582,36,IN_TRANSIT_TO,2025-06-01 10:47:48,50621,565,,POINT (-9.137700080871582 38.71269989013672)
2238_758,6811_20250601_150_0_5,150_0,0,38.713531494140625,-9.143670082092285,4,IN_TRANSIT_TO,2025-06-01 10:47:26,10503,2238,06-29-XX,POINT (-9.143670082092285 38.713531494140625)
6004_706,3204_20250601_147_0_7,147_0,0,38.71538162231445,-9.12073040008545,30,IN_TRANSIT_TO,2025-06-01 10:47:23,2128,6004,82-ZC-35,POINT (-9.12073040008545 38.71538162231445)
2234_768,7325_20250601_111_2_9,111_2,0,38.76918029785156,-9.195320129394531,22,IN_TRANSIT_TO,2025-06-01 10:47:37,14110,2234,06-26-XX,POINT (-9.195320129394531 38.76918029785156)
6027_778,18987_20250601_179_0_11,179_0,0,38.76607131958008,-9.182669639587402,19,IN_TRANSIT_TO,2025-06-01 10:47:29,12810,6027,BF-66-BA,POINT (-9.182669639587402 38.76607131958008)
2241_758,6772_20250601_150_0_10,150_0,1,38.7411003112793,-9.168499946594238,13,IN_TRANSIT_TO,2025-06-01 10:47:30,1615,2241,22-37-ZB,POINT (-9.168499946594238 38.7411003112793)
2262_750,38368_20250401_106_4_2,106_4,1,38.739280700683594,-9.201720237731934,9,IN_TRANSIT_TO,2025-05-30 06:47:57,8807,2262,80-48-ZE,POINT (-9.201720237731934 38.739280700683594)
303_744,5828_20250601_200_0_5,200_0,0,38.750701904296875,-9.137319564819336,11,IN_TRANSIT_TO,2025-06-01 10:47:48,11205,303,22-SP-90,POINT (-9.137319564819336 38.750701904296875)
