id,trip_id,route_id,direction_id,latitude,longitude,current_stop_sequence,current_status,timestamp,stop_id,vehicle_id,license_plate,geometry
4645_750,6281_20250801_106_0_5,106_0,1,38.70412826538086,-9.226849555969238,3,IN_TRANSIT_TO,2025-08-25 07:47:45,4224,4645,98-JO-46,POINT (-9.226849555969238 38.70412826538086)
4648_750,6357_20250801_106_0_5,106_0,0,38.76102066040039,-9.120149612426758,8,IN_TRANSIT_TO,2025-08-25 07:47:50,8408,4648,98-JO-47,POINT (-9.120149612426758 38.76102066040039)
2302_742,5677_20250801_114_0_3,114_0,0,38.731319427490234,-9.110480308532715,3,IN_TRANSIT_TO,2025-08-25 07:47:45,17568,2302,83-08-ZM,POINT (-9.110480308532715 38.731319427490234)
2253_765,7175_20250801_110_0_11,110_0,0,38.752830505371094,-9.20971965789795,10,IN_TRANSIT_TO,2025-08-25 07:47:47,11006,2253,80-52-ZE,POINT (-9.20971965789795 38.752830505371094)
4607_750,6303_20250801_106_0_4,106_0,0,38.73360061645508,-9.207599639892578,31,IN_TRANSIT_TO,2025-08-25 07:47:42,8804,4607,96-GL-84,POINT (-9.207599639892578 38.73360061645508)
2315_742,5767_20250801_114_0_3,114_0,0,38.72003173828125,-9.169670104980469,32,IN_TRANSIT_TO,2025-08-25 07:48:03,8010,2315,61-88-ZB,POINT (-9.169670104980469 38.72003173828125)
2440_729,4789_20250801_104_0_2,104_0,1,38.74906921386719,-9.191149711608887,30,IN_TRANSIT_TO,2025-08-25 07:48:07,10807,2440,29-AX-08,POINT (-9.191149711608887 38.74906921386719)
2448_767,7298_20250801_112_0_2,112_0,1,38.73857116699219,-9.138529777526855,37,IN_TRANSIT_TO,2025-08-25 07:47:59,6408,2448,44-BC-34,POINT (-9.138529777526855 38.73857116699219)
6010_706,3230_20250801_147_0_6,147_0,0,38.706298828125,-9.145050048828125,2,IN_TRANSIT_TO,2025-08-25 07:47:59,50339,6010,81-ZC-09,POINT (-9.145050048828125 38.706298828125)
603_15E,11295_20250801_76_0_6,76_0,1,38.698020935058594,-9.190549850463867,10,IN_TRANSIT_TO,2025-08-25 07:47:45,9507,603,,POINT (-9.190549850463867 38.698020935058594)
2250_731,19403_20240727_190_0_8,190_0,1,38.78303146362305,-9.114009857177734,3,IN_TRANSIT_TO,2024-08-10 10:41:27,12610,2250,80-41-ZE,POINT (-9.114009857177734 38.78303146362305)
6021_760,7046_20250801_171_0_4,171_0,1,38.71220016479492,-9.198670387268066,9,IN_TRANSIT_TO,2025-08-25 07:47:58,12923,6021,BD-91-QG,POINT (-9.198670387268066 38.71220016479492)
2328_793,8009_20250801_145_0_6,145_0,0,38.74822998046875,-9.118680000305176,21,IN_TRANSIT_TO,2025-08-25 07:47:42,3605,2328,62-96-ZG,POINT (-9.118680000305176 38.74822998046875)
612_15E,11215_20250801_76_0_5,76_0,0,38.698421478271484,-9.188429832458496,13,IN_TRANSIT_TO,2025-08-25 07:47:54,9506,612,,POINT (-9.188429832458496 38.698421478271484)
2256_758,6865_20250801_150_0_6,150_0,1,38.739219665527344,-9.168230056762695,15,IN_TRANSIT_TO,2025-08-25 07:47:23,1610,2256,80-53-ZE,POINT (-9.168230056762695 38.739219665527344)
2494_735,5195_20250801_172_1_3,172_1,1,38.705318450927734,-9.143269538879395,22,IN_TRANSIT_TO,2025-08-25 07:48:09,3820,2494,88-BL-68,POINT (-9.143269538879395 38.705318450927734)
2830_753,6558_20250801_167_0_3,167_0,0,38.69261932373047,-9.177849769592285,7,IN_TRANSIT_TO,2025-08-25 07:47:48,8607,2830,BF-57-FZ,POINT (-9.177849769592285 38.69261932373047)
2346_771,21934_20250801_248_0_5,248_0,1,38.726219177246094,-9.160980224609375,18,IN_TRANSIT_TO,2025-08-25 07:47:49,8509,2346,62-93-ZG,POINT (-9.160980224609375 38.726219177246094)
4617_750,6270_20250801_106_0_4,106_0,1,38.74480056762695,-9.198019981384277,13,IN_TRANSIT_TO,2025-08-25 07:47:46,2812,4617,22-GP-51,POINT (-9.198019981384277 38.74480056762695)
2951_797,8176_20250801_163_0_6,163_0,1,38.721771240234375,-9.128780364990234,0,IN_TRANSIT_TO,2025-08-25 07:47:54,,2951,62-GQ-53,POINT (-9.128780364990234 38.721771240234375)
2954_774,7434_20250801_192_0_9,192_0,0,38.720130920410156,-9.15548038482666,8,IN_TRANSIT_TO,2025-08-25 07:48:08,6823,2954,62-GQ-56,POINT (-9.15548038482666 38.720130920410156)
2624_782,7772_20250801_152_0_4,152_0,1,38.742279052734375,-9.100299835205078,14,IN_TRANSIT_TO,2025-08-25 07:48:02,50117,2624,72-VP-82,POINT (-9.100299835205078 38.742279052734375)
4816_751,6477_20250801_109_0_3,109_0,1,38.70232009887695,-9.217920303344727,13,IN_TRANSIT_TO,2025-08-25 07:48:06,9710,4816,34-VR-17,POINT (-9.217920303344727 38.70232009887695)
4614_748,20130_20250801_169_0_4,169_0,1,38.70735168457031,-9.222729682922363,6,IN_TRANSIT_TO,2025-08-25 07:47:49,14311,4614,96-GL-90,POINT (-9.222729682922363 38.70735168457031)
2943_26B,17522_20250801_208_0_4,208_0,1,38.754878997802734,-9.096529960632324,0,IN_TRANSIT_TO,2025-08-25 07:47:52,,2943,51-GL-83,POINT (-9.096529960632324 38.754878997802734)
4611_728,4671_20250801_204_0_4,204_0,0,38.78269958496094,-9.114029884338379,52,IN_TRANSIT_TO,2025-08-25 07:48:08,12610,4611,96-GL-88,POINT (-9.114029884338379 38.78269958496094)
2950_26B,17514_20250801_208_0_5,208_0,0,38.78607177734375,-9.096779823303223,3,IN_TRANSIT_TO,2025-08-25 07:48:04,50305,2950,62-GQ-51,POINT (-9.096779823303223 38.78607177734375)
2945_29B,17536_20250801_209_0_3,209_0,0,38.77935028076172,-9.120169639587402,19,IN_TRANSIT_TO,2025-08-25 07:47:43,12603,2945,75-GO-14,POINT (-9.120169639587402 38.77935028076172)
2949_31B,17542_20250801_210_0_4,210_0,0,38.75619888305664,-9.113579750061035,33,IN_TRANSIT_TO,2025-08-25 07:48:08,8427,2949,62-GQ-52,POINT (-9.113579750061035 38.75619888305664)
4626_783,7822_20250801_203_0_4,203_0,1,38.768951416015625,-9.127969741821289,12,IN_TRANSIT_TO,2025-08-25 07:47:47,7602,4626,90-JI-93,POINT (-9.127969741821289 38.768951416015625)
4646_748,6157_20250801_169_0_4,169_0,1,38.72359848022461,-9.163330078125,7,IN_TRANSIT_TO,2025-08-25 07:47:50,8608,4646,11-JM-79,POINT (-9.163330078125 38.72359848022461)
4650_728,4600_20250801_204_0_3,204_0,1,38.70841979980469,-9.133350372314453,32,IN_TRANSIT_TO,2025-08-25 07:47:43,4502,4650,11-JM-80,POINT (-9.133350372314453 38.70841979980469)
2973_737,5479_20250801_173_0_2,173_0,1,38.711299896240234,-9.13070011138916,3,IN_TRANSIT_TO,2025-08-25 07:48:05,13816,2973,30-VM-13,POINT (-9.13070011138916 38.711299896240234)
4627_796,8146_20250801_174_0_10,174_0,1,38.792198181152344,-9.153229713439941,2,IN_TRANSIT_TO,2025-08-25 07:47:47,11601,4627,11-JM-76,POINT (-9.153229713439941 38.792198181152344)
2688_714,3637_20250801_102_0_4,102_0,1,38.724151611328125,-9.227230072021484,0,IN_TRANSIT_TO,2025-08-25 07:47:45,,2688,93-XA-35,POINT (-9.227230072021484 38.724151611328125)
2692_714,3652_20250801_102_0_5,102_0,0,38.721248626708984,-9.221420288085938,36,IN_TRANSIT_TO,2025-08-25 07:48:08,18702,2692,90-XF-62,POINT (-9.221420288085938 38.721248626708984)
2691_738,5532_20250801_117_0_4,117_0,0,38.75387954711914,-9.152480125427246,11,IN_TRANSIT_TO,2025-08-25 07:48:08,5704,2691,90-XF-45,POINT (-9.152480125427246 38.75387954711914)
2690_713,3604_20250801_122_0_6,122_0,1,38.723121643066406,-9.158869743347168,24,IN_TRANSIT_TO,2025-08-25 07:48:09,6824,2690,99-XE-57,POINT (-9.158869743347168 38.723121643066406)
2694_754,6613_20250801_201_0_4,201_0,1,38.743831634521484,-9.176369667053223,26,IN_TRANSIT_TO,2025-08-25 07:48:01,10703,2694,90-XF-49,POINT (-9.176369667053223 38.743831634521484)
4836_736,5341_20250801_199_0_5,199_0,0,38.741451263427734,-9.146400451660156,8,IN_TRANSIT_TO,2025-08-25 07:47:55,1809,4836,34-VR-23,POINT (-9.146400451660156 38.741451263427734)
2684_746,5976_20250801_108_0_3,108_0,0,38.73883056640625,-9.164950370788574,8,IN_TRANSIT_TO,2025-08-25 07:47:45,1601,2684,99-XE-59,POINT (-9.164950370788574 38.73883056640625)
2682_723,4166_20250801_121_0_5,121_0,0,38.69588088989258,-9.218799591064453,29,IN_TRANSIT_TO,2025-08-25 07:47:53,13204,2682,93-XA-42,POINT (-9.218799591064453 38.69588088989258)
6047_732,5074_20250801_107_0_3,107_0,0,38.73223114013672,-9.14192008972168,8,IN_TRANSIT_TO,2025-08-25 07:47:52,1803,6047,BH-20-IP,POINT (-9.14192008972168 38.73223114013672)
4619_748,6146_20250801_169_0_5,169_0,0,38.72534942626953,-9.152070045471191,2,IN_TRANSIT_TO,2025-08-25 07:47:55,1209,4619,22-GP-53,POINT (-9.152070045471191 38.72534942626953)
4618_728,4631_20250801_204_0_3,204_0,1,38.773048400878906,-9.10515022277832,7,IN_TRANSIT_TO,2025-08-25 07:48:06,7811,4618,22-GP-52,POINT (-9.10515022277832 38.773048400878906)
2678_711,3503_20250801_101_0_3,101_0,1,38.72486877441406,-9.157299995422363,27,IN_TRANSIT_TO,2025-08-25 07:47:57,8502,2678,93-XA-39,POINT (-9.157299995422363 38.72486877441406)
2959_40B,17570_20250801_212_0_4,212_0,1,38.79330062866211,-9.152099609375,25,IN_TRANSIT_TO,2025-08-25 07:48:06,11608,2959,27-GU-74,POINT (-9.152099609375 38.79330062866211)
2958_40B,17562_20250801_212_0_4,212_0,0,38.77920150756836,-9.144949913024902,15,IN_TRANSIT_TO,2025-08-25 07:47:54,6013,2958,27-GU-73,POINT (-9.144949913024902 38.77920150756836)
4643_750,57123_20250801_106_4_4,106_4,1,38.70561981201172,-9.226699829101562,4,IN_TRANSIT_TO,2025-08-25 07:48:06,18404,4643,98-JO-45,POINT (-9.226699829101562 38.70561981201172)
2676_713,3619_20250801_122_0_5,122_0,0,38.71287155151367,-9.175299644470215,31,IN_TRANSIT_TO,2025-08-25 07:47:54,9411,2676,87-XB-40,POINT (-9.175299644470215 38.71287155151367)
2677_723,4146_20250801_121_0_4,121_0,1,38.717430114746094,-9.199629783630371,19,IN_TRANSIT_TO,2025-08-25 07:48:02,10315,2677,87-XB-41,POINT (-9.199629783630371 38.717430114746094)
2671_754,6599_20250801_201_0_3,201_0,0,38.74494934082031,-9.18982982635498,17,IN_TRANSIT_TO,2025-08-25 07:48:09,10822,2671,87-XB-43,POINT (-9.18982982635498 38.74494934082031)
2673_746,5992_20250801_108_0_6,108_0,1,38.747100830078125,-9.188570022583008,10,IN_TRANSIT_TO,2025-08-25 07:48:02,10821,2673,87-XB-37,POINT (-9.188570022583008 38.747100830078125)
2679_712,3553_20250801_189_0_6,189_0,0,38.72629928588867,-9.134469985961914,11,IN_TRANSIT_TO,2025-08-25 07:47:03,603,2679,93-XA-34,POINT (-9.134469985961914 38.72629928588867)
2672_723,4174_20250801_121_0_5,121_0,0,38.72467041015625,-9.15958023071289,8,IN_TRANSIT_TO,2025-08-25 07:47:43,1223,2672,87-XB-44,POINT (-9.15958023071289 38.72467041015625)
2670_764,7133_20250801_168_0_6,168_0,1,38.74692153930664,-9.222519874572754,2,IN_TRANSIT_TO,2025-08-25 07:47:46,3006,2670,87-XB-32,POINT (-9.222519874572754 38.74692153930664)
2674_713,3575_20250801_122_0_5,122_0,0,38.72312927246094,-9.16012954711914,11,IN_TRANSIT_TO,2025-08-25 07:47:43,8512,2674,87-XB-38,POINT (-9.16012954711914 38.72312927246094)
2675_711,3487_20250801_101_0_5,101_0,0,38.71596908569336,-9.141570091247559,5,IN_TRANSIT_TO,2025-08-25 07:47:41,1003,2675,87-XB-35,POINT (-9.141570091247559 38.71596908569336)
2964_45B,49566_20250801_277_0_4,277_0,1,38.76142120361328,-9.166769981384277,11,IN_TRANSIT_TO,2025-08-25 07:47:53,50006,2964,30-VM-19,POINT (-9.166769981384277 38.76142120361328)
2962_79B,18673_20250801_221_0_3,221_0,0,38.71213150024414,-9.214500427246094,23,IN_TRANSIT_TO,2025-08-25 07:47:54,12415,2962,30-VM-07,POINT (-9.214500427246094 38.71213150024414)
604_15E,11205_20250801_76_0_5,76_0,0,38.69636917114258,-9.22029972076416,20,IN_TRANSIT_TO,2025-08-25 07:48:04,13204,604,,POINT (-9.22029972076416 38.69636917114258)
4819_751,6458_20250801_109_4_6,109_4,0,38.69755172729492,-9.195850372314453,14,IN_TRANSIT_TO,2025-08-25 07:47:41,4114,4819,34-VR-16,POINT (-9.195850372314453 38.69755172729492)
547_24E,17846_20250801_213_0_7,213_0,1,38.7203483581543,-9.155529975891113,4,IN_TRANSIT_TO,2025-08-25 07:48:05,6823,547,,POINT (-9.155529975891113 38.7203483581543)
6014_732,5083_20250801_107_0_3,107_0,1,38.748348236083984,-9.14894962310791,42,IN_TRANSIT_TO,2025-08-25 07:47:46,2001,6014,67-ZF-30,POINT (-9.14894962310791 38.748348236083984)
6049_732,5090_20250801_107_0_1,107_0,1,38.708370208740234,-9.136099815368652,29,IN_TRANSIT_TO,2025-08-25 07:47:44,3824,6049,BH-47-IR,POINT (-9.136099815368652 38.708370208740234)
2347_724,4226_20250801_178_0_8,178_0,1,38.75408172607422,-9.19594955444336,7,IN_TRANSIT_TO,2025-08-25 07:47:13,10909,2347,53-61-ZJ,POINT (-9.19594955444336 38.75408172607422)
2441_767,7282_20250801_112_0_3,112_0,0,38.75416946411133,-9.14441967010498,14,IN_TRANSIT_TO,2025-08-25 07:47:48,101,2441,29-AX-07,POINT (-9.14441967010498 38.75416946411133)
2741_701,2950_20250801_123_0_8,123_0,0,38.75212097167969,-9.167530059814453,11,IN_TRANSIT_TO,2025-08-25 07:47:55,13619,2741,AG-99-TG,POINT (-9.167530059814453 38.75212097167969)
2658_727,4546_20250801_103_0_4,103_0,1,38.697471618652344,-9.197349548339844,41,IN_TRANSIT_TO,2025-08-25 07:47:51,1805,2658,05-VZ-71,POINT (-9.197349548339844 38.697471618652344)
2414_747,6115_20250801_177_0_6,177_0,1,38.771820068359375,-9.189929962158203,5,IN_TRANSIT_TO,2025-08-25 07:48:01,14104,2414,92-AO-51,POINT (-9.189929962158203 38.771820068359375)
2844_728,4697_20250801_204_0_2,204_0,0,38.728431701660156,-9.107649803161621,28,IN_TRANSIT_TO,2025-08-25 07:47:50,8309,2844,BF-73-FZ,POINT (-9.107649803161621 38.728431701660156)
2288_768,7334_20250801_111_0_6,111_0,0,38.76982116699219,-9.190970420837402,24,IN_TRANSIT_TO,2025-08-25 07:48:01,50512,2288,92-59-ZM,POINT (-9.190970420837402 38.76982116699219)
2295_731,5024_20250801_190_0_5,190_0,0,38.74113082885742,-9.167880058288574,2,IN_TRANSIT_TO,2025-08-25 07:47:52,1621,2295,92-53-ZM,POINT (-9.167880058288574 38.74113082885742)
2763_727,4443_20250801_103_0_3,103_0,0,38.704750061035156,-9.169520378112793,26,IN_TRANSIT_TO,2025-08-25 07:48:08,10210,2763,AH-23-ND,POINT (-9.169520378112793 38.704750061035156)
2417_767,7246_20250801_112_0_4,112_0,1,38.7494010925293,-9.219550132751465,2,IN_TRANSIT_TO,2025-08-25 07:48:06,50336,2417,50-AL-06,POINT (-9.219550132751465 38.7494010925293)
2755_750,39037_20250801_106_4_5,106_4,0,38.74517059326172,-9.20199966430664,1,IN_TRANSIT_TO,2025-08-25 07:47:58,2806,2755,AG-95-TG,POINT (-9.20199966430664 38.74517059326172)
608_15E,11231_20250801_76_0_5,76_0,0,38.70637130737305,-9.149020195007324,4,IN_TRANSIT_TO,2025-08-25 07:48:05,3802,608,,POINT (-9.149020195007324 38.70637130737305)
2979_774,7441_20250801_192_0_8,192_0,1,38.71474838256836,-9.17002010345459,15,IN_TRANSIT_TO,2025-08-25 07:47:42,8013,2979,30-VM-17,POINT (-9.17002010345459 38.71474838256836)
610_15E,11315_20250801_76_0_6,76_0,1,38.6993293762207,-9.231220245361328,0,IN_TRANSIT_TO,2025-08-25 07:47:50,,610,,POINT (-9.231220245361328 38.6993293762207)
2257_778,7536_20250801_179_0_4,179_0,1,38.76887893676758,-9.176400184631348,8,IN_TRANSIT_TO,2025-08-25 07:47:58,5937,2257,80-50-ZE,POINT (-9.176400184631348 38.76887893676758)
2281_724,4192_20250801_178_0_8,178_0,1,38.76342010498047,-9.198320388793945,1,IN_TRANSIT_TO,2025-08-25 07:48:04,13908,2281,67-56-ZJ,POINT (-9.198320388793945 38.76342010498047)
2841_751,6455_20250801_109_0_8,109_0,1,38.70634841918945,-9.176300048828125,25,IN_TRANSIT_TO,2025-08-25 07:48:00,12105,2841,BF-55-FZ,POINT (-9.176300048828125 38.70634841918945)
4832_736,5401_20250801_199_0_6,199_0,1,38.74637985229492,-9.148099899291992,19,IN_TRANSIT_TO,2025-08-25 07:47:52,2002,4832,68-VQ-51,POINT (-9.148099899291992 38.74637985229492)
281_734,5135_20250801_205_0_4,205_0,1,38.714969635009766,-9.136520385742188,15,IN_TRANSIT_TO,2025-08-25 07:48:08,805,281,AI-48-OJ,POINT (-9.136520385742188 38.714969635009766)
2629_759,6958_20250801_144_0_4,144_0,1,38.77299880981445,-9.110480308532715,6,IN_TRANSIT_TO,2025-08-25 07:47:45,7801,2629,52-VP-81,POINT (-9.110480308532715 38.77299880981445)
271_61B,21524_20250801_241_0_5,241_0,1,38.725948333740234,-9.168720245361328,15,IN_TRANSIT_TO,2025-08-25 07:48:01,50506,271,AH-27-IN,POINT (-9.168720245361328 38.725948333740234)
306_744,5836_20250801_200_0_4,200_0,1,38.76918029785156,-9.128000259399414,14,IN_TRANSIT_TO,2025-08-25 07:48:10,50592,306,73-ST-81,POINT (-9.128000259399414 38.76918029785156)
305_744,5835_20250801_200_0_2,200_0,1,38.74502182006836,-9.147629737854004,24,IN_TRANSIT_TO,2025-08-25 07:48:05,2019,305,73-ST-80,POINT (-9.147629737854004 38.74502182006836)
307_744,5811_20250801_200_0_5,200_0,0,38.735721588134766,-9.145279884338379,6,IN_TRANSIT_TO,2025-08-25 07:47:45,1807,307,73-ST-82,POINT (-9.145279884338379 38.735721588134766)
4601_753,6542_20250801_167_0_8,167_0,1,38.69717025756836,-9.178680419921875,2,IN_TRANSIT_TO,2025-08-25 07:47:49,14602,4601,96-GL-79,POINT (-9.178680419921875 38.69717025756836)
6035_760,7023_20250801_171_0_6,171_0,1,38.706050872802734,-9.182250022888184,22,IN_TRANSIT_TO,2025-08-25 07:47:54,12013,6035,BG-76-LX,POINT (-9.182250022888184 38.706050872802734)
2259_758,6856_20250801_150_0_4,150_0,1,38.72257995605469,-9.161299705505371,23,IN_TRANSIT_TO,2025-08-25 07:47:50,8512,2259,67-44-ZJ,POINT (-9.161299705505371 38.72257995605469)
2270_724,4203_20250801_178_0_3,178_0,0,38.744781494140625,-9.194829940795898,15,IN_TRANSIT_TO,2025-08-25 07:47:41,2809,2270,76-82-ZG,POINT (-9.194829940795898 38.744781494140625)
2430_716,3745_20250801_164_0_7,164_0,0,38.73899841308594,-9.157670021057129,8,IN_TRANSIT_TO,2025-08-25 07:47:51,1503,2430,29-AX-12,POINT (-9.157670021057129 38.73899841308594)
2442_716,3719_20250801_164_0_4,164_0,1,38.749080657958984,-9.202699661254883,0,IN_TRANSIT_TO,2025-08-25 07:46:16,,2442,29-AX-06,POINT (-9.202699661254883 38.749080657958984)
2779_712,3561_20250801_189_0_2,189_0,1,38.7181282043457,-9.126830101013184,26,IN_TRANSIT_TO,2025-08-25 07:48:02,9122,2779,AI-02-BT,POINT (-9.126830101013184 38.7181282043457)
2703_711,3472_20250801_101_0_5,101_0,0,38.74570083618164,-9.205430030822754,20,IN_TRANSIT_TO,2025-08-25 07:47:43,8811,2703,92-XQ-24,POINT (-9.205430030822754 38.74570083618164)
2495_735,5236_20250801_172_0_5,172_0,0,38.74314880371094,-9.1385498046875,23,IN_TRANSIT_TO,2025-08-25 07:48:04,305,2495,88-BL-69,POINT (-9.1385498046875 38.74314880371094)
2842_751,6512_20250801_109_4_3,109_4,1,38.70642852783203,-9.176329612731934,8,IN_TRANSIT_TO,2025-08-25 07:47:45,12105,2842,BF-56-FZ,POINT (-9.176329612731934 38.70642852783203)
4833_736,5301_20250801_199_0_5,199_0,0,38.788551330566406,-9.178250312805176,29,IN_TRANSIT_TO,2025-08-25 07:48:06,15104,4833,20-VQ-65,POINT (-9.178250312805176 38.788551330566406)
6009_706,3232_20250801_147_0_3,147_0,1,38.70684814453125,-9.15530014038086,31,IN_TRANSIT_TO,2025-08-25 07:47:29,3913,6009,81-ZC-18,POINT (-9.15530014038086 38.70684814453125)
4839_755,6631_20250801_118_0_6,118_0,0,38.753971099853516,-9.1560697555542,35,IN_TRANSIT_TO,2025-08-25 07:47:45,5703,4839,53-VR-08,POINT (-9.1560697555542 38.753971099853516)
2272_724,4221_20250801_178_0_6,178_0,1,38.72616958618164,-9.197669982910156,19,IN_TRANSIT_TO,2025-08-25 07:47:51,50183,2272,76-80-ZG,POINT (-9.197669982910156 38.72616958618164)
2796_709,3391_20250801_148_0_10,148_0,0,38.714420318603516,-9.139220237731934,2,IN_TRANSIT_TO,2025-08-25 07:47:50,919,2796,AJ-59-LI,POINT (-9.139220237731934 38.714420318603516)
4825_736,5321_20250801_199_0_5,199_0,0,38.7599983215332,-9.155329704284668,15,IN_TRANSIT_TO,2025-08-25 07:47:45,5805,4825,20-VQ-72,POINT (-9.155329704284668 38.7599983215332)
2614_781,7725_20250801_151_0_4,151_0,0,38.7470817565918,-9.099530220031738,11,IN_TRANSIT_TO,2025-08-25 07:47:41,50338,2614,66-VI-24,POINT (-9.099530220031738 38.7470817565918)
2965_737,5493_20250801_173_0_5,173_0,0,38.71179962158203,-9.130880355834961,5,IN_TRANSIT_TO,2025-08-25 07:47:39,13807,2965,29-VM-97,POINT (-9.130880355834961 38.71179962158203)
275_79B,18665_20250801_221_0_3,221_0,0,38.69878005981445,-9.226980209350586,40,IN_TRANSIT_TO,2025-08-25 07:38:40,4208,275,AH-16-TB,POINT (-9.226980209350586 38.69878005981445)
2607_744,5843_20250801_200_0_3,200_0,1,38.77484893798828,-9.101099967956543,3,IN_TRANSIT_TO,2025-08-25 07:47:56,7910,2607,AA-95-TQ,POINT (-9.101099967956543 38.77484893798828)
2821_753,6535_20250801_167_0_8,167_0,1,38.72502899169922,-9.152449607849121,5,IN_TRANSIT_TO,2025-08-25 07:47:52,1224,2821,BF-71-FZ,POINT (-9.152449607849121 38.72502899169922)
2824_728,4591_20250801_204_0_5,204_0,1,38.6994514465332,-9.180299758911133,40,IN_TRANSIT_TO,2025-08-25 07:47:45,4002,2824,BF-67-FZ,POINT (-9.180299758911133 38.6994514465332)
2613_744,5825_20250801_200_0_4,200_0,1,38.71746826171875,-9.143349647521973,32,IN_TRANSIT_TO,2025-08-25 07:48:02,1102,2613,66-VI-22,POINT (-9.143349647521973 38.71746826171875)
4827_736,5361_20250801_199_0_4,199_0,1,38.72011947631836,-9.145429611206055,27,IN_TRANSIT_TO,2025-08-25 07:47:57,1102,4827,34-VR-15,POINT (-9.145429611206055 38.72011947631836)
2601_718,3941_20250801_105_0_6,105_0,0,38.753719329833984,-9.114230155944824,2,IN_TRANSIT_TO,2025-08-25 07:47:47,50070,2601,04-VA-70,POINT (-9.114230155944824 38.753719329833984)
2264_771,21930_20250801_248_0_5,248_0,0,38.73929977416992,-9.167969703674316,2,IN_TRANSIT_TO,2025-08-25 07:47:48,1610,2264,76-90-ZG,POINT (-9.167969703674316 38.73929977416992)
2706_714,19170_20250801_102_0_2,102_0,1,38.69742965698242,-9.20438003540039,20,IN_TRANSIT_TO,2025-08-25 07:47:53,9607,2706,92-XQ-46,POINT (-9.20438003540039 38.69742965698242)
2739_720,4093_20250801_143_0_14,143_0,1,38.72032928466797,-9.153980255126953,18,IN_TRANSIT_TO,2025-08-22 18:26:00,6601,2739,AG-31-EI,POINT (-9.153980255126953 38.72032928466797)
2602_705,3192_20250801_176_0_4,176_0,1,38.7434196472168,-9.132430076599121,2,IN_TRANSIT_TO,2025-08-25 07:48:04,317,2602,16-VF-81,POINT (-9.132430076599121 38.7434196472168)
2653_714,3674_20250801_102_0_5,102_0,0,38.71139907836914,-9.214619636535645,26,IN_TRANSIT_TO,2025-08-25 07:48:02,12404,2653,05-VZ-52,POINT (-9.214619636535645 38.71139907836914)
2657_720,4056_20250801_143_0_5,143_0,0,38.711769104003906,-9.16372013092041,20,IN_TRANSIT_TO,2025-08-25 07:47:50,8102,2657,05-VZ-66,POINT (-9.16372013092041 38.711769104003906)
4830_736,5381_20250801_199_0_6,199_0,1,38.72132110595703,-9.14657974243164,26,IN_TRANSIT_TO,2025-08-25 07:48:08,1206,4830,20-VQ-63,POINT (-9.14657974243164 38.72132110595703)
2638_722,41524_20250801_196_0_2,196_0,1,38.73627853393555,-9.145620346069336,28,IN_TRANSIT_TO,2025-08-23 06:58:29,11118,2638,87-VS-48,POINT (-9.145620346069336 38.73627853393555)
6037_732,5091_20250801_107_0_3,107_0,1,38.70623016357422,-9.155619621276855,26,IN_TRANSIT_TO,2025-08-25 07:48:00,3901,6037,BG-37-LT,POINT (-9.155619621276855 38.70623016357422)
6005_706,3263_20250801_147_0_5,147_0,1,38.71398162841797,-9.122320175170898,0,IN_TRANSIT_TO,2025-08-25 07:47:42,,6005,81-ZC-91,POINT (-9.122320175170898 38.71398162841797)
2648_720,4093_20250801_143_0_4,143_0,1,38.7132682800293,-9.161970138549805,11,IN_TRANSIT_TO,2025-08-25 07:47:52,8101,2648,75-VS-46,POINT (-9.161970138549805 38.7132682800293)
2698_738,5516_20250801_117_0_3,117_0,0,38.70423126220703,-9.173999786376953,32,IN_TRANSIT_TO,2025-08-25 07:47:46,4004,2698,92-XQ-20,POINT (-9.173999786376953 38.70423126220703)
2716_713,3591_20250801_122_0_5,122_0,0,38.73817825317383,-9.13998031616211,2,IN_TRANSIT_TO,2025-08-25 07:47:46,11109,2716,92-XQ-27,POINT (-9.13998031616211 38.73817825317383)
4820_751,20108_20250801_109_0_2,109_0,0,38.72787857055664,-9.172980308532715,2,IN_TRANSIT_TO,2025-08-25 07:47:49,2704,4820,20-VQ-62,POINT (-9.172980308532715 38.72787857055664)
2704_746,5957_20250801_108_0_8,108_0,1,38.748130798339844,-9.214529991149902,0,IN_TRANSIT_TO,2025-08-25 07:48:07,,2704,92-XQ-18,POINT (-9.214529991149902 38.748130798339844)
283_734,5138_20250801_205_0_6,205_0,0,38.71443176269531,-9.123080253601074,16,IN_TRANSIT_TO,2025-08-07 08:52:19,2110,283,AI-49-OJ,POINT (-9.123080253601074 38.71443176269531)
577_12E,11030_20250801_77_0_3,77_0,1,38.72304916381836,-9.135319709777832,21,IN_TRANSIT_TO,2025-08-25 07:47:59,706,577,,POINT (-9.135319709777832 38.72304916381836)
2642_759,6946_20250801_144_0_3,144_0,1,38.75373077392578,-9.114270210266113,20,IN_TRANSIT_TO,2025-08-25 07:47:56,24367,2642,75-VS-51,POINT (-9.114270210266113 38.75373077392578)
573_25E,14256_20250801_79_0_6,79_0,0,38.709999084472656,-9.135600090026855,1,IN_TRANSIT_TO,2025-08-25 07:48:01,50620,573,,POINT (-9.135600090026855 38.709999084472656)
2724_712,3547_20250801_189_0_5,189_0,0,38.72528076171875,-9.156869888305664,18,IN_TRANSIT_TO,2025-08-25 07:48:01,1209,2724,92-XQ-40,POINT (-9.156869888305664 38.72528076171875)
2737_749,6203_20250801_195_0_6,195_0,0,38.75,-9.17821979522705,22,IN_TRANSIT_TO,2025-08-25 07:47:55,13508,2737,AG-45-EI,POINT (-9.17821979522705 38.75)
2609_759,6899_20250801_144_0_5,144_0,0,38.71284866333008,-9.123600006103516,6,IN_TRANSIT_TO,2025-08-25 07:47:53,8201,2609,66-VI-36,POINT (-9.123600006103516 38.71284866333008)
2721_711,3451_20250801_101_0_3,101_0,1,38.73310089111328,-9.1981201171875,14,IN_TRANSIT_TO,2025-08-25 07:47:58,8826,2721,92-XQ-37,POINT (-9.1981201171875 38.73310089111328)
2326_793,7991_20250801_145_0_7,145_0,1,38.74711990356445,-9.115249633789062,12,IN_TRANSIT_TO,2025-08-25 07:47:50,3612,2326,67-49-ZJ,POINT (-9.115249633789062 38.74711990356445)
2632_782,7769_20250801_152_0_3,152_0,1,38.705928802490234,-9.143879890441895,21,IN_TRANSIT_TO,2025-08-25 07:47:56,3820,2632,52-VP-88,POINT (-9.143879890441895 38.705928802490234)
2618_759,6975_20250801_144_0_2,144_0,0,38.73202133178711,-9.114419937133789,17,IN_TRANSIT_TO,2025-08-25 07:47:51,17569,2618,66-VI-42,POINT (-9.114419937133789 38.73202133178711)
548_28E,15053_20250801_75_0_4,75_0,0,38.715431213378906,-9.13599967956543,0,IN_TRANSIT_TO,2025-08-25 07:47:23,,548,,POINT (-9.13599967956543 38.715431213378906)
2643_705,3182_20250801_176_0_5,176_0,0,38.76832962036133,-9.097829818725586,0,IN_TRANSIT_TO,2025-08-25 07:48:08,,2643,75-VS-44,POINT (-9.097829818725586 38.76832962036133)
2646_744,5810_20250801_200_0_5,200_0,0,38.76264953613281,-9.129520416259766,17,IN_TRANSIT_TO,2025-08-25 07:47:58,7513,2646,75-VS-48,POINT (-9.129520416259766 38.76264953613281)
2664_727,4520_20250801_103_0_3,103_0,1,38.72256851196289,-9.151619911193848,35,IN_TRANSIT_TO,2025-08-25 07:48:08,6809,2664,05-VZ-68,POINT (-9.151619911193848 38.72256851196289)
2308_708,3286_20250801_100_0_3,100_0,1,38.781829833984375,-9.097149848937988,9,IN_TRANSIT_TO,2025-08-25 07:48:06,50129,2308,83-17-ZM,POINT (-9.097149848937988 38.781829833984375)
2654_723,18980_20250801_121_0_3,121_0,0,38.72211837768555,-9.139169692993164,1,IN_TRANSIT_TO,2025-08-25 07:47:50,9209,2654,05-VZ-69,POINT (-9.139169692993164 38.72211837768555)
2707_727,4513_20250801_103_0_2,103_0,1,38.74580001831055,-9.147480010986328,43,IN_TRANSIT_TO,2025-08-25 07:48:00,2022,2707,92-XQ-39,POINT (-9.147480010986328 38.74580001831055)
2612_781,7718_20250801_151_0_4,151_0,0,38.776031494140625,-9.113519668579102,23,IN_TRANSIT_TO,2025-08-25 07:47:34,12307,2612,66-VI-29,POINT (-9.113519668579102 38.776031494140625)
6042_732,5059_20250801_107_0_3,107_0,0,38.6981315612793,-9.191329956054688,30,IN_TRANSIT_TO,2025-08-25 07:47:55,9512,6042,BG-97-LU,POINT (-9.191329956054688 38.6981315612793)
2713_712,3531_20250801_189_0_6,189_0,1,38.724979400634766,-9.154080390930176,14,IN_TRANSIT_TO,2025-08-25 07:47:58,1224,2713,92-XQ-34,POINT (-9.154080390930176 38.724979400634766)
2635_759,6925_20250801_144_0_2,144_0,1,38.72600173950195,-9.112449645996094,36,IN_TRANSIT_TO,2025-08-25 07:47:57,8302,2635,52-VP-90,POINT (-9.112449645996094 38.72600173950195)
2799_748,6142_20250801_169_0_5,169_0,0,38.72304916381836,-9.199270248413086,5,IN_TRANSIT_TO,2025-08-25 07:47:40,8607,2799,AJ-52-LI,POINT (-9.199270248413086 38.72304916381836)
544_25E,14267_20250801_79_0_3,79_0,1,38.714271545410156,-9.161749839782715,4,IN_TRANSIT_TO,2025-08-25 07:47:45,8107,544,,POINT (-9.161749839782715 38.714271545410156)
2996_702,3070_20250801_146_0_5,146_0,0,38.72761917114258,-9.158980369567871,3,IN_TRANSIT_TO,2025-08-25 07:48:07,6103,2996,30-VM-03,POINT (-9.158980369567871 38.72761917114258)
556_12E,11033_20250801_77_0_2,77_0,0,38.709781646728516,-9.136280059814453,9,IN_TRANSIT_TO,2025-08-25 07:47:36,13802,556,,POINT (-9.136280059814453 38.709781646728516)
549_28E,14989_20250801_75_0_4,75_0,0,38.71432876586914,-9.169429779052734,34,IN_TRANSIT_TO,2025-08-25 07:48:06,8017,549,,POINT (-9.169429779052734 38.71432876586914)
2686_738,5548_20250801_117_0_2,117_0,1,38.745628356933594,-9.14739990234375,22,IN_TRANSIT_TO,2025-08-25 07:48:09,1903,2686,99-XE-58,POINT (-9.14739990234375 38.745628356933594)
571_28E,15041_20250801_75_0_3,75_0,0,38.72277069091797,-9.131369590759277,5,IN_TRANSIT_TO,2025-08-25 07:47:50,709,571,,POINT (-9.131369590759277 38.72277069091797)
2829_753,6568_20250801_167_0_5,167_0,0,38.725181579589844,-9.15388011932373,4,IN_TRANSIT_TO,2025-08-25 07:48:08,1209,2829,BF-58-FZ,POINT (-9.15388011932373 38.725181579589844)
2622_722,4125_20250801_196_0_3,196_0,0,38.74467086791992,-9.13148021697998,14,IN_TRANSIT_TO,2025-08-25 07:48:03,317,2622,66-VI-21,POINT (-9.13148021697998 38.74467086791992)
2649_764,7146_20250801_168_0_5,168_0,0,38.74504852294922,-9.189900398254395,18,IN_TRANSIT_TO,2025-08-25 07:46:06,10822,2649,75-VS-42,POINT (-9.189900398254395 38.74504852294922)
2975_71B,45273_20250801_278_0_3,278_0,0,38.73664855957031,-9.205750465393066,10,IN_TRANSIT_TO,2025-08-25 07:47:57,50459,2975,30-VM-11,POINT (-9.205750465393066 38.73664855957031)
2701_727,4535_20250801_103_0_10,103_0,1,38.70901870727539,-9.203169822692871,6,IN_TRANSIT_TO,2025-08-25 07:47:54,12913,2701,92-XQ-35,POINT (-9.203169822692871 38.70901870727539)
2982_730,4963_20250801_198_0_6,198_0,0,38.72303009033203,-9.131429672241211,16,IN_TRANSIT_TO,2025-08-25 07:47:41,9105,2982,30-VM-23,POINT (-9.131429672241211 38.72303009033203)
2711_738,5515_20250801_117_0_4,117_0,1,38.70465087890625,-9.17786979675293,4,IN_TRANSIT_TO,2025-08-25 07:47:45,12113,2711,92-XQ-44,POINT (-9.17786979675293 38.70465087890625)
2976_34B,19153_20250801_226_0_3,226_0,0,38.73432922363281,-9.115650177001953,21,IN_TRANSIT_TO,2025-08-25 07:47:58,50411,2976,30-VM-00,POINT (-9.115650177001953 38.73432922363281)
2616_705,3188_20250801_176_0_4,176_0,1,38.77790069580078,-9.126879692077637,12,IN_TRANSIT_TO,2025-08-25 07:47:53,7607,2616,66-VI-44,POINT (-9.126879692077637 38.77790069580078)
2604_759,6968_20250801_144_0_5,144_0,0,38.76422882080078,-9.118780136108398,32,IN_TRANSIT_TO,2025-08-25 07:47:54,8403,2604,66-VI-32,POINT (-9.118780136108398 38.76422882080078)
552_18E,12181_20250801_78_0_6,78_0,1,38.708229064941406,-9.199399948120117,19,IN_TRANSIT_TO,2025-08-25 07:47:46,7101,552,,POINT (-9.199399948120117 38.708229064941406)
2980_55B,21538_20250801_240_0_5,240_0,0,38.75817108154297,-9.185449600219727,17,IN_TRANSIT_TO,2025-08-25 07:47:42,12824,2980,29-VM-90,POINT (-9.185449600219727 38.75817108154297)
2663_714,3697_20240914_102_0_16,102_0,1,38.72127151489258,-9.221500396728516,4,IN_TRANSIT_TO,2024-10-22 20:26:58,18703,2663,05-VZ-62,POINT (-9.221500396728516 38.72127151489258)
2659_713,3617_20250801_122_0_6,122_0,1,38.70595169067383,-9.172679901123047,8,IN_TRANSIT_TO,2025-08-25 07:47:40,9418,2659,05-VZ-57,POINT (-9.172679901123047 38.70595169067383)
581_28E,14937_20250801_75_0_5,75_0,1,38.71078109741211,-9.144450187683105,12,IN_TRANSIT_TO,2025-08-25 07:47:53,10511,581,,POINT (-9.144450187683105 38.71078109741211)
2685_714,3691_20250801_102_0_5,102_0,0,38.707550048828125,-9.173569679260254,11,IN_TRANSIT_TO,2025-08-25 07:47:54,9417,2685,93-XA-46,POINT (-9.173569679260254 38.707550048828125)
2615_781,7744_20250801_151_0_4,151_0,1,38.72972869873047,-9.106579780578613,24,IN_TRANSIT_TO,2025-08-25 07:46:36,8314,2615,66-VI-27,POINT (-9.106579780578613 38.72972869873047)
6043_732,5098_20250801_107_0_2,107_0,1,38.70573043823242,-9.199469566345215,12,IN_TRANSIT_TO,2025-08-25 07:48:10,13301,6043,BG-93-LT,POINT (-9.199469566345215 38.70573043823242)
554_25E,14264_20250801_79_0_5,79_0,1,38.70814895629883,-9.136819839477539,17,IN_TRANSIT_TO,2025-08-25 07:48:10,3823,554,,POINT (-9.136819839477539 38.70814895629883)
2732_735,5246_20250801_172_1_3,172_1,0,38.73577117919922,-9.133899688720703,19,IN_TRANSIT_TO,2025-08-25 07:48:03,509,2732,AG-39-EI,POINT (-9.133899688720703 38.73577117919922)
1714_701,2936_20250801_123_0_8,123_0,0,38.72127151489258,-9.167280197143555,29,IN_TRANSIT_TO,2025-08-25 07:47:43,8010,1714,69-AL-77,POINT (-9.167280197143555 38.72127151489258)
580_28E,15027_20250801_75_0_4,75_0,0,38.709999084472656,-9.135319709777832,16,IN_TRANSIT_TO,2025-08-25 07:47:45,13802,580,,POINT (-9.135319709777832 38.709999084472656)
543_28E,15015_20250801_75_0_2,75_0,0,38.709171295166016,-9.138629913330078,17,IN_TRANSIT_TO,2025-08-25 07:47:54,5604,543,,POINT (-9.138629913330078 38.709171295166016)
4804_728,4611_20250801_204_0_5,204_0,1,38.70774841308594,-9.132800102233887,31,IN_TRANSIT_TO,2025-08-25 07:48:02,8202,4804,53-VR-07,POINT (-9.132800102233887 38.70774841308594)
550_24E,17836_20250801_213_0_6,213_0,0,38.7151985168457,-9.144669532775879,4,IN_TRANSIT_TO,2025-08-25 07:47:55,10601,550,,POINT (-9.144669532775879 38.7151985168457)
2687_764,7155_20250801_168_0_6,168_0,0,38.750179290771484,-9.158650398254395,2,IN_TRANSIT_TO,2025-08-25 07:47:56,13507,2687,93-XA-44,POINT (-9.158650398254395 38.750179290771484)
265_734,5149_20250801_205_0_5,205_0,0,38.71651840209961,-9.129469871520996,9,IN_TRANSIT_TO,2025-08-25 07:47:47,14804,265,AG-40-OV,POINT (-9.129469871520996 38.71651840209961)
2828_753,6547_20250801_167_0_4,167_0,1,38.66788101196289,-9.164179801940918,0,IN_TRANSIT_TO,2025-08-25 07:44:06,,2828,BF-60-FZ,POINT (-9.164179801940918 38.66788101196289)
2644_781,7741_20250801_151_0_4,151_0,1,38.70869827270508,-9.134969711303711,27,IN_TRANSIT_TO,2025-08-25 07:48:04,4502,2644,87-VS-52,POINT (-9.134969711303711 38.70869827270508)
578_18E,12191_20250801_78_0_7,78_0,0,38.70610046386719,-9.143280029296875,1,IN_TRANSIT_TO,2025-08-25 07:48:05,50339,578,,POINT (-9.143280029296875 38.70610046386719)
507_15E,11306_20250801_76_0_4,76_0,1,38.69694900512695,-9.221770286560059,3,IN_TRANSIT_TO,2025-08-25 07:48:01,4209,507,,POINT (-9.221770286560059 38.69694900512695)
2977_730,4971_20250801_198_0_5,198_0,0,38.73257064819336,-9.121299743652344,0,IN_TRANSIT_TO,2025-08-25 07:47:12,,2977,30-VM-21,POINT (-9.121299743652344 38.73257064819336)
2427_767,7205_20250801_112_0_4,112_0,1,38.754581451416016,-9.196100234985352,12,IN_TRANSIT_TO,2025-08-25 07:47:51,10909,2427,29-AX-14,POINT (-9.196100234985352 38.754581451416016)
572_18E,12200_20250801_78_0_4,78_0,1,38.707149505615234,-9.199049949645996,3,IN_TRANSIT_TO,2025-08-25 07:47:43,10310,572,,POINT (-9.199049949645996 38.707149505615234)
264_61B,21532_20250801_241_0_5,241_0,0,38.73664855957031,-9.170519828796387,15,IN_TRANSIT_TO,2025-08-25 07:47:43,2712,264,AG-42-OV,POINT (-9.170519828796387 38.73664855957031)
4824_736,5410_20250801_199_0_4,199_0,1,38.746700286865234,-9.148150444030762,19,IN_TRANSIT_TO,2025-08-25 07:47:41,2002,4824,34-VR-19,POINT (-9.148150444030762 38.746700286865234)
2778_727,4527_20250801_103_0_2,103_0,1,38.70452880859375,-9.164219856262207,23,IN_TRANSIT_TO,2025-08-25 07:47:48,10211,2778,AI-03-BT,POINT (-9.164219856262207 38.70452880859375)
2641_782,7782_20250801_152_0_4,152_0,0,38.763671875,-9.103670120239258,16,IN_TRANSIT_TO,2025-08-25 07:47:54,2313,2641,75-VS-49,POINT (-9.103670120239258 38.763671875)
4817_751,6507_20250801_109_0_2,109_0,0,38.71284866333008,-9.225299835205078,28,IN_TRANSIT_TO,2025-08-25 07:48:02,14312,4817,00-VV-37,POINT (-9.225299835205078 38.71284866333008)
2987_774,7454_20250801_192_0_8,192_0,1,38.7222785949707,-9.157279968261719,8,IN_TRANSIT_TO,2025-08-25 07:48:06,6824,2987,29-VM-99,POINT (-9.157279968261719 38.7222785949707)
575_25E,14251_20250801_79_0_4,79_0,0,38.71377182006836,-9.160829544067383,13,IN_TRANSIT_TO,2025-08-25 07:48:06,8112,575,,POINT (-9.160829544067383 38.71377182006836)
2660_713,3580_20250801_122_0_3,122_0,0,38.72195053100586,-9.156929969787598,12,IN_TRANSIT_TO,2025-08-25 07:47:44,8516,2660,05-VZ-60,POINT (-9.156929969787598 38.72195053100586)
2655_720,4078_20250801_143_0_7,143_0,0,38.741519927978516,-9.12833023071289,5,IN_TRANSIT_TO,2025-08-25 07:47:55,9007,2655,05-VZ-67,POINT (-9.12833023071289 38.741519927978516)
269_734,5138_20250801_205_0_5,205_0,1,38.7227783203125,-9.135000228881836,12,IN_TRANSIT_TO,2025-08-25 07:47:47,706,269,AG-25-NH,POINT (-9.135000228881836 38.7227783203125)
4807_751,6491_20250801_109_0_4,109_0,1,38.71590042114258,-9.235569953918457,0,IN_TRANSIT_TO,2025-08-25 07:48:10,,4807,20-VQ-69,POINT (-9.235569953918457 38.71590042114258)
2650_776,7480_20250801_193_0_16,193_0,0,38.700679779052734,-9.24470043182373,5,IN_TRANSIT_TO,2025-08-25 07:47:38,14906,2650,75-VS-50,POINT (-9.24470043182373 38.700679779052734)
2782_712,3533_20250801_189_0_4,189_0,1,38.706298828125,-9.173830032348633,1,IN_TRANSIT_TO,2025-08-25 07:47:50,4005,2782,AI-99-BS,POINT (-9.173830032348633 38.706298828125)
277_65B,22220_20250801_250_0_2,250_0,0,38.720829010009766,-9.161020278930664,8,IN_TRANSIT_TO,2025-08-25 07:47:50,8519,277,AH-13-TB,POINT (-9.161020278930664 38.720829010009766)
4805_728,4710_20250801_204_0_2,204_0,0,38.69736862182617,-9.203669548034668,10,IN_TRANSIT_TO,2025-08-25 07:47:52,9603,4805,20-VQ-66,POINT (-9.203669548034668 38.69736862182617)
2984_45B,45293_20250801_277_0_3,277_0,0,38.776798248291016,-9.14579963684082,0,IN_TRANSIT_TO,2025-08-25 07:48:07,,2984,30-VM-04,POINT (-9.14579963684082 38.776798248291016)
2744_742,5699_20250801_114_0_3,114_0,1,38.724430084228516,-9.117380142211914,49,IN_TRANSIT_TO,2025-08-25 07:47:59,9803,2744,AG-13-TH,POINT (-9.117380142211914 38.724430084228516)
4803_728,4620_20250801_204_0_5,204_0,1,38.73931884765625,-9.103050231933594,21,IN_TRANSIT_TO,2025-08-25 07:47:45,12510,4803,77-VP-16,POINT (-9.103050231933594 38.73931884765625)
2651_776,7493_20250801_193_0_11,193_0,1,38.702728271484375,-9.239020347595215,7,IN_TRANSIT_TO,2025-08-25 07:47:00,14905,2651,05-VZ-54,POINT (-9.239020347595215 38.702728271484375)
2720_711,3465_20250801_101_0_5,101_0,1,38.74359893798828,-9.217570304870605,0,IN_TRANSIT_TO,2025-08-25 07:48:08,,2720,92-XQ-28,POINT (-9.217570304870605 38.74359893798828)
2665_723,4139_20250801_121_0_4,121_0,1,38.72431945800781,-9.159870147705078,27,IN_TRANSIT_TO,2025-08-25 07:47:49,8502,2665,87-XB-33,POINT (-9.159870147705078 38.72431945800781)
272_76B,18634_20250801_219_0_5,219_0,0,38.707618713378906,-9.196619987487793,10,IN_TRANSIT_TO,2025-08-25 07:47:40,10303,272,AH-26-IN,POINT (-9.196619987487793 38.707618713378906)
2645_718,3958_20250801_105_0_5,105_0,1,38.749568939208984,-9.104829788208008,24,IN_TRANSIT_TO,2025-08-25 07:47:50,2206,2645,87-VS-49,POINT (-9.104829788208008 38.749568939208984)
262_734,5146_20250801_205_0_4,205_0,0,38.71453094482422,-9.123180389404297,16,IN_TRANSIT_TO,2025-08-25 07:46:26,2110,262,AF-49-ZD,POINT (-9.123180389404297 38.71453094482422)
2627_759,6967_20250801_144_0_3,144_0,0,38.76774978637695,-9.100000381469727,47,IN_TRANSIT_TO,2025-08-25 07:48:05,7825,2627,52-VP-83,POINT (-9.100000381469727 38.76774978637695)
274_64B,21493_20250801_238_0_5,238_0,0,38.7171516418457,-9.16985034942627,14,IN_TRANSIT_TO,2025-08-25 07:44:13,8007,274,AH-14-TB,POINT (-9.16985034942627 38.7171516418457)
2742_720,4065_20250801_143_0_6,143_0,0,38.72602844238281,-9.14780044555664,13,IN_TRANSIT_TO,2025-08-25 07:47:44,6602,2742,AG-94-TG,POINT (-9.14780044555664 38.72602844238281)
2725_750,39036_20250801_106_4_5,106_4,0,38.70153045654297,-9.227849960327148,13,IN_TRANSIT_TO,2025-08-25 07:48:02,4225,2725,92-XQ-30,POINT (-9.227849960327148 38.70153045654297)
2715_714,3681_20250801_102_0_3,102_0,0,38.69744873046875,-9.194680213928223,17,IN_TRANSIT_TO,2025-08-25 07:47:50,9508,2715,92-XQ-22,POINT (-9.194680213928223 38.69744873046875)
2608_781,7734_20250801_151_0_5,151_0,0,38.7086296081543,-9.135350227355957,3,IN_TRANSIT_TO,2025-08-25 07:47:40,5501,2608,66-VI-39,POINT (-9.135350227355957 38.7086296081543)
2719_723,4171_20250801_121_0_5,121_0,0,38.712730407714844,-9.21382999420166,20,IN_TRANSIT_TO,2025-08-25 07:47:48,12415,2719,92-XQ-17,POINT (-9.21382999420166 38.712730407714844)
2631_722,4114_20250801_196_0_4,196_0,1,38.763729095458984,-9.129480361938477,16,IN_TRANSIT_TO,2025-08-25 07:47:52,7602,2631,52-VP-80,POINT (-9.129480361938477 38.763729095458984)
6045_706,3255_20250801_147_0_5,147_0,1,38.73125076293945,-9.134329795837402,14,IN_TRANSIT_TO,2025-08-25 07:47:56,506,6045,BH-32-IQ,POINT (-9.134329795837402 38.73125076293945)
2260_768,7342_20250801_111_0_3,111_0,0,38.74427032470703,-9.178250312805176,8,IN_TRANSIT_TO,2025-08-25 07:47:59,10706,2260,67-47-ZJ,POINT (-9.178250312805176 38.74427032470703)
2428_767,7249_20250801_112_0_4,112_0,1,38.749271392822266,-9.2191801071167,2,IN_TRANSIT_TO,2025-08-25 07:47:59,50336,2428,29-AX-13,POINT (-9.2191801071167 38.749271392822266)
2310_717,3857_20250801_170_0_2,170_0,1,38.78036880493164,-9.151169776916504,15,IN_TRANSIT_TO,2025-08-25 07:47:50,50344,2310,83-07-ZM,POINT (-9.151169776916504 38.78036880493164)
2402_778,18646_20250801_179_0_4,179_0,0,38.76778030395508,-9.169249534606934,10,IN_TRANSIT_TO,2025-08-25 07:48:10,50027,2402,50-AL-13,POINT (-9.169249534606934 38.76778030395508)
2443_767,7301_20250801_112_0_4,112_0,1,38.74153137207031,-9.13776969909668,36,IN_TRANSIT_TO,2025-08-25 07:47:42,306,2443,29-AX-05,POINT (-9.13776969909668 38.74153137207031)
2490_735,5265_20250801_172_0_5,172_0,0,38.70841979980469,-9.136300086975098,3,IN_TRANSIT_TO,2025-08-25 07:47:56,5501,2490,55-BH-01,POINT (-9.136300086975098 38.70841979980469)
6044_760,51297_20250801_171_0_3,171_0,1,38.706180572509766,-9.143320083618164,30,IN_TRANSIT_TO,2025-08-25 07:47:41,3803,6044,BG-87-LX,POINT (-9.143320083618164 38.706180572509766)
2780_764,7160_20250801_168_0_4,168_0,1,38.75267028808594,-9.188429832458496,19,IN_TRANSIT_TO,2025-08-25 07:48:09,10807,2780,AI-06-BT,POINT (-9.188429832458496 38.75267028808594)
2994_702,3044_20250801_146_0_6,146_0,1,38.72813034057617,-9.165570259094238,8,IN_TRANSIT_TO,2025-08-25 07:48:08,6110,2994,29-VM-91,POINT (-9.165570259094238 38.72813034057617)
2404_747,6080_20250801_177_0_5,177_0,0,38.76237106323242,-9.170669555664062,8,IN_TRANSIT_TO,2025-08-25 07:47:49,50011,2404,50-AL-11,POINT (-9.170669555664062 38.76237106323242)
2248_731,5000_20250801_190_0_3,190_0,1,38.77510070800781,-9.102529525756836,11,IN_TRANSIT_TO,2025-08-25 07:48:07,7908,2248,22-33-ZB,POINT (-9.102529525756836 38.77510070800781)
1708_717,3760_20250801_170_0_6,170_0,1,38.793731689453125,-9.152000427246094,3,IN_TRANSIT_TO,2025-08-25 07:47:53,16005,1708,69-AL-71,POINT (-9.152000427246094 38.793731689453125)
2244_758,6872_20250801_150_0_2,150_0,1,38.74713134765625,-9.188920021057129,9,IN_TRANSIT_TO,2025-08-25 07:47:41,10821,2244,22-44-ZB,POINT (-9.188920021057129 38.74713134765625)
2286_731,5020_20250801_190_0_5,190_0,0,38.75510025024414,-9.150520324707031,14,IN_TRANSIT_TO,2025-08-25 07:47:49,5702,2286,67-42-ZJ,POINT (-9.150520324707031 38.75510025024414)
2760_746,5987_20250801_108_0_6,108_0,1,38.73236846923828,-9.152230262756348,22,IN_TRANSIT_TO,2025-08-25 07:47:49,1404,2760,AH-35-ND,POINT (-9.152230262756348 38.73236846923828)
2299_742,5708_20250801_114_0_2,114_0,1,38.73350143432617,-9.13366985321045,41,IN_TRANSIT_TO,2025-08-25 07:47:44,517,2299,83-14-ZM,POINT (-9.13366985321045 38.73350143432617)
6013_706,3208_20250801_147_0_4,147_0,0,38.73334884643555,-9.13401985168457,21,IN_TRANSIT_TO,2025-08-25 07:46:57,505,6013,68-ZF-53,POINT (-9.13401985168457 38.73334884643555)
1727_701,2975_20250801_123_0_2,123_0,0,38.7210807800293,-9.167530059814453,29,IN_TRANSIT_TO,2025-08-25 07:29:27,8010,1727,25-AS-39,POINT (-9.167530059814453 38.7210807800293)
1751_749,6207_20250801_195_0_3,195_0,0,38.74946975708008,-9.115300178527832,10,IN_TRANSIT_TO,2025-08-25 07:48:10,50228,1751,34-HU-17,POINT (-9.115300178527832 38.74946975708008)
2496_735,5261_20250801_172_1_4,172_1,0,38.717681884765625,-9.12201976776123,8,IN_TRANSIT_TO,2025-08-25 07:47:54,2105,2496,88-BL-70,POINT (-9.12201976776123 38.717681884765625)
2814_718,3974_20250801_105_0_4,105_0,0,38.73963165283203,-9.133480072021484,29,IN_TRANSIT_TO,2025-08-25 07:46:20,413,2814,90-II-54,POINT (-9.133480072021484 38.73963165283203)
2815_718,3936_20250801_105_0_4,105_0,0,38.7246208190918,-9.116350173950195,21,IN_TRANSIT_TO,2025-08-25 07:48:07,9804,2815,90-II-55,POINT (-9.116350173950195 38.7246208190918)
4647_750,6324_20250801_106_0_3,106_0,0,38.74515151977539,-9.20188045501709,26,IN_TRANSIT_TO,2025-08-25 07:48:02,2806,4647,02-JN-88,POINT (-9.20188045501709 38.74515151977539)
1749_735,5221_20250801_172_1_4,172_1,1,38.72114944458008,-9.12720012664795,8,IN_TRANSIT_TO,2025-08-25 07:47:47,9110,1749,92-HR-06,POINT (-9.12720012664795 38.72114944458008)
2970_770,7367_20250801_191_0_5,191_0,0,38.7393798828125,-9.177579879760742,9,IN_TRANSIT_TO,2025-08-25 07:48:05,10723,2970,29-VM-87,POINT (-9.177579879760742 38.7393798828125)
2813_782,7779_20250801_152_0_4,152_0,1,38.76702880859375,-9.09862995147705,5,IN_TRANSIT_TO,2025-08-25 07:48:02,7825,2813,90-II-53,POINT (-9.09862995147705 38.76702880859375)
1747_742,5738_20250801_114_0_4,114_0,1,38.70457077026367,-9.18649959564209,16,IN_TRANSIT_TO,2025-08-25 07:48:05,12007,1747,92-HR-04,POINT (-9.18649959564209 38.70457077026367)
2969_730,4943_20250801_198_0_5,198_0,1,38.72159957885742,-9.12969970703125,10,IN_TRANSIT_TO,2025-08-25 07:48:02,602,2969,30-VM-09,POINT (-9.12969970703125 38.72159957885742)
2971_34B,19145_20250801_226_0_3,226_0,0,38.7392692565918,-9.120929718017578,45,IN_TRANSIT_TO,2025-08-25 07:48:07,8907,2971,29-VM-98,POINT (-9.120929718017578 38.7392692565918)
4636_783,7848_20250801_203_0_5,203_0,0,38.72576904296875,-9.149580001831055,3,IN_TRANSIT_TO,2025-08-25 07:47:24,50197,4636,90-JI-97,POINT (-9.149580001831055 38.72576904296875)
2811_755,6642_20250801_118_0_3,118_0,0,38.75798034667969,-9.126469612121582,21,IN_TRANSIT_TO,2025-08-25 07:47:49,14705,2811,02-IH-00,POINT (-9.126469612121582 38.75798034667969)
4802_728,4640_20250801_204_0_5,204_0,1,38.78125,-9.108670234680176,2,IN_TRANSIT_TO,2025-08-25 07:47:41,12615,4802,77-VP-17,POINT (-9.108670234680176 38.78125)
1748_755,6683_20250801_118_0_5,118_0,1,38.75627136230469,-9.120650291442871,24,IN_TRANSIT_TO,2025-08-25 07:47:58,14702,1748,92-HR-05,POINT (-9.120650291442871 38.75627136230469)
2817_782,7789_20250801_152_0_3,152_0,0,38.72724914550781,-9.109169960021973,6,IN_TRANSIT_TO,2025-08-25 07:47:39,8309,2817,90-II-57,POINT (-9.109169960021973 38.72724914550781)
2960_40B,19264_20250801_212_0_3,212_0,0,38.773128509521484,-9.161450386047363,28,IN_TRANSIT_TO,2025-08-25 07:47:55,5940,2960,27-GU-75,POINT (-9.161450386047363 38.773128509521484)
2453_726,4335_20250801_116_0_4,116_0,1,38.75328063964844,-9.174449920654297,11,IN_TRANSIT_TO,2025-08-25 07:47:53,13618,2453,16-AZ-13,POINT (-9.174449920654297 38.75328063964844)
2804_725,4257_20250801_197_0_9,197_0,0,38.76845169067383,-9.098349571228027,2,IN_TRANSIT_TO,2025-08-25 07:47:41,7805,2804,01-IH-93,POINT (-9.098349571228027 38.76845169067383)
4640_736,5310_20250801_199_0_5,199_0,0,38.785831451416016,-9.172120094299316,28,IN_TRANSIT_TO,2025-08-25 07:48:00,50083,4640,02-JN-87,POINT (-9.172120094299316 38.785831451416016)
1753_717,3883_20250801_170_4_6,170_4,1,38.77328109741211,-9.161470413208008,20,IN_TRANSIT_TO,2025-08-25 07:47:48,50163,1753,34-HU-19,POINT (-9.161470413208008 38.77328109741211)
1750_742,5721_20250801_114_0_5,114_0,1,38.727970123291016,-9.160269737243652,31,IN_TRANSIT_TO,2025-08-25 07:48:01,6106,1750,92-HR-07,POINT (-9.160269737243652 38.727970123291016)
1755_717,3843_20250801_170_0_3,170_0,1,38.748878479003906,-9.13677978515625,33,IN_TRANSIT_TO,2025-08-25 07:47:55,11204,1755,34-HU-21,POINT (-9.13677978515625 38.748878479003906)
231_46B,21503_20250801_239_0_3,239_0,0,38.74692916870117,-9.140669822692871,2,IN_TRANSIT_TO,2025-08-25 07:48:03,208,231,84-47-XQ,POINT (-9.140669822692871 38.74692916870117)
2455_703,3104_20250801_165_0_4,165_0,1,38.787269592285156,-9.149120330810547,37,IN_TRANSIT_TO,2025-08-25 07:47:52,6001,2455,16-AZ-12,POINT (-9.149120330810547 38.787269592285156)
2411_703,3153_20250801_165_0_5,165_0,0,38.74580001831055,-9.205129623413086,39,IN_TRANSIT_TO,2025-08-25 07:48:03,8816,2411,62-AL-11,POINT (-9.205129623413086 38.74580001831055)
2700_723,4161_20250801_121_0_4,121_0,1,38.70296859741211,-9.217029571533203,7,IN_TRANSIT_TO,2025-08-25 07:48:08,9712,2700,92-XQ-26,POINT (-9.217029571533203 38.70296859741211)
2311_742,5746_20250801_114_0_2,114_0,1,38.71023178100586,-9.19437026977539,4,IN_TRANSIT_TO,2025-08-25 07:47:59,50139,2311,72-23-XN,POINT (-9.19437026977539 38.71023178100586)
2777_714,3630_20250801_102_0_6,102_0,1,38.71648025512695,-9.21321964263916,11,IN_TRANSIT_TO,2025-08-25 07:47:57,10401,2777,AI-01-BT,POINT (-9.21321964263916 38.71648025512695)
219_773,7407_20250801_124_0_3,124_0,0,38.71852111816406,-9.15237045288086,3,IN_TRANSIT_TO,2025-08-25 07:47:58,50146,219,11-12-XO,POINT (-9.15237045288086 38.71852111816406)
2278_768,7329_20250801_111_0_6,111_0,1,38.754398345947266,-9.18019962310791,12,IN_TRANSIT_TO,2025-08-25 07:48:03,13611,2278,67-41-ZJ,POINT (-9.18019962310791 38.754398345947266)
2623_759,6924_20250801_144_0_4,144_0,1,38.709171295166016,-9.134770393371582,44,IN_TRANSIT_TO,2025-08-25 07:48:07,4506,2623,66-VI-26,POINT (-9.134770393371582 38.709171295166016)
2734_756,6731_20250801_175_0_6,175_0,1,38.70724868774414,-9.173569679260254,4,IN_TRANSIT_TO,2025-08-25 07:48:05,9415,2734,AG-50-EI,POINT (-9.173569679260254 38.70724868774414)
2790_746,5965_20250801_108_0_5,108_0,0,38.74728012084961,-9.189020156860352,16,IN_TRANSIT_TO,2025-08-25 07:47:41,10826,2790,AI-54-TL,POINT (-9.189020156860352 38.74728012084961)
215_17B,21707_20250801_247_0_3,247_0,0,38.73128128051758,-9.134380340576172,22,IN_TRANSIT_TO,2025-08-25 07:48:00,511,215,44-42-XM,POINT (-9.134380340576172 38.73128128051758)
2756_738,5531_20250801_117_0_3,117_0,0,38.72407913208008,-9.150799751281738,22,IN_TRANSIT_TO,2025-08-25 07:47:54,1208,2756,AH-27-ND,POINT (-9.150799751281738 38.72407913208008)
2450_716,3737_20250801_164_0_8,164_0,1,38.75157165527344,-9.204079627990723,1,IN_TRANSIT_TO,2025-08-25 07:47:48,10915,2450,44-BC-36,POINT (-9.204079627990723 38.75157165527344)
301_744,5844_20250801_200_0_3,200_0,0,38.77212142944336,-9.097430229187012,26,IN_TRANSIT_TO,2025-08-25 07:47:56,7821,301,74-SM-62,POINT (-9.097430229187012 38.77212142944336)
2483_729,4811_20250801_104_0_5,104_0,1,38.697349548339844,-9.199870109558105,7,IN_TRANSIT_TO,2025-08-25 07:48:01,4109,2483,74-BC-66,POINT (-9.199870109558105 38.697349548339844)
2499_735,5273_20250801_172_0_2,172_0,1,38.72111892700195,-9.126350402832031,22,IN_TRANSIT_TO,2025-08-25 07:47:58,9112,2499,03-BM-58,POINT (-9.126350402832031 38.72111892700195)
1721_717,3850_20250801_170_0_6,170_0,1,38.759700775146484,-9.156749725341797,25,IN_TRANSIT_TO,2025-08-25 07:48:02,5808,1721,25-AS-33,POINT (-9.156749725341797 38.759700775146484)
1775_755,6653_20250801_118_0_6,118_0,0,38.748619079589844,-9.105219841003418,5,IN_TRANSIT_TO,2025-08-25 07:48:07,50228,1775,53-HX-08,POINT (-9.105219841003418 38.748619079589844)
2797_709,3390_20250801_148_0_8,148_0,0,38.715431213378906,-9.163570404052734,10,IN_TRANSIT_TO,2025-08-25 07:47:41,8110,2797,AJ-57-LI,POINT (-9.163570404052734 38.715431213378906)
2284_799,8213_20250801_120_0_6,120_0,0,38.74114990234375,-9.211620330810547,12,IN_TRANSIT_TO,2025-08-25 07:48:01,8818,2284,67-36-ZJ,POINT (-9.211620330810547 38.74114990234375)
2784_754,6612_20250801_201_0_4,201_0,0,38.74272155761719,-9.146730422973633,3,IN_TRANSIT_TO,2025-08-25 07:47:50,1903,2784,AI-09-BT,POINT (-9.146730422973633 38.74272155761719)
1706_798,8200_20250801_194_0_7,194_0,0,38.7777214050293,-9.147549629211426,15,IN_TRANSIT_TO,2025-08-25 07:47:59,6020,1706,69-AL-69,POINT (-9.147549629211426 38.7777214050293)
1710_708,3308_20250801_100_0_3,100_0,0,38.79528045654297,-9.100250244140625,40,IN_TRANSIT_TO,2025-08-25 07:46:37,50448,1710,69-AL-73,POINT (-9.100250244140625 38.79528045654297)
2480_703,3160_20250801_165_0_4,165_0,0,38.759681701660156,-9.179750442504883,29,IN_TRANSIT_TO,2025-08-25 07:48:00,12828,2480,91-BE-75,POINT (-9.179750442504883 38.759681701660156)
217_13B,21595_20250801_243_0_4,243_0,0,38.71754837036133,-9.121780395507812,16,IN_TRANSIT_TO,2025-08-25 07:47:59,2103,217,29-98-XM,POINT (-9.121780395507812 38.71754837036133)
2413_726,4296_20250801_116_0_4,116_0,1,38.72129821777344,-9.129079818725586,32,IN_TRANSIT_TO,2025-08-25 07:48:07,9118,2413,92-AO-50,POINT (-9.129079818725586 38.72129821777344)
2454_703,3128_20250801_165_0_5,165_0,1,38.7711296081543,-9.173749923706055,21,IN_TRANSIT_TO,2025-08-25 07:47:50,5949,2454,16-AZ-18,POINT (-9.173749923706055 38.7711296081543)
2482_703,3139_20250801_165_0_4,165_0,1,38.749229431152344,-9.192649841308594,7,IN_TRANSIT_TO,2025-08-25 07:47:55,10835,2482,55-BH-02,POINT (-9.192649841308594 38.749229431152344)
2801_725,4238_20250801_197_0_8,197_0,1,38.792198181152344,-9.123120307922363,13,IN_TRANSIT_TO,2025-08-25 07:46:45,7824,2801,38-HU-27,POINT (-9.123120307922363 38.792198181152344)
1769_794,8061_20250801_115_0_4,115_0,1,38.765380859375,-9.104180335998535,3,IN_TRANSIT_TO,2025-08-25 07:47:27,2322,1769,63-HX-24,POINT (-9.104180335998535 38.765380859375)
1768_794,8080_20250801_115_0_5,115_0,0,38.75202941894531,-9.113530158996582,28,IN_TRANSIT_TO,2025-08-25 07:47:45,24377,1768,63-HX-23,POINT (-9.113530158996582 38.75202941894531)
2255_799,8224_20250801_120_0_5,120_0,1,38.73522186279297,-9.21897029876709,7,IN_TRANSIT_TO,2025-08-25 07:48:08,50055,2255,80-54-ZE,POINT (-9.21897029876709 38.73522186279297)
2768_727,4530_20250801_103_0_3,103_0,1,38.7067985534668,-9.175479888916016,19,IN_TRANSIT_TO,2025-08-25 07:48:03,12105,2768,AH-25-ND,POINT (-9.175479888916016 38.7067985534668)
1722_742,5770_20250801_114_0_5,114_0,0,38.73469924926758,-9.152950286865234,25,IN_TRANSIT_TO,2025-08-25 07:48:09,1413,1722,25-AS-34,POINT (-9.152950286865234 38.73469924926758)
1759_720,4088_20250801_143_0_6,143_0,1,38.73522186279297,-9.140669822692871,22,IN_TRANSIT_TO,2025-08-25 07:48:02,11102,1759,34-HU-25,POINT (-9.140669822692871 38.73522186279297)
1756_756,6726_20250801_175_0_7,175_0,1,38.74123001098633,-9.14717960357666,14,IN_TRANSIT_TO,2025-08-25 07:47:55,1915,1756,34-HU-22,POINT (-9.14717960357666 38.74123001098633)
2487_726,4263_20250801_116_0_3,116_0,0,38.74959945678711,-9.172300338745117,20,IN_TRANSIT_TO,2025-08-25 07:48:03,12709,2487,54-BH-97,POINT (-9.172300338745117 38.74959945678711)
1757_708,3339_20250801_100_0_6,100_0,0,38.72687911987305,-9.134849548339844,5,IN_TRANSIT_TO,2025-08-25 07:48:03,607,1757,34-HU-23,POINT (-9.134849548339844 38.72687911987305)
2433_726,4307_20250801_116_0_4,116_0,1,38.735069274902344,-9.149129867553711,24,IN_TRANSIT_TO,2025-08-25 07:47:51,1412,2433,44-BC-28,POINT (-9.149129867553711 38.735069274902344)
2344_767,20139_20250801_112_1_4,112_1,1,38.749481201171875,-9.219869613647461,1,IN_TRANSIT_TO,2025-08-25 07:47:42,50335,2344,53-60-ZJ,POINT (-9.219869613647461 38.749481201171875)
2771_727,4452_20250801_103_0_3,103_0,0,38.71609878540039,-9.231200218200684,0,IN_TRANSIT_TO,2025-08-25 07:35:44,,2771,AH-20-ND,POINT (-9.231200218200684 38.71609878540039)
2412_716,3722_20250801_164_0_5,164_0,0,38.749080657958984,-9.202150344848633,21,IN_TRANSIT_TO,2025-08-25 07:47:46,10802,2412,92-AO-48,POINT (-9.202150344848633 38.749080657958984)
2469_729,4824_20250801_104_0_4,104_0,0,38.7288818359375,-9.197879791259766,20,IN_TRANSIT_TO,2025-08-25 07:47:42,8838,2469,16-AZ-09,POINT (-9.197879791259766 38.7288818359375)
1704_783,7838_20250801_203_0_5,203_0,0,38.77022933959961,-9.123100280761719,21,IN_TRANSIT_TO,2025-08-25 07:47:53,12201,1704,35-AL-14,POINT (-9.123100280761719 38.77022933959961)
2268_763,46427_20250801_282_0_5,282_0,0,38.781898498535156,-9.170680046081543,8,IN_TRANSIT_TO,2025-08-25 07:48:00,50642,2268,76-87-ZG,POINT (-9.170680046081543 38.781898498535156)
2447_767,7183_20250801_112_0_4,112_0,1,38.76152038574219,-9.164970397949219,26,IN_TRANSIT_TO,2025-08-25 07:47:47,50014,2447,44-BC-33,POINT (-9.164970397949219 38.76152038574219)
1771_794,8060_20250801_115_0_5,115_0,1,38.75215148925781,-9.121219635009766,23,IN_TRANSIT_TO,2025-08-25 07:47:42,14729,1771,63-HX-27,POINT (-9.121219635009766 38.75215148925781)
4613_750,6346_20250801_106_0_4,106_0,0,38.75883102416992,-9.159379959106445,16,IN_TRANSIT_TO,2025-08-25 07:47:58,5810,4613,22-GP-48,POINT (-9.159379959106445 38.75883102416992)
1779_796,8150_20250801_174_0_6,174_0,1,38.78411865234375,-9.161450386047363,8,IN_TRANSIT_TO,2025-08-25 07:46:54,7216,1779,63-HX-20,POINT (-9.161450386047363 38.78411865234375)
1725_798,8196_20250801_194_0_8,194_0,1,38.77817916870117,-9.145580291748047,8,IN_TRANSIT_TO,2025-08-25 07:48:06,6013,1725,25-AS-37,POINT (-9.145580291748047 38.77817916870117)
2772_738,5555_20250801_117_0_4,117_0,1,38.7198486328125,-9.155050277709961,14,IN_TRANSIT_TO,2025-08-25 07:47:56,6805,2772,AH-24-ND,POINT (-9.155050277709961 38.7198486328125)
2467_726,4285_20250801_116_0_5,116_0,0,38.72639846801758,-9.135430335998535,5,IN_TRANSIT_TO,2025-08-25 07:48:09,605,2467,16-AZ-14,POINT (-9.135430335998535 38.72639846801758)
2752_742,5758_20250801_114_0_6,114_0,1,38.71398162841797,-9.194950103759766,2,IN_TRANSIT_TO,2025-08-25 07:47:59,12928,2752,AG-18-TH,POINT (-9.194950103759766 38.71398162841797)
2757_727,4474_20250801_103_0_2,103_0,0,38.74784851074219,-9.141079902648926,3,IN_TRANSIT_TO,2025-08-25 07:47:56,201,2757,AH-32-ND,POINT (-9.141079902648926 38.74784851074219)
2823_728,4680_20250801_204_0_4,204_0,0,38.74586868286133,-9.100350379943848,34,IN_TRANSIT_TO,2025-08-25 07:47:12,12501,2823,BF-64-FZ,POINT (-9.100350379943848 38.74586868286133)
2473_729,4767_20250801_104_0_4,104_0,0,38.764869689941406,-9.19933032989502,6,IN_TRANSIT_TO,2025-08-25 07:47:52,13909,2473,74-BC-68,POINT (-9.19933032989502 38.764869689941406)
406_10B,21753_20250801_242_0_4,242_0,0,38.7110710144043,-9.127920150756836,15,IN_TRANSIT_TO,2025-08-25 07:47:58,50520,406,BF-93-TB,POINT (-9.127920150756836 38.7110710144043)
2285_758,6873_20250801_150_0_6,150_0,1,38.74943161010742,-9.197480201721191,5,IN_TRANSIT_TO,2025-08-25 07:48:05,10919,2285,67-55-ZJ,POINT (-9.197480201721191 38.74943161010742)
2449_767,7290_20250801_112_0_3,112_0,0,38.73500061035156,-9.141449928283691,6,IN_TRANSIT_TO,2025-08-25 07:47:09,11102,2449,44-BC-35,POINT (-9.141449928283691 38.73500061035156)
1719_708,3323_20250801_100_0_4,100_0,0,38.76752853393555,-9.104680061340332,27,IN_TRANSIT_TO,2025-08-25 07:48:03,7711,1719,25-AS-31,POINT (-9.104680061340332 38.76752853393555)
2437_767,7271_20250801_112_0_3,112_0,0,38.762271881103516,-9.162449836730957,20,IN_TRANSIT_TO,2025-08-25 07:47:55,5823,2437,29-AX-09,POINT (-9.162449836730957 38.762271881103516)
2269_771,21938_20250801_248_0_7,248_0,1,38.704769134521484,-9.198929786682129,4,IN_TRANSIT_TO,2025-08-25 07:47:46,13304,2269,76-88-ZG,POINT (-9.198929786682129 38.704769134521484)
2420_729,4756_20250801_104_0_3,104_0,0,38.74945068359375,-9.191280364990234,11,IN_TRANSIT_TO,2025-08-25 07:48:02,10804,2420,29-AU-15,POINT (-9.191280364990234 38.74945068359375)
2833_753,19175_20250801_167_0_7,167_0,0,38.72922134399414,-9.143770217895508,1,IN_TRANSIT_TO,2025-08-25 07:47:52,1712,2833,BF-65-FZ,POINT (-9.143770217895508 38.72922134399414)
1703_783,7825_20250801_203_0_6,203_0,1,38.7902717590332,-9.125550270080566,0,IN_TRANSIT_TO,2025-08-25 07:47:43,,1703,35-AL-13,POINT (-9.125550270080566 38.7902717590332)
4622_736,5418_20250801_199_0_6,199_0,1,38.78083038330078,-9.164130210876465,7,IN_TRANSIT_TO,2025-08-25 07:46:20,7202,4622,90-JI-91,POINT (-9.164130210876465 38.78083038330078)
1766_749,59033_20250801_195_0_2,195_0,1,38.748680114746094,-9.108949661254883,21,IN_TRANSIT_TO,2025-08-25 07:47:42,7302,1766,63-HX-33,POINT (-9.108949661254883 38.748680114746094)
2465_767,7202_20250801_112_0_2,112_0,1,38.758949279785156,-9.180870056152344,20,IN_TRANSIT_TO,2025-08-25 07:47:50,12803,2465,55-BH-00,POINT (-9.180870056152344 38.758949279785156)
1715_796,8142_20250801_174_0_8,174_0,1,38.76116943359375,-9.157349586486816,16,IN_TRANSIT_TO,2025-08-25 07:47:50,5808,1715,69-AL-78,POINT (-9.157349586486816 38.76116943359375)
2271_771,39067_20250801_248_0_4,248_0,0,38.72624969482422,-9.194430351257324,11,IN_TRANSIT_TO,2025-08-25 07:47:52,8607,2271,92-54-ZM,POINT (-9.194430351257324 38.72624969482422)
1765_717,3804_20250801_170_0_5,170_0,0,38.75807189941406,-9.140899658203125,11,IN_TRANSIT_TO,2025-08-25 07:48:08,11307,1765,63-HX-28,POINT (-9.140899658203125 38.75807189941406)
1763_717,19441_20250801_170_4_6,170_4,1,38.787818908691406,-9.145179748535156,8,IN_TRANSIT_TO,2025-08-25 07:47:43,6003,1763,63-HX-25,POINT (-9.145179748535156 38.787818908691406)
1776_796,8138_20250801_174_0_7,174_0,0,38.76118087768555,-9.157219886779785,0,IN_TRANSIT_TO,2025-08-25 07:47:44,,1776,53-HX-09,POINT (-9.157219886779785 38.76118087768555)
4603_753,20134_20250801_167_0_2,167_0,1,38.727230072021484,-9.146329879760742,7,IN_TRANSIT_TO,2025-08-25 07:48:05,1201,4603,96-GL-81,POINT (-9.146329879760742 38.727230072021484)
1761_717,3799_20250801_170_0_2,170_0,0,38.770530700683594,-9.159850120544434,19,IN_TRANSIT_TO,2025-08-25 07:48:08,5903,1761,63-HX-19,POINT (-9.159850120544434 38.770530700683594)
2306_735,5255_20250801_172_0_5,172_0,0,38.73331832885742,-9.132880210876465,19,IN_TRANSIT_TO,2025-08-25 07:47:50,509,2306,83-19-ZM,POINT (-9.132880210876465 38.73331832885742)
2477_726,4351_20250801_116_0_5,116_0,0,38.76594924926758,-9.198880195617676,30,IN_TRANSIT_TO,2025-08-25 07:47:47,13910,2477,91-BE-73,POINT (-9.198880195617676 38.76594924926758)
1712_717,3821_20250801_170_0_6,170_0,0,38.74161911010742,-9.133299827575684,3,IN_TRANSIT_TO,2025-08-25 07:47:42,411,1712,69-AL-75,POINT (-9.133299827575684 38.74161911010742)
605_15E,11283_20250801_76_0_6,76_0,1,38.7034797668457,-9.167799949645996,15,IN_TRANSIT_TO,2025-08-25 07:47:44,4001,605,,POINT (-9.167799949645996 38.7034797668457)
2240_726,4324_20250801_116_0_2,116_0,1,38.74222183227539,-9.168100357055664,15,IN_TRANSIT_TO,2025-08-25 07:48:04,1612,2240,06-31-XX,POINT (-9.168100357055664 38.74222183227539)
2297_731,5016_20250801_190_0_5,190_0,0,38.7801513671875,-9.102470397949219,32,IN_TRANSIT_TO,2025-08-25 07:47:45,7902,2297,83-06-ZM,POINT (-9.102470397949219 38.7801513671875)
2403_778,7532_20250801_179_0_6,179_0,1,38.762081146240234,-9.162369728088379,22,IN_TRANSIT_TO,2025-08-25 07:47:42,50014,2403,50-AL-12,POINT (-9.162369728088379 38.762081146240234)
2791_713,21385_20250801_122_0_6,122_0,1,38.728919982910156,-9.17212963104248,2,IN_TRANSIT_TO,2025-08-25 07:47:44,2704,2791,AJ-61-LI,POINT (-9.17212963104248 38.728919982910156)
2426_703,3113_20250801_165_0_2,165_0,1,38.77909851074219,-9.15962028503418,27,IN_TRANSIT_TO,2025-08-25 07:47:47,5924,2426,29-AU-21,POINT (-9.15962028503418 38.77909851074219)
221_58B,19295_20250801_227_0_5,227_0,0,38.74562072753906,-9.168379783630371,2,IN_TRANSIT_TO,2025-08-25 07:47:52,1604,221,11-06-XO,POINT (-9.168379783630371 38.74562072753906)
408_67B,28225_20250801_253_0_3,253_0,0,38.707618713378906,-9.173830032348633,11,IN_TRANSIT_TO,2025-08-25 07:48:08,9425,408,BF-24-TS,POINT (-9.173830032348633 38.707618713378906)
2401_716,3735_20250801_164_0_6,164_0,1,38.73822021484375,-9.158920288085938,16,IN_TRANSIT_TO,2025-08-25 07:47:44,1508,2401,50-AL-14,POINT (-9.158920288085938 38.73822021484375)
2485_729,4800_20250801_104_0_5,104_0,1,38.74502182006836,-9.199830055236816,25,IN_TRANSIT_TO,2025-08-25 07:47:49,2806,2485,91-BE-77,POINT (-9.199830055236816 38.74502182006836)
2837_751,6480_20250801_109_4_5,109_4,0,38.718570709228516,-9.175020217895508,4,IN_TRANSIT_TO,2025-08-25 07:47:55,11902,2837,BF-66-FZ,POINT (-9.175020217895508 38.718570709228516)
2334_794,8095_20250801_115_0_6,115_0,0,38.752349853515625,-9.123299598693848,18,IN_TRANSIT_TO,2025-08-25 07:47:52,14728,2334,53-53-ZJ,POINT (-9.123299598693848 38.752349853515625)
2776_754,6579_20250801_201_0_4,201_0,1,38.74161911010742,-9.211600303649902,13,IN_TRANSIT_TO,2025-08-25 07:47:40,8819,2776,AI-07-BT,POINT (-9.211600303649902 38.74161911010742)
228_773,7401_20250801_124_0_9,124_0,0,38.71223068237305,-9.168330192565918,19,IN_TRANSIT_TO,2025-08-25 07:48:04,10107,228,84-39-XQ,POINT (-9.168330192565918 38.71223068237305)
2474_726,4274_20250801_116_0_3,116_0,0,38.738529205322266,-9.154199600219727,14,IN_TRANSIT_TO,2025-08-25 07:48:10,1503,2474,74-BC-67,POINT (-9.154199600219727 38.738529205322266)
2303_708,3279_20250801_100_0_5,100_0,1,38.76544952392578,-9.110919952392578,20,IN_TRANSIT_TO,2025-08-25 07:48:08,7725,2303,83-11-ZM,POINT (-9.110919952392578 38.76544952392578)
606_15E,11267_20250801_76_0_5,76_0,1,38.70623016357422,-9.144149780273438,20,IN_TRANSIT_TO,2025-08-25 07:47:57,3803,606,,POINT (-9.144149780273438 38.70623016357422)
2748_742,5730_20250801_114_0_3,114_0,1,38.711448669433594,-9.172900199890137,23,IN_TRANSIT_TO,2025-08-25 07:47:38,50068,2748,AG-96-TG,POINT (-9.172900199890137 38.711448669433594)
609_15E,11257_20250801_76_0_4,76_0,1,38.71015167236328,-9.136529922485352,22,IN_TRANSIT_TO,2025-08-25 07:47:56,5512,609,,POINT (-9.136529922485352 38.71015167236328)
4609_728,4702_20250801_204_0_4,204_0,0,38.7086296081543,-9.135530471801758,21,IN_TRANSIT_TO,2025-08-25 07:47:42,5501,4609,96-GL-86,POINT (-9.135530471801758 38.7086296081543)
1720_717,3782_20250801_170_0_5,170_0,0,38.79254913330078,-9.150320053100586,37,IN_TRANSIT_TO,2025-08-25 07:46:40,11608,1720,25-AS-32,POINT (-9.150320053100586 38.79254913330078)
1724_796,8117_20250801_174_0_9,174_0,0,38.79106903076172,-9.150699615478516,13,IN_TRANSIT_TO,2025-08-25 07:47:46,50276,1724,25-AS-36,POINT (-9.150699615478516 38.79106903076172)
2753_756,6747_20250801_175_0_6,175_0,0,38.737728118896484,-9.156120300292969,13,IN_TRANSIT_TO,2025-08-25 07:48:08,1503,2753,AG-08-TH,POINT (-9.156120300292969 38.737728118896484)
2289_724,4229_20250801_178_0_6,178_0,1,38.76422119140625,-9.198699951171875,0,IN_TRANSIT_TO,2025-08-25 07:48:06,,2289,92-60-ZM,POINT (-9.198699951171875 38.76422119140625)
2451_747,6109_20250801_177_0_4,177_0,1,38.76411819458008,-9.176619529724121,13,IN_TRANSIT_TO,2025-08-25 07:47:58,50022,2451,75-AQ-16,POINT (-9.176619529724121 38.76411819458008)
2405_767,20138_20250801_112_1_3,112_1,1,38.78715133666992,-9.142219543457031,5,IN_TRANSIT_TO,2025-08-25 07:47:53,3003,2405,50-AL-10,POINT (-9.142219543457031 38.78715133666992)
2792_727,4465_20250801_103_0_3,103_0,0,38.722679138183594,-9.151579856872559,14,IN_TRANSIT_TO,2025-08-25 07:47:54,1214,2792,AJ-53-LI,POINT (-9.151579856872559 38.722679138183594)
2434_729,4821_20250801_104_0_2,104_0,0,38.698150634765625,-9.224499702453613,38,IN_TRANSIT_TO,2025-08-25 07:47:55,13204,2434,29-AU-24,POINT (-9.224499702453613 38.698150634765625)
2464_703,3164_20250801_165_0_5,165_0,0,38.77399826049805,-9.161049842834473,15,IN_TRANSIT_TO,2025-08-25 07:47:49,5925,2464,91-BE-71,POINT (-9.161049842834473 38.77399826049805)
223_773,7382_20250801_124_0_10,124_0,1,38.70998001098633,-9.171420097351074,6,IN_TRANSIT_TO,2025-08-25 07:48:04,50081,223,84-38-XQ,POINT (-9.171420097351074 38.70998001098633)
1726_701,2971_20250801_123_0_5,123_0,1,38.750850677490234,-9.173150062561035,15,IN_TRANSIT_TO,2025-08-25 07:47:55,12711,1726,25-AS-38,POINT (-9.173150062561035 38.750850677490234)
2291_758,6799_20250801_150_0_3,150_0,0,38.73767852783203,-9.167670249938965,17,IN_TRANSIT_TO,2025-08-25 07:47:43,2713,2291,92-56-ZM,POINT (-9.167670249938965 38.73767852783203)
4610_750,6260_20250801_106_0_5,106_0,1,38.757381439208984,-9.177419662475586,20,IN_TRANSIT_TO,2025-08-25 07:47:38,10809,4610,96-GL-87,POINT (-9.177419662475586 38.757381439208984)
2840_751,6494_20250801_109_4_9,109_4,0,38.72822189331055,-9.172769546508789,1,IN_TRANSIT_TO,2025-08-25 07:48:07,2702,2840,BF-75-FZ,POINT (-9.172769546508789 38.72822189331055)
2751_755,6690_20250801_118_0_3,118_0,1,38.753299713134766,-9.15546989440918,7,IN_TRANSIT_TO,2025-08-25 07:47:45,5702,2751,AG-12-TH,POINT (-9.15546989440918 38.753299713134766)
2438_767,20137_20250801_112_1_3,112_1,1,38.758750915527344,-9.180580139160156,20,IN_TRANSIT_TO,2025-08-25 07:47:58,12803,2438,44-BC-29,POINT (-9.180580139160156 38.758750915527344)
2825_753,6565_20250801_167_0_7,167_0,0,38.72433090209961,-9.160619735717773,5,IN_TRANSIT_TO,2025-08-25 07:48:03,1223,2825,BF-53-FZ,POINT (-9.160619735717773 38.72433090209961)
1709_708,3356_20250801_100_0_2,100_0,1,38.75822067260742,-9.13012981414795,30,IN_TRANSIT_TO,2025-08-25 07:47:44,7512,1709,69-AL-72,POINT (-9.13012981414795 38.75822067260742)
6029_732,5060_20250801_107_0_3,107_0,0,38.713348388671875,-9.139570236206055,16,IN_TRANSIT_TO,2025-08-25 07:47:44,908,6029,BF-52-AX,POINT (-9.139570236206055 38.713348388671875)
2245_758,6776_20250801_150_0_5,150_0,0,38.74987030029297,-9.194470405578613,26,IN_TRANSIT_TO,2025-08-25 07:47:56,10814,2245,22-35-ZB,POINT (-9.194470405578613 38.74987030029297)
2466_747,6118_20250801_177_0_3,177_0,0,38.76165008544922,-9.196800231933594,20,IN_TRANSIT_TO,2025-08-25 07:47:54,13909,2466,16-AZ-16,POINT (-9.196800231933594 38.76165008544922)
2668_714,3703_20250801_102_0_6,102_0,1,38.70502853393555,-9.161499977111816,32,IN_TRANSIT_TO,2025-08-25 07:47:46,10211,2668,87-XB-36,POINT (-9.161499977111816 38.70502853393555)
208_41B,19387_20250801_232_0_5,232_0,0,38.773868560791016,-9.161470413208008,18,IN_TRANSIT_TO,2025-08-25 07:47:53,5950,208,33-47-XH,POINT (-9.161470413208008 38.773868560791016)
4834_736,5421_20250801_199_0_6,199_0,1,38.786598205566406,-9.179200172424316,2,IN_TRANSIT_TO,2025-08-25 07:47:46,15103,4834,20-VQ-71,POINT (-9.179200172424316 38.786598205566406)
2843_728,4705_20250801_204_0_4,204_0,0,38.706298828125,-9.155349731445312,17,IN_TRANSIT_TO,2025-08-25 07:47:51,3901,2843,BF-63-FZ,POINT (-9.155349731445312 38.706298828125)
2296_731,4993_20250801_190_0_4,190_0,1,38.75482940673828,-9.151949882507324,24,IN_TRANSIT_TO,2025-08-25 07:47:56,11321,2296,92-51-ZM,POINT (-9.151949882507324 38.75482940673828)
203_41B,19379_20250801_232_0_5,232_0,1,38.78215026855469,-9.14745044708252,16,IN_TRANSIT_TO,2025-08-25 07:47:47,6018,203,89-59-XD,POINT (-9.14745044708252 38.78215026855469)
213_49B,22227_20250801_251_0_4,251_0,0,38.745521545410156,-9.135069847106934,17,IN_TRANSIT_TO,2025-08-25 07:44:16,50109,213,44-10-XL,POINT (-9.135069847106934 38.745521545410156)
2209_735,5269_20250801_172_0_4,172_0,1,38.70528030395508,-9.14342975616455,35,IN_TRANSIT_TO,2025-08-25 07:47:42,3820,2209,01-68-XO,POINT (-9.14342975616455 38.70528030395508)
409_19B,21691_20250801_245_0_4,245_0,0,38.72003173828125,-9.155349731445312,7,IN_TRANSIT_TO,2025-08-25 07:44:40,6810,409,BF-73-TQ,POINT (-9.155349731445312 38.72003173828125)
2210_742,5762_20250801_114_0_4,114_0,0,38.70697021484375,-9.196550369262695,49,IN_TRANSIT_TO,2025-08-25 07:47:42,13312,2210,01-66-XO,POINT (-9.196550369262695 38.70697021484375)
2214_794,8038_20250801_115_0_3,115_0,0,38.70909881591797,-9.129650115966797,1,IN_TRANSIT_TO,2025-08-25 07:47:57,4507,2214,08-02-XS,POINT (-9.129650115966797 38.70909881591797)
6002_760,7094_20250801_171_0_5,171_0,0,38.70426940917969,-9.173819541931152,17,IN_TRANSIT_TO,2025-08-25 07:47:45,4004,6002,98-XU-85,POINT (-9.173819541931152 38.70426940917969)
2223_708,3345_20250801_100_0_6,100_0,0,38.71577835083008,-9.136930465698242,2,IN_TRANSIT_TO,2025-08-25 07:47:57,818,2223,08-16-XS,POINT (-9.136930465698242 38.71577835083008)
6028_760,7102_20250801_171_0_6,171_0,0,38.7236213684082,-9.139780044555664,4,IN_TRANSIT_TO,2025-08-25 07:48:04,9211,6028,BF-68-AX,POINT (-9.139780044555664 38.7236213684082)
566_28E,14911_20250801_75_0_3,75_0,1,38.72346878051758,-9.133919715881348,32,IN_TRANSIT_TO,2025-08-25 07:47:16,708,566,,POINT (-9.133919715881348 38.72346878051758)
2228_794,8039_20250801_115_0_5,115_0,1,38.70772933959961,-9.132780075073242,38,IN_TRANSIT_TO,2025-08-25 07:47:53,8202,2228,06-24-XX,POINT (-9.132780075073242 38.70772933959961)
2836_753,20135_20250801_167_0_2,167_0,1,38.719268798828125,-9.17555046081543,2,IN_TRANSIT_TO,2025-08-25 07:47:42,14602,2836,BF-70-FZ,POINT (-9.17555046081543 38.719268798828125)
2207_735,5186_20250801_172_0_4,172_0,1,38.744380950927734,-9.139300346374512,10,IN_TRANSIT_TO,2025-08-25 07:48:08,306,2207,01-70-XO,POINT (-9.139300346374512 38.744380950927734)
413_22B,19424_20250801_236_0_5,236_0,0,38.707298278808594,-9.145000457763672,14,IN_TRANSIT_TO,2025-08-25 07:47:27,9902,413,BF-41-TS,POINT (-9.145000457763672 38.707298278808594)
4615_750,6399_20250801_106_0_4,106_0,1,38.756248474121094,-9.147049903869629,26,IN_TRANSIT_TO,2025-08-25 07:47:41,5712,4615,22-GP-49,POINT (-9.147049903869629 38.756248474121094)
565_28E,14923_20250801_75_0_5,75_0,1,38.712398529052734,-9.130550384521484,23,IN_TRANSIT_TO,2025-08-25 07:47:57,13811,565,,POINT (-9.130550384521484 38.712398529052734)
6004_760,7087_20250801_171_0_3,171_0,0,38.707679748535156,-9.195779800415039,28,IN_TRANSIT_TO,2025-08-25 07:47:56,10304,6004,82-ZC-35,POINT (-9.195779800415039 38.707679748535156)
2242_758,6821_20250801_150_0_3,150_0,0,38.71780014038086,-9.15155029296875,6,IN_TRANSIT_TO,2025-08-25 07:47:58,10605,2242,22-42-ZB,POINT (-9.15155029296875 38.71780014038086)
615_15E,11241_20250801_76_0_3,76_0,0,38.7081184387207,-9.137129783630371,2,IN_TRANSIT_TO,2025-08-25 07:48:00,5515,615,,POINT (-9.137129783630371 38.7081184387207)
2273_758,6806_20250801_150_0_5,150_0,0,38.72100067138672,-9.161529541015625,10,IN_TRANSIT_TO,2025-08-25 07:47:43,8513,2273,76-81-ZG,POINT (-9.161529541015625 38.72100067138672)
2267_763,46423_20250801_282_0_4,282_0,1,38.76554870605469,-9.198450088500977,5,IN_TRANSIT_TO,2025-08-25 07:47:49,13904,2267,76-86-ZG,POINT (-9.198450088500977 38.76554870605469)
2266_758,6857_20250801_150_0_4,150_0,1,38.72433090209961,-9.16034984588623,22,IN_TRANSIT_TO,2025-08-25 07:47:53,6120,2266,76-92-ZG,POINT (-9.16034984588623 38.72433090209961)
