id,trip_id,route_id,direction_id,latitude,longitude,current_stop_sequence,current_status,timestamp,stop_id,vehicle_id,license_plate,geometry
6032_706,3266_20260101_147_0_11,147_0,1,38.71282958984375,-9.123579978942871,1,IN_TRANSIT_TO,2026-01-19 15:28:41,2133,6032,BF-93-BC,POINT (-9.123579978942871 38.71282958984375)
2689_723,4168_20260101_121_0_12,121_0,1,38.717071533203125,-9.21127986907959,12,IN_TRANSIT_TO,2026-01-19 15:28:44,10404,2689,93-XA-45,POINT (-9.21127986907959 38.717071533203125)
4648_750,6262_20260101_106_0_10,106_0,1,38.728248596191406,-9.209280014038086,7,IN_TRANSIT_TO,2026-01-19 15:28:27,14005,4648,98-JO-47,POINT (-9.209280014038086 38.728248596191406)
2793_712,3565_20260101_189_0_12,189_0,1,38.727569580078125,-9.140780448913574,19,IN_TRANSIT_TO,2026-01-19 15:28:40,6906,2793,AJ-58-LI,POINT (-9.140780448913574 38.727569580078125)
2302_717,3803_20260101_170_0_12,170_0,1,38.779701232910156,-9.141180038452148,11,IN_TRANSIT_TO,2026-01-19 15:28:29,6011,2302,83-08-ZM,POINT (-9.141180038452148 38.779701232910156)
2253_767,7201_20260101_112_0_8,112_0,1,38.753780364990234,-9.19612979888916,12,IN_TRANSIT_TO,2026-01-19 15:28:29,10909,2253,80-52-ZE,POINT (-9.19612979888916 38.753780364990234)
304_708,3311_20260101_100_0_11,100_0,1,38.794151306152344,-9.103670120239258,0,IN_TRANSIT_TO,2026-01-19 15:28:46,,304,22-SP-91,POINT (-9.103670120239258 38.794151306152344)
2254_778,18640_20260101_179_0_19,179_0,0,38.759368896484375,-9.192649841308594,22,IN_TRANSIT_TO,2026-01-19 15:28:11,12821,2254,80-51-ZE,POINT (-9.192649841308594 38.759368896484375)
6022_760,7110_20260101_171_0_2,171_0,1,38.70621871948242,-9.155719757080078,28,IN_TRANSIT_TO,2026-01-19 15:28:23,3901,6022,BF-48-BB,POINT (-9.155719757080078 38.70621871948242)
2315_713,3614_20260101_122_0_9,122_0,0,38.73221969604492,-9.155030250549316,7,IN_TRANSIT_TO,2026-01-19 15:28:45,1405,2315,61-88-ZB,POINT (-9.155030250549316 38.73221969604492)
2992_770,7364_20260101_191_0_16,191_0,0,38.7421989440918,-9.166979789733887,17,IN_TRANSIT_TO,2026-01-19 15:28:34,1621,2992,29-VM-95,POINT (-9.166979789733887 38.7421989440918)
558_18E,12186_20260101_78_0_19,78_0,0,38.706451416015625,-9.154769897460938,2,IN_TRANSIT_TO,2026-01-19 15:28:43,7102,558,,POINT (-9.154769897460938 38.706451416015625)
2766_742,5687_20260101_114_0_13,114_0,0,38.736900329589844,-9.148650169372559,23,IN_TRANSIT_TO,2026-01-16 19:24:24,1811,2766,AH-40-ND,POINT (-9.148650169372559 38.736900329589844)
2250_731,19403_20240727_190_0_8,190_0,1,38.78303146362305,-9.114009857177734,3,IN_TRANSIT_TO,2024-08-10 10:41:27,12610,2250,80-41-ZE,POINT (-9.114009857177734 38.78303146362305)
6021_760,7095_20260101_171_0_5,171_0,0,38.71364974975586,-9.137229919433594,9,IN_TRANSIT_TO,2026-01-19 15:28:23,906,6021,BD-91-QG,POINT (-9.137229919433594 38.71364974975586)
2292_724,4222_20260101_178_0_16,178_0,1,38.720619201660156,-9.185770034790039,22,IN_TRANSIT_TO,2026-01-19 15:28:52,21308,2292,83-16-ZM,POINT (-9.185770034790039 38.720619201660156)
612_15E,11228_20260101_76_0_12,76_0,1,38.70362091064453,-9.171529769897461,15,IN_TRANSIT_TO,2026-01-19 15:28:48,4001,612,,POINT (-9.171529769897461 38.70362091064453)
2321_754,6584_20260101_201_0_10,201_0,1,38.74822998046875,-9.180720329284668,24,IN_TRANSIT_TO,2026-01-19 15:28:40,10707,2321,04-47-ZF,POINT (-9.180720329284668 38.74822998046875)
2256_771,21936_20260101_248_0_14,248_0,1,38.7422981262207,-9.166720390319824,24,IN_TRANSIT_TO,2026-01-19 15:28:50,50472,2256,80-53-ZE,POINT (-9.166720390319824 38.7422981262207)
2795_713,3592_20260101_122_0_12,122_0,1,38.7081184387207,-9.173800468444824,7,IN_TRANSIT_TO,2026-01-19 15:28:28,9425,2795,AJ-55-LI,POINT (-9.173800468444824 38.7081184387207)
2494_720,4087_20260101_143_0_13,143_0,0,38.72431945800781,-9.150650024414062,14,IN_TRANSIT_TO,2026-01-19 15:28:41,1202,2494,88-BL-68,POINT (-9.150650024414062 38.72431945800781)
2830_751,6490_20260101_109_0_15,109_0,0,38.69779968261719,-9.204529762268066,16,IN_TRANSIT_TO,2026-01-19 15:28:27,9604,2830,BF-57-FZ,POINT (-9.204529762268066 38.69779968261719)
2346_768,7347_20260101_111_0_14,111_0,0,38.76002883911133,-9.191880226135254,18,IN_TRANSIT_TO,2026-01-19 15:21:04,12814,2346,62-93-ZG,POINT (-9.191880226135254 38.76002883911133)
6033_706,3260_20260101_147_0_11,147_0,1,38.730831146240234,-9.137630462646484,16,IN_TRANSIT_TO,2026-01-19 15:28:49,6503,6033,BF-92-AZ,POINT (-9.137630462646484 38.730831146240234)
4617_750,6372_20260101_106_0_9,106_0,0,38.75764846801758,-9.142919540405273,12,IN_TRANSIT_TO,2026-01-19 15:28:26,11306,4617,22-GP-51,POINT (-9.142919540405273 38.75764846801758)
4620_750,6390_20260101_106_0_10,106_0,0,38.763580322265625,-9.104029655456543,2,IN_TRANSIT_TO,2026-01-19 15:28:26,2324,4620,22-GP-54,POINT (-9.104029655456543 38.763580322265625)
2955_40B,19262_20260101_212_0_14,212_0,1,38.79336929321289,-9.150130271911621,24,IN_TRANSIT_TO,2026-01-19 15:28:23,50194,2955,27-GU-70,POINT (-9.150130271911621 38.79336929321289)
2951_29B,17527_20251202_209_0_13,209_0,0,38.77273178100586,-9.1181001663208,22,IN_TRANSIT_TO,2025-12-17 14:32:48,50347,2951,62-GQ-53,POINT (-9.1181001663208 38.77273178100586)
2624_722,4121_20260101_196_0_10,196_0,0,38.773868560791016,-9.116629600524902,25,IN_TRANSIT_TO,2026-01-19 15:28:45,12205,2624,72-VP-82,POINT (-9.116629600524902 38.773868560791016)
4642_750,6335_20260101_106_0_9,106_0,0,38.75080108642578,-9.188579559326172,21,IN_TRANSIT_TO,2026-01-19 15:28:40,10816,4642,90-JI-99,POINT (-9.188579559326172 38.75080108642578)
4614_728,4722_20260101_204_4_9,204_4,0,38.70627975463867,-9.145500183105469,9,IN_TRANSIT_TO,2026-01-19 15:28:44,7101,4614,96-GL-90,POINT (-9.145500183105469 38.70627975463867)
4616_750,6421_20260101_106_0_10,106_0,1,38.75004959106445,-9.197500228881836,14,IN_TRANSIT_TO,2026-01-19 15:28:34,2803,4616,22-GP-50,POINT (-9.197500228881836 38.75004959106445)
2943_31B,17538_20260101_210_0_14,210_0,0,38.756221771240234,-9.120630264282227,31,IN_TRANSIT_TO,2026-01-19 15:28:45,14702,2943,51-GL-83,POINT (-9.120630264282227 38.756221771240234)
2953_40B,17568_20260101_212_0_15,212_0,0,38.777469635009766,-9.145870208740234,15,IN_TRANSIT_TO,2026-01-19 15:28:41,6013,2953,62-GQ-55,POINT (-9.145870208740234 38.777469635009766)
2950_29B,17534_20260101_209_0_13,209_0,0,38.76166915893555,-9.113679885864258,0,IN_TRANSIT_TO,2026-01-19 15:28:40,,2950,62-GQ-51,POINT (-9.113679885864258 38.76166915893555)
2949_26B,17520_20260101_208_0_14,208_0,1,38.77302169799805,-9.105629920959473,13,IN_TRANSIT_TO,2026-01-19 15:28:46,7809,2949,62-GQ-52,POINT (-9.105629920959473 38.77302169799805)
4627_736,18817_20260101_199_0_12,199_0,1,38.764801025390625,-9.157119750976562,13,IN_TRANSIT_TO,2026-01-19 15:28:30,5814,4627,11-JM-76,POINT (-9.157119750976562 38.764801025390625)
2688_713,3612_20260101_122_0_13,122_0,0,38.71062088012695,-9.161620140075684,19,IN_TRANSIT_TO,2026-01-19 15:28:47,10011,2688,93-XA-35,POINT (-9.161620140075684 38.71062088012695)
2699_713,20157_20260101_122_0_10,122_0,1,38.733421325683594,-9.154549598693848,31,IN_TRANSIT_TO,2026-01-19 15:28:50,1406,2699,92-XQ-25,POINT (-9.154549598693848 38.733421325683594)
2692_713,3576_20260101_122_0_12,122_0,1,38.718929290771484,-9.156270027160645,22,IN_TRANSIT_TO,2026-01-19 15:28:28,6801,2692,90-XF-62,POINT (-9.156270027160645 38.718929290771484)
2691_714,3709_20260101_102_0_10,102_0,1,38.70547866821289,-9.160300254821777,33,IN_TRANSIT_TO,2026-01-19 15:28:46,3907,2691,90-XF-45,POINT (-9.160300254821777 38.70547866821289)
2690_776,7476_20260101_193_0_40,193_0,0,38.69892120361328,-9.226829528808594,1,IN_TRANSIT_TO,2026-01-19 15:28:43,4220,2690,99-XE-57,POINT (-9.226829528808594 38.69892120361328)
2693_738,5566_20260101_117_0_10,117_0,0,38.720279693603516,-9.154020309448242,23,IN_TRANSIT_TO,2026-01-19 15:28:24,6806,2693,90-XF-46,POINT (-9.154020309448242 38.720279693603516)
2694_754,6622_20260101_201_0_10,201_0,1,38.746150970458984,-9.148050308227539,32,IN_TRANSIT_TO,2026-01-19 15:28:36,2004,2694,90-XF-49,POINT (-9.148050308227539 38.746150970458984)
2669_711,3484_20260101_101_0_9,101_0,0,38.75,-9.206520080566406,23,IN_TRANSIT_TO,2026-01-19 15:28:44,50231,2669,87-XB-34,POINT (-9.206520080566406 38.75)
4836_736,5408_20260101_199_0_10,199_0,1,38.72275161743164,-9.147700309753418,27,IN_TRANSIT_TO,2026-01-19 15:28:47,1102,4836,34-VR-23,POINT (-9.147700309753418 38.72275161743164)
2705_754,6592_20260101_201_0_12,201_0,1,38.73345184326172,-9.219499588012695,8,IN_TRANSIT_TO,2026-01-19 15:28:31,18103,2705,92-XQ-29,POINT (-9.219499588012695 38.73345184326172)
2684_754,6609_20260101_201_0_11,201_0,0,38.74489974975586,-9.19789981842041,18,IN_TRANSIT_TO,2026-01-19 15:28:41,10818,2684,99-XE-59,POINT (-9.19789981842041 38.74489974975586)
6047_732,5062_20260101_107_0_7,107_0,0,38.69921875,-9.191069602966309,30,IN_TRANSIT_TO,2026-01-19 15:28:45,9512,6047,BH-20-IP,POINT (-9.191069602966309 38.69921875)
4618_750,6401_20260101_106_0_9,106_0,1,38.76266860961914,-9.103650093078613,36,IN_TRANSIT_TO,2026-01-19 15:28:48,2311,4618,22-GP-52,POINT (-9.103650093078613 38.76266860961914)
2952_798,8198_20260101_194_0_19,194_0,0,38.78807067871094,-9.150400161743164,22,IN_TRANSIT_TO,2026-01-19 15:28:40,6002,2952,62-GQ-54,POINT (-9.150400161743164 38.78807067871094)
2948_32B,17548_20260101_211_0_14,211_0,0,38.74663162231445,-9.107319831848145,23,IN_TRANSIT_TO,2026-01-19 15:28:26,2210,2948,51-GL-85,POINT (-9.107319831848145 38.74663162231445)
4643_750,6313_20260101_106_0_10,106_0,0,38.71337890625,-9.22367000579834,33,IN_TRANSIT_TO,2026-01-19 15:28:39,18111,4643,98-JO-45,POINT (-9.22367000579834 38.71337890625)
2676_776,7489_20260101_193_0_35,193_0,1,38.702781677246094,-9.251179695129395,2,IN_TRANSIT_TO,2026-01-19 15:28:24,4301,2676,87-XB-40,POINT (-9.251179695129395 38.702781677246094)
2680_746,5964_20260101_108_0_15,108_0,0,38.74164962768555,-9.169119834899902,10,IN_TRANSIT_TO,2026-01-19 15:28:45,1607,2680,93-XA-36,POINT (-9.169119834899902 38.74164962768555)
2681_764,7135_20260101_168_0_13,168_0,0,38.74692153930664,-9.167799949645996,4,IN_TRANSIT_TO,2026-01-19 15:28:50,12706,2681,93-XA-41,POINT (-9.167799949645996 38.74692153930664)
2673_711,3517_20260101_101_0_10,101_0,1,38.708370208740234,-9.136449813842773,34,IN_TRANSIT_TO,2026-01-19 15:28:38,5501,2673,87-XB-37,POINT (-9.136449813842773 38.708370208740234)
2679_764,7162_20260101_168_0_13,168_0,0,38.74272918701172,-9.205920219421387,23,IN_TRANSIT_TO,2026-01-19 15:28:47,50239,2679,93-XA-34,POINT (-9.205920219421387 38.74272918701172)
2670_738,5535_20260101_117_0_9,117_0,1,38.7221794128418,-9.151800155639648,14,IN_TRANSIT_TO,2026-01-19 15:27:56,6805,2670,87-XB-32,POINT (-9.151800155639648 38.7221794128418)
6001_768,7319_20260101_111_0_11,111_0,0,38.745750427246094,-9.181920051574707,10,IN_TRANSIT_TO,2026-01-19 15:28:52,10702,6001,99-XU-70,POINT (-9.181920051574707 38.745750427246094)
2675_754,6615_20260101_201_0_11,201_0,0,38.741371154785156,-9.169719696044922,9,IN_TRANSIT_TO,2026-01-19 15:28:40,1609,2675,87-XB-35,POINT (-9.169719696044922 38.741371154785156)
510_15E,11186_20260101_76_0_11,76_0,0,38.70634841918945,-9.14721965789795,4,IN_TRANSIT_TO,2026-01-19 15:28:50,3802,510,,POINT (-9.14721965789795 38.70634841918945)
2718_738,5553_20260101_117_0_10,117_0,1,38.705020904541016,-9.1810302734375,3,IN_TRANSIT_TO,2026-01-19 15:28:41,12005,2718,92-XQ-23,POINT (-9.1810302734375 38.705020904541016)
6049_732,5057_20260101_107_0_7,107_0,0,38.718849182128906,-9.144599914550781,0,IN_TRANSIT_TO,2026-01-19 15:28:49,,6049,BH-47-IR,POINT (-9.144599914550781 38.718849182128906)
6050_732,5038_20260101_107_0_7,107_0,1,38.709228515625,-9.211469650268555,6,IN_TRANSIT_TO,2026-01-19 15:28:25,12405,6050,BH-62-IR,POINT (-9.211469650268555 38.709228515625)
2347_758,6877_20251202_150_0_14,150_0,1,38.72425079345703,-9.160369873046875,21,IN_TRANSIT_TO,2025-12-09 19:31:15,6120,2347,53-61-ZJ,POINT (-9.160369873046875 38.72425079345703)
2441_703,3170_20260101_165_0_12,165_0,1,38.787349700927734,-9.148880004882812,37,IN_TRANSIT_TO,2026-01-19 15:28:34,6001,2441,29-AX-07,POINT (-9.148880004882812 38.787349700927734)
2741_756,6713_20260101_175_0_15,175_0,1,38.74237060546875,-9.134650230407715,18,IN_TRANSIT_TO,2026-01-19 15:28:45,302,2741,AG-99-TG,POINT (-9.134650230407715 38.74237060546875)
2658_709,3384_20260101_148_0_22,148_0,0,38.71828079223633,-9.156869888305664,8,IN_TRANSIT_TO,2026-01-19 15:28:31,6802,2658,05-VZ-71,POINT (-9.156869888305664 38.71828079223633)
2479_726,4325_20260101_116_0_10,116_0,1,38.726051330566406,-9.134300231933594,30,IN_TRANSIT_TO,2026-01-19 15:28:31,604,2479,91-BE-74,POINT (-9.134300231933594 38.726051330566406)
2844_728,4589_20260101_204_0_10,204_0,0,38.709571838378906,-9.208450317382812,4,IN_TRANSIT_TO,2026-01-19 15:28:40,13101,2844,BF-73-FZ,POINT (-9.208450317382812 38.709571838378906)
2288_771,21940_20260101_248_0_15,248_0,1,38.721920013427734,-9.181770324707031,14,IN_TRANSIT_TO,2026-01-19 15:28:40,21306,2288,92-59-ZM,POINT (-9.181770324707031 38.721920013427734)
2763_742,5747_20260101_114_0_9,114_0,0,38.70526885986328,-9.196100234985352,49,IN_TRANSIT_TO,2026-01-19 15:28:40,13312,2763,AH-23-ND,POINT (-9.196100234985352 38.70526885986328)
2417_747,6110_20260101_177_0_16,177_0,0,38.76504898071289,-9.157150268554688,3,IN_TRANSIT_TO,2026-01-19 15:28:22,5811,2417,50-AL-06,POINT (-9.157150268554688 38.76504898071289)
608_15E,11288_20260101_76_0_13,76_0,0,38.69504928588867,-9.214599609375,19,IN_TRANSIT_TO,2026-01-19 15:28:50,13206,608,,POINT (-9.214599609375 38.69504928588867)
2257_731,41474_20260101_190_0_10,190_0,1,38.77547073364258,-9.102069854736328,10,IN_TRANSIT_TO,2026-01-19 15:28:49,7906,2257,80-50-ZE,POINT (-9.102069854736328 38.77547073364258)
2282_731,4989_20260101_190_0_9,190_0,0,38.77330017089844,-9.104869842529297,28,IN_TRANSIT_TO,2026-01-19 15:28:45,12301,2282,67-35-ZJ,POINT (-9.104869842529297 38.77330017089844)
4832_783,7846_20260101_203_0_11,203_0,0,38.724300384521484,-9.159950256347656,1,IN_TRANSIT_TO,2026-01-19 15:28:51,50309,4832,68-VQ-51,POINT (-9.159950256347656 38.724300384521484)
2301_742,5676_20260101_114_0_7,114_0,1,38.735198974609375,-9.143699645996094,37,IN_TRANSIT_TO,2026-01-19 15:28:29,1806,2301,83-12-ZM,POINT (-9.143699645996094 38.735198974609375)
6015_767,7206_20260101_112_0_2,112_0,1,38.74689865112305,-9.216099739074707,3,IN_TRANSIT_TO,2026-01-19 15:28:44,3015,6015,69-ZF-01,POINT (-9.216099739074707 38.74689865112305)
280_28E,48628_20260101_75_8_23,75_8,1,38.710899353027344,-9.146149635314941,3,IN_TRANSIT_TO,2026-01-19 15:28:47,10510,280,AI-46-OJ,POINT (-9.146149635314941 38.710899353027344)
4811_751,6517_20260101_109_0_11,109_0,1,38.707271575927734,-9.173569679260254,26,IN_TRANSIT_TO,2026-01-19 15:28:37,9415,4811,34-VR-20,POINT (-9.173569679260254 38.707271575927734)
6034_732,5096_20260101_107_0_6,107_0,1,38.70370101928711,-9.162870407104492,24,IN_TRANSIT_TO,2026-01-19 15:28:32,10201,6034,BF-61-AX,POINT (-9.162870407104492 38.70370101928711)
306_783,7854_20260101_203_0_12,203_0,1,38.72534942626953,-9.151800155639648,27,IN_TRANSIT_TO,2026-01-19 15:28:44,1206,306,73-ST-81,POINT (-9.151800155639648 38.72534942626953)
2738_756,6757_20260101_175_0_14,175_0,0,38.736900329589844,-9.158530235290527,14,IN_TRANSIT_TO,2026-01-19 15:28:29,50040,2738,AG-46-EI,POINT (-9.158530235290527 38.736900329589844)
307_783,7809_20260101_203_0_12,203_0,1,38.78512954711914,-9.124329566955566,3,IN_TRANSIT_TO,2026-01-19 15:28:26,16306,307,73-ST-82,POINT (-9.124329566955566 38.78512954711914)
6007_706,3218_20260101_147_0_4,147_0,0,38.719970703125,-9.154879570007324,11,IN_TRANSIT_TO,2026-01-19 15:28:45,6817,6007,80-ZC-62,POINT (-9.154879570007324 38.719970703125)
6035_760,7103_20260101_171_0_11,171_0,1,38.71601867675781,-9.135769844055176,35,IN_TRANSIT_TO,2026-01-19 15:28:38,818,6035,BG-76-LX,POINT (-9.135769844055176 38.71601867675781)
2783_727,4485_20260101_103_0_9,103_0,1,38.70922088623047,-9.211480140686035,3,IN_TRANSIT_TO,2026-01-19 15:28:40,12405,2783,AI-10-BT,POINT (-9.211480140686035 38.70922088623047)
607_15E,11280_20260101_76_0_13,76_0,0,38.69990158081055,-9.226869583129883,21,IN_TRANSIT_TO,2026-01-19 15:28:29,4208,607,,POINT (-9.226869583129883 38.69990158081055)
2978_797,8172_20260101_163_0_26,163_0,1,38.72172927856445,-9.128769874572754,0,IN_TRANSIT_TO,2026-01-19 15:28:31,,2978,29-VM-92,POINT (-9.128769874572754 38.72172927856445)
4633_783,7835_20260101_203_0_11,203_0,0,38.76668167114258,-9.128899574279785,18,IN_TRANSIT_TO,2026-01-19 15:28:42,7513,4633,90-JI-94,POINT (-9.128899574279785 38.76668167114258)
2259_758,6831_20260101_150_0_10,150_0,0,38.750118255615234,-9.19556999206543,27,IN_TRANSIT_TO,2026-01-19 15:28:50,10802,2259,67-44-ZJ,POINT (-9.19556999206543 38.750118255615234)
2270_758,6877_20260101_150_0_10,150_0,1,38.705299377441406,-9.143269538879395,33,IN_TRANSIT_TO,2026-01-19 15:28:45,3826,2270,76-82-ZG,POINT (-9.143269538879395 38.705299377441406)
2779_727,4463_20260101_103_0_8,103_0,1,38.70606994628906,-9.172699928283691,19,IN_TRANSIT_TO,2026-01-19 15:28:52,12105,2779,AI-02-BT,POINT (-9.172699928283691 38.70606994628906)
308_708,3276_20260101_100_0_11,100_0,1,38.7712287902832,-9.148079872131348,0,IN_TRANSIT_TO,2026-01-19 15:28:30,,308,68-SX-55,POINT (-9.148079872131348 38.7712287902832)
2703_727,4552_20260101_103_0_8,103_0,1,38.748680114746094,-9.135519981384277,48,IN_TRANSIT_TO,2026-01-19 15:28:44,11208,2703,92-XQ-24,POINT (-9.135519981384277 38.748680114746094)
2495_708,3298_20260101_100_0_8,100_0,1,38.773780822753906,-9.09749984741211,13,IN_TRANSIT_TO,2026-01-19 15:28:28,7824,2495,88-BL-69,POINT (-9.09749984741211 38.773780822753906)
6038_760,7022_20260101_171_0_9,171_0,1,38.703399658203125,-9.191679954528809,19,IN_TRANSIT_TO,2026-01-19 15:28:42,13405,6038,BG-46-LV,POINT (-9.191679954528809 38.703399658203125)
4833_783,7842_20260101_203_0_11,203_0,0,38.74300003051758,-9.146769523620605,9,IN_TRANSIT_TO,2026-01-19 15:28:16,1901,4833,20-VQ-65,POINT (-9.146769523620605 38.74300003051758)
6009_732,5076_20260101_107_0_7,107_0,0,38.72452163696289,-9.149920463562012,13,IN_TRANSIT_TO,2026-01-19 15:28:25,1212,6009,81-ZC-18,POINT (-9.149920463562012 38.72452163696289)
2272_731,5007_20260101_190_0_9,190_0,0,38.7447509765625,-9.151880264282227,9,IN_TRANSIT_TO,2026-01-19 15:28:51,3309,2272,76-80-ZG,POINT (-9.151880264282227 38.7447509765625)
2796_746,5958_20260101_108_0_15,108_0,0,38.75067138671875,-9.199999809265137,19,IN_TRANSIT_TO,2026-01-19 15:28:38,10906,2796,AJ-59-LI,POINT (-9.199999809265137 38.75067138671875)
4825_736,5379_20260101_199_0_9,199_0,0,38.75988006591797,-9.155200004577637,15,IN_TRANSIT_TO,2026-01-19 15:28:37,5805,4825,20-VQ-72,POINT (-9.155200004577637 38.75988006591797)
2345_771,21942_20260101_248_0_17,248_0,1,38.703399658203125,-9.194100379943848,0,IN_TRANSIT_TO,2026-01-19 15:28:21,,2345,53-59-ZJ,POINT (-9.194100379943848 38.703399658203125)
2997_45B,45280_20260101_277_0_13,277_0,1,38.77431869506836,-9.152050018310547,26,IN_TRANSIT_TO,2026-01-19 15:28:35,11507,2997,34-VN-03,POINT (-9.152050018310547 38.77431869506836)
2607_718,3975_20260101_105_0_13,105_0,1,38.74958038330078,-9.104849815368652,24,IN_TRANSIT_TO,2026-01-19 15:28:47,2206,2607,AA-95-TQ,POINT (-9.104849815368652 38.74958038330078)
4815_751,6510_20260101_109_0_9,109_0,1,38.72990036010742,-9.169179916381836,30,IN_TRANSIT_TO,2026-01-19 15:28:34,8601,4815,34-VR-24,POINT (-9.169179916381836 38.72990036010742)
2613_759,6928_20260101_144_0_8,144_0,1,38.77507019042969,-9.100879669189453,4,IN_TRANSIT_TO,2026-01-19 15:28:35,7823,2613,66-VI-22,POINT (-9.100879669189453 38.77507019042969)
2606_718,3978_20260101_105_0_13,105_0,1,38.726619720458984,-9.118900299072266,10,IN_TRANSIT_TO,2026-01-19 15:28:48,11704,2606,66-VI-40,POINT (-9.118900299072266 38.726619720458984)
2264_731,5025_20260101_190_0_8,190_0,1,38.757381439208984,-9.143819808959961,23,IN_TRANSIT_TO,2026-01-19 15:28:52,11306,2264,76-90-ZG,POINT (-9.143819808959961 38.757381439208984)
6036_760,7081_20260101_171_0_11,171_0,0,38.70376968383789,-9.190699577331543,23,IN_TRANSIT_TO,2026-01-19 15:28:28,12008,6036,BG-90-LX,POINT (-9.190699577331543 38.70376968383789)
6026_703,3158_20260101_165_0_11,165_0,0,38.77050018310547,-9.171680450439453,20,IN_TRANSIT_TO,2026-01-19 15:28:42,5914,6026,BF-39-BB,POINT (-9.171680450439453 38.77050018310547)
602_15E,11318_20260101_76_0_13,76_0,0,38.703670501708984,-9.162819862365723,7,IN_TRANSIT_TO,2026-01-19 15:28:51,3906,602,,POINT (-9.162819862365723 38.703670501708984)
2653_759,6981_20260101_144_0_10,144_0,1,38.713199615478516,-9.138179779052734,45,IN_TRANSIT_TO,2026-01-19 15:28:25,913,2653,05-VZ-52,POINT (-9.138179779052734 38.713199615478516)
2749_742,5777_20260101_114_0_8,114_0,0,38.72587966918945,-9.118820190429688,11,IN_TRANSIT_TO,2026-01-19 15:28:37,9802,2749,AG-03-TH,POINT (-9.118820190429688 38.72587966918945)
2988_730,4969_20260101_198_0_12,198_0,0,38.73841857910156,-9.12576961517334,8,IN_TRANSIT_TO,2026-01-19 15:28:20,8905,2988,29-VM-94,POINT (-9.12576961517334 38.73841857910156)
4826_736,5422_20260101_199_0_10,199_0,1,38.72357940673828,-9.148630142211914,26,IN_TRANSIT_TO,2026-01-19 15:28:29,1206,4826,53-VR-05,POINT (-9.148630142211914 38.72357940673828)
2657_759,6973_20260101_144_0_11,144_0,0,38.70840072631836,-9.136300086975098,4,IN_TRANSIT_TO,2026-01-19 15:28:34,5501,2657,05-VZ-66,POINT (-9.136300086975098 38.70840072631836)
2637_744,5841_20260101_200_0_10,200_0,1,38.73360061645508,-9.145099639892578,27,IN_TRANSIT_TO,2026-01-19 15:28:28,1812,2637,87-VS-51,POINT (-9.145099639892578 38.73360061645508)
4830_796,8144_20260101_174_0_27,174_0,0,38.772098541259766,-9.160829544067383,4,IN_TRANSIT_TO,2026-01-19 15:28:31,5903,4830,20-VQ-63,POINT (-9.160829544067383 38.772098541259766)
2638_782,7786_20260101_152_0_2,152_0,0,38.73181915283203,-9.10492992401123,6,IN_TRANSIT_TO,2026-01-19 07:13:56,8309,2638,87-VS-48,POINT (-9.10492992401123 38.73181915283203)
2633_781,7762_20260101_151_0_11,151_0,0,38.78337860107422,-9.124529838562012,26,IN_TRANSIT_TO,2026-01-19 15:28:38,12601,2633,52-VP-79,POINT (-9.124529838562012 38.78337860107422)
6005_732,5085_20260101_107_0_10,107_0,0,38.75001907348633,-9.159330368041992,1,IN_TRANSIT_TO,2026-01-19 15:28:41,13506,6005,81-ZC-91,POINT (-9.159330368041992 38.75001907348633)
2619_705,3180_20260101_176_0_14,176_0,1,38.74285125732422,-9.133020401000977,2,IN_TRANSIT_TO,2026-01-19 15:28:35,317,2619,66-VI-37,POINT (-9.133020401000977 38.74285125732422)
2716_727,4553_20260101_103_0_8,103_0,1,38.71564865112305,-9.154529571533203,32,IN_TRANSIT_TO,2026-01-19 15:28:26,6705,2716,92-XQ-27,POINT (-9.154529571533203 38.71564865112305)
2991_72B,45275_20260101_279_0_12,279_0,0,38.735069274902344,-9.204700469970703,17,IN_TRANSIT_TO,2026-01-19 15:24:31,50613,2991,29-VM-89,POINT (-9.204700469970703 38.735069274902344)
2704_714,3697_20260101_102_0_11,102_0,0,38.70621871948242,-9.173299789428711,10,IN_TRANSIT_TO,2026-01-19 15:28:40,10208,2704,92-XQ-18,POINT (-9.173299789428711 38.70621871948242)
2639_759,6943_20260101_144_0_9,144_0,0,38.77183151245117,-9.109979629516602,40,IN_TRANSIT_TO,2026-01-19 15:28:27,12310,2639,75-VS-47,POINT (-9.109979629516602 38.77183151245117)
2647_759,6921_20260101_144_0_10,144_0,1,38.7723503112793,-9.117799758911133,12,IN_TRANSIT_TO,2026-01-19 15:28:39,50079,2647,75-VS-45,POINT (-9.117799758911133 38.7723503112793)
2826_753,6564_20260101_167_0_19,167_0,0,38.725128173828125,-9.154069900512695,4,IN_TRANSIT_TO,2026-01-19 15:28:45,1209,2826,BF-74-FZ,POINT (-9.154069900512695 38.725128173828125)
2989_72B,45276_20260101_279_0_12,279_0,0,38.75537109375,-9.192469596862793,2,IN_TRANSIT_TO,2026-01-19 15:28:24,50242,2989,29-VM-85,POINT (-9.192469596862793 38.75537109375)
573_28E,15024_20260101_75_0_8,75_0,0,38.71097183227539,-9.13070011138916,14,IN_TRANSIT_TO,2026-01-19 15:27:26,13816,573,,POINT (-9.13070011138916 38.71097183227539)
273_79B,18661_20260101_221_0_8,221_0,0,38.69776916503906,-9.204480171203613,9,IN_TRANSIT_TO,2026-01-19 15:28:47,9604,273,AH-15-TB,POINT (-9.204480171203613 38.69776916503906)
2737_755,6682_20260101_118_0_11,118_0,1,38.75270080566406,-9.156669616699219,6,IN_TRANSIT_TO,2026-01-19 15:28:39,13510,2737,AG-45-EI,POINT (-9.156669616699219 38.75270080566406)
2609_718,3937_20260101_105_0_14,105_0,0,38.7304801940918,-9.107629776000977,15,IN_TRANSIT_TO,2026-01-19 15:28:26,8308,2609,66-VI-36,POINT (-9.107629776000977 38.7304801940918)
2611_744,5830_20260101_200_0_9,200_0,0,38.73685073852539,-9.145649909973145,6,IN_TRANSIT_TO,2026-01-19 15:28:52,1807,2611,66-VI-38,POINT (-9.145649909973145 38.73685073852539)
2981_702,3053_20260101_146_0_28,146_0,1,38.725929260253906,-9.168919563293457,6,IN_TRANSIT_TO,2026-01-19 15:28:33,8606,2981,29-VM-86,POINT (-9.168919563293457 38.725929260253906)
6030_760,7066_20260101_171_0_8,171_0,0,38.71377182006836,-9.201250076293945,33,IN_TRANSIT_TO,2026-01-19 15:28:30,12908,6030,BF-39-AU,POINT (-9.201250076293945 38.71377182006836)
2618_744,5805_20260101_200_0_9,200_0,0,38.774200439453125,-9.097229957580566,26,IN_TRANSIT_TO,2026-01-19 15:28:51,7821,2618,66-VI-42,POINT (-9.097229957580566 38.774200439453125)
2643_781,7756_20260101_151_0_12,151_0,1,38.769500732421875,-9.109620094299316,10,IN_TRANSIT_TO,2026-01-19 15:28:28,7802,2643,75-VS-44,POINT (-9.109620094299316 38.769500732421875)
2646_759,6987_20260101_144_0_10,144_0,1,38.71992111206055,-9.117170333862305,39,IN_TRANSIT_TO,2026-01-19 15:28:22,9814,2646,75-VS-48,POINT (-9.117170333862305 38.71992111206055)
2993_52B,21671_20260101_244_0_13,244_0,0,38.7370491027832,-9.146849632263184,14,IN_TRANSIT_TO,2026-01-19 15:28:42,1811,2993,29-VM-93,POINT (-9.146849632263184 38.7370491027832)
2733_755,6711_20260101_118_0_12,118_0,0,38.74637985229492,-9.112870216369629,11,IN_TRANSIT_TO,2026-01-19 15:28:20,3703,2733,AG-41-EI,POINT (-9.112870216369629 38.74637985229492)
2468_726,4350_20260101_116_0_10,116_0,1,38.7382698059082,-9.158829689025879,20,IN_TRANSIT_TO,2026-01-19 15:28:47,1508,2468,16-AZ-10,POINT (-9.158829689025879 38.7382698059082)
2664_711,3454_20260101_101_0_11,101_0,1,38.719329833984375,-9.184980392456055,22,IN_TRANSIT_TO,2026-01-19 15:28:37,21306,2664,05-VZ-68,POINT (-9.184980392456055 38.719329833984375)
2640_744,5849_20260101_200_0_9,200_0,1,38.76340103149414,-9.129770278930664,14,IN_TRANSIT_TO,2026-01-19 15:28:49,50592,2640,75-VS-43,POINT (-9.129770278930664 38.76340103149414)
541_12E,11035_20260101_77_0_13,77_0,1,38.71315002441406,-9.130020141601562,11,IN_TRANSIT_TO,2026-01-19 15:28:44,13811,541,,POINT (-9.130020141601562 38.71315002441406)
2707_712,3525_20260101_189_0_10,189_0,1,38.70798110961914,-9.172220230102539,2,IN_TRANSIT_TO,2026-01-19 15:28:23,9402,2707,92-XQ-39,POINT (-9.172220230102539 38.70798110961914)
2612_759,6896_20260101_144_0_8,144_0,1,38.755821228027344,-9.113670349121094,20,IN_TRANSIT_TO,2026-01-19 15:28:27,24367,2612,66-VI-29,POINT (-9.113670349121094 38.755821228027344)
2736_756,6730_20260101_175_0_14,175_0,1,38.71586990356445,-9.17555046081543,6,IN_TRANSIT_TO,2026-01-19 15:28:35,11903,2736,AG-47-EI,POINT (-9.17555046081543 38.71586990356445)
542_28E,14986_20260101_75_0_15,75_0,1,38.71287155151367,-9.129400253295898,12,IN_TRANSIT_TO,2026-01-19 15:28:45,13813,542,,POINT (-9.129400253295898 38.71287155151367)
2713_746,5993_20260101_108_0_12,108_0,1,38.75254821777344,-9.207229614257812,3,IN_TRANSIT_TO,2026-01-19 15:28:41,11001,2713,92-XQ-34,POINT (-9.207229614257812 38.75254821777344)
2799_714,3640_20260101_102_0_12,102_0,1,38.71202850341797,-9.214799880981445,12,IN_TRANSIT_TO,2026-01-19 15:28:43,10403,2799,AJ-52-LI,POINT (-9.214799880981445 38.71202850341797)
2258_763,46424_20260101_282_0_16,282_0,1,38.75947189331055,-9.192500114440918,3,IN_TRANSIT_TO,2026-01-19 15:28:28,12822,2258,53-58-ZJ,POINT (-9.192500114440918 38.75947189331055)
544_24E,17852_20260101_213_0_16,213_0,1,38.71807098388672,-9.152000427246094,5,IN_TRANSIT_TO,2026-01-19 15:28:26,6808,544,,POINT (-9.152000427246094 38.71807098388672)
2996_45B,49562_20260101_277_0_13,277_0,0,38.769649505615234,-9.170379638671875,25,IN_TRANSIT_TO,2026-01-19 15:28:27,50684,2996,30-VM-03,POINT (-9.170379638671875 38.769649505615234)
402_51E,62225_20260101_158_0_4,158_0,0,38.71821975708008,-9.144350051879883,8,IN_TRANSIT_TO,2026-01-19 15:28:32,50623,402,BF-81-TP,POINT (-9.144350051879883 38.71821975708008)
2636_722,4127_20260101_196_0_11,196_0,0,38.74032974243164,-9.136899948120117,10,IN_TRANSIT_TO,2026-01-19 15:28:44,11104,2636,87-VS-50,POINT (-9.136899948120117 38.74032974243164)
571_28E,14998_20260101_75_0_13,75_0,1,38.709251403808594,-9.142580032348633,2,IN_TRANSIT_TO,2026-01-19 15:27:59,10515,571,,POINT (-9.142580032348633 38.709251403808594)
2626_781,7747_20260101_151_0_11,151_0,1,38.72935104370117,-9.10657024383545,24,IN_TRANSIT_TO,2026-01-19 15:28:46,8314,2626,52-VP-86,POINT (-9.10657024383545 38.72935104370117)
2620_744,5850_20260101_200_0_10,200_0,1,38.7670783996582,-9.098580360412598,5,IN_TRANSIT_TO,2026-01-19 15:28:38,7822,2620,66-VI-33,POINT (-9.098580360412598 38.7670783996582)
2622_722,4107_20260101_196_0_10,196_0,1,38.737548828125,-9.143580436706543,28,IN_TRANSIT_TO,2026-01-19 15:28:22,11118,2622,66-VI-21,POINT (-9.143580436706543 38.737548828125)
263_76B,18630_20260101_219_0_18,219_0,0,38.71147155761719,-9.20792007446289,18,IN_TRANSIT_TO,2026-01-19 15:28:23,12926,263,AG-26-NH,POINT (-9.20792007446289 38.71147155761719)
2603_718,3994_20260101_105_0_12,105_0,0,38.73442840576172,-9.134079933166504,28,IN_TRANSIT_TO,2026-01-19 15:28:50,509,2603,16-VF-76,POINT (-9.134079933166504 38.73442840576172)
2975_702,3030_20260101_146_0_23,146_0,0,38.72542190551758,-9.151479721069336,0,IN_TRANSIT_TO,2026-01-19 15:28:45,,2975,30-VM-11,POINT (-9.151479721069336 38.72542190551758)
2985_799,8222_20260101_120_0_15,120_0,1,38.75434875488281,-9.19556999206543,23,IN_TRANSIT_TO,2026-01-19 15:28:33,10917,2985,30-VM-14,POINT (-9.19556999206543 38.75434875488281)
2986_765,18944_20260101_110_0_36,110_0,1,38.75236892700195,-9.206480026245117,2,IN_TRANSIT_TO,2026-01-19 15:28:33,11001,2986,30-VM-12,POINT (-9.206480026245117 38.75236892700195)
2701_714,3689_20260101_102_0_9,102_0,0,38.700130462646484,-9.178879737854004,4,IN_TRANSIT_TO,2026-01-19 15:28:45,3926,2701,92-XQ-35,POINT (-9.178879737854004 38.700130462646484)
551_25E,14252_20260101_79_0_15,79_0,1,38.714881896972656,-9.162779808044434,4,IN_TRANSIT_TO,2026-01-19 15:28:31,8107,551,,POINT (-9.162779808044434 38.714881896972656)
2990_71B,45267_20260101_278_0_11,278_0,0,38.74187088012695,-9.202980041503906,15,IN_TRANSIT_TO,2026-01-19 15:28:49,8835,2990,30-VM-06,POINT (-9.202980041503906 38.74187088012695)
2711_738,5561_20260101_117_0_9,117_0,0,38.704551696777344,-9.183030128479004,35,IN_TRANSIT_TO,2026-01-19 15:28:30,12004,2711,92-XQ-44,POINT (-9.183030128479004 38.704551696777344)
2976_774,7450_20260101_192_0_22,192_0,1,38.722469329833984,-9.160380363464355,9,IN_TRANSIT_TO,2026-01-19 15:27:33,8517,2976,30-VM-00,POINT (-9.160380363464355 38.722469329833984)
2616_705,3195_20260101_176_0_13,176_0,1,38.77151870727539,-9.097649574279785,23,IN_TRANSIT_TO,2026-01-19 15:28:32,7824,2616,66-VI-44,POINT (-9.097649574279785 38.77151870727539)
2702_748,6132_20260101_169_0_18,169_0,1,38.72275161743164,-9.168279647827148,6,IN_TRANSIT_TO,2026-01-19 15:28:24,14311,2702,92-XQ-21,POINT (-9.168279647827148 38.72275161743164)
2980_774,7467_20260101_192_0_17,192_0,0,38.72005081176758,-9.154500007629395,8,IN_TRANSIT_TO,2026-01-19 15:28:40,6823,2980,29-VM-90,POINT (-9.154500007629395 38.72005081176758)
2663_714,3697_20240914_102_0_16,102_0,1,38.72127151489258,-9.221500396728516,4,IN_TRANSIT_TO,2024-10-22 20:26:58,18703,2663,05-VZ-62,POINT (-9.221500396728516 38.72127151489258)
2659_727,4537_20260101_103_0_8,103_0,0,38.73772048950195,-9.145979881286621,9,IN_TRANSIT_TO,2026-01-19 15:28:46,1810,2659,05-VZ-57,POINT (-9.145979881286621 38.73772048950195)
581_25E,14260_20260101_79_0_14,79_0,0,38.71112823486328,-9.161049842834473,11,IN_TRANSIT_TO,2026-01-19 15:28:43,10014,581,,POINT (-9.161049842834473 38.71112823486328)
2685_746,5986_20260101_108_0_14,108_0,1,38.74190139770508,-9.170869827270508,14,IN_TRANSIT_TO,2026-01-19 15:28:40,1615,2685,93-XA-46,POINT (-9.170869827270508 38.74190139770508)
2615_705,3186_20260101_176_0_13,176_0,0,38.78287124633789,-9.125450134277344,11,IN_TRANSIT_TO,2026-01-19 15:28:22,12601,2615,66-VI-27,POINT (-9.125450134277344 38.78287124633789)
579_24E,17832_20260101_213_0_22,213_0,0,38.72452926635742,-9.159870147705078,9,IN_TRANSIT_TO,2026-01-19 15:28:30,50362,579,,POINT (-9.159870147705078 38.72452926635742)
6043_732,5093_20260101_107_0_7,107_0,1,38.723018646240234,-9.147950172424316,34,IN_TRANSIT_TO,2026-01-19 15:28:44,1103,6043,BG-93-LT,POINT (-9.147950172424316 38.723018646240234)
2732_720,4086_20260101_143_0_12,143_0,0,38.70698165893555,-9.167579650878906,23,IN_TRANSIT_TO,2026-01-19 15:28:48,10206,2732,AG-39-EI,POINT (-9.167579650878906 38.70698165893555)
545_28E,14960_20260101_75_0_15,75_0,1,38.71506881713867,-9.137049674987793,23,IN_TRANSIT_TO,2026-01-19 15:28:29,804,545,,POINT (-9.137049674987793 38.71506881713867)
2963_730,4949_20260101_198_0_13,198_0,1,38.7222785949707,-9.139530181884766,6,IN_TRANSIT_TO,2026-01-19 15:28:47,9204,2963,29-VM-88,POINT (-9.139530181884766 38.7222785949707)
2708_764,7151_20260101_168_0_11,168_0,1,38.74855041503906,-9.191180229187012,18,IN_TRANSIT_TO,2026-01-19 15:28:48,10815,2708,92-XQ-32,POINT (-9.191180229187012 38.74855041503906)
4813_728,4601_20260101_204_0_8,204_0,0,38.69736862182617,-9.203669548034668,10,IN_TRANSIT_TO,2026-01-19 15:28:31,9603,4813,68-VQ-50,POINT (-9.203669548034668 38.69736862182617)
2828_753,6577_20260101_167_0_18,167_0,1,38.72407913208008,-9.160719871520996,4,IN_TRANSIT_TO,2026-01-19 15:28:43,8502,2828,BF-60-FZ,POINT (-9.160719871520996 38.72407913208008)
2696_764,7158_20260101_168_0_13,168_0,1,38.743751525878906,-9.219880104064941,5,IN_TRANSIT_TO,2026-01-19 15:28:44,3011,2696,90-XF-63,POINT (-9.219880104064941 38.743751525878906)
2644_722,4119_20260101_196_0_11,196_0,1,38.7735481262207,-9.118630409240723,12,IN_TRANSIT_TO,2026-01-19 15:28:53,12206,2644,87-VS-52,POINT (-9.118630409240723 38.7735481262207)
578_28E,14908_20260101_75_0_6,75_0,0,38.7080192565918,-9.137280464172363,0,IN_TRANSIT_TO,2026-01-19 15:28:24,,578,,POINT (-9.137280464172363 38.7080192565918)
2977_702,3068_20260101_146_0_23,146_0,0,38.731231689453125,-9.173749923706055,12,IN_TRANSIT_TO,2026-01-19 15:28:36,50085,2977,30-VM-21,POINT (-9.173749923706055 38.731231689453125)
2427_726,4334_20260101_116_0_8,116_0,1,38.726348876953125,-9.134599685668945,29,IN_TRANSIT_TO,2026-01-19 15:28:34,613,2427,29-AX-14,POINT (-9.134599685668945 38.726348876953125)
6003_747,6119_20260101_177_0_15,177_0,1,38.765499114990234,-9.157369613647461,20,IN_TRANSIT_TO,2026-01-19 15:28:26,5814,6003,82-ZC-02,POINT (-9.157369613647461 38.765499114990234)
572_28E,14972_20260101_75_0_9,75_0,1,38.72182083129883,-9.13539981842041,22,IN_TRANSIT_TO,2026-01-19 15:28:46,704,572,,POINT (-9.13539981842041 38.72182083129883)
2641_744,5819_20260101_200_0_10,200_0,0,38.75748062133789,-9.13694953918457,14,IN_TRANSIT_TO,2026-01-19 15:28:50,11315,2641,75-VS-49,POINT (-9.13694953918457 38.75748062133789)
555_25E,14271_20260101_79_0_15,79_0,1,38.708351135253906,-9.136079788208008,18,IN_TRANSIT_TO,2026-01-19 15:25:03,5512,555,,POINT (-9.136079788208008 38.708351135253906)
2974_34B,19141_20260101_226_0_10,226_0,0,38.74528121948242,-9.11631965637207,5,IN_TRANSIT_TO,2026-01-19 15:28:35,3611,2974,30-VM-22,POINT (-9.11631965637207 38.74528121948242)
2987_774,7430_20260101_192_0_23,192_0,0,38.7204704284668,-9.164079666137695,5,IN_TRANSIT_TO,2026-01-19 15:28:38,8027,2987,29-VM-99,POINT (-9.164079666137695 38.7204704284668)
4807_751,6437_20260101_109_0_16,109_0,1,38.71590042114258,-9.23561954498291,0,IN_TRANSIT_TO,2026-01-19 15:28:44,,4807,20-VQ-69,POINT (-9.23561954498291 38.71590042114258)
2782_727,4528_20260101_103_0_8,103_0,0,38.713199615478516,-9.153220176696777,19,IN_TRANSIT_TO,2026-01-19 15:28:41,6704,2782,AI-99-BS,POINT (-9.153220176696777 38.713199615478516)
4805_748,6160_20260101_169_0_21,169_0,0,38.725318908691406,-9.152219772338867,2,IN_TRANSIT_TO,2026-01-19 15:28:48,1209,4805,20-VQ-66,POINT (-9.152219772338867 38.725318908691406)
2740_720,4044_20260101_143_0_12,143_0,1,38.715579986572266,-9.160030364990234,12,IN_TRANSIT_TO,2026-01-19 15:28:33,8103,2740,AG-43-EI,POINT (-9.160030364990234 38.715579986572266)
2984_765,7176_20260101_110_0_35,110_0,0,38.752830505371094,-9.189729690551758,0,IN_TRANSIT_TO,2026-01-19 15:28:35,,2984,30-VM-04,POINT (-9.189729690551758 38.752830505371094)
2630_756,6761_20260101_175_0_16,175_0,0,38.74127960205078,-9.128170013427734,4,IN_TRANSIT_TO,2026-01-19 15:28:36,8910,2630,52-VP-89,POINT (-9.128170013427734 38.74127960205078)
4803_751,6523_20260101_109_0_12,109_0,1,38.69940185546875,-9.224920272827148,12,IN_TRANSIT_TO,2026-01-19 15:28:49,4204,4803,77-VP-16,POINT (-9.224920272827148 38.69940185546875)
4828_736,5331_20260101_199_0_9,199_0,0,38.78725051879883,-9.172719955444336,28,IN_TRANSIT_TO,2026-01-19 15:28:32,50083,4828,20-VQ-64,POINT (-9.172719955444336 38.78725051879883)
2665_711,3475_20260101_101_0_12,101_0,1,38.74919891357422,-9.214699745178223,5,IN_TRANSIT_TO,2026-01-19 15:28:38,3018,2665,87-XB-33,POINT (-9.214699745178223 38.74919891357422)
272_734,5133_20260101_205_0_21,205_0,0,38.71495056152344,-9.12831974029541,10,IN_TRANSIT_TO,2026-01-19 15:28:43,14802,272,AH-26-IN,POINT (-9.12831974029541 38.71495056152344)
2645_781,7722_20260101_151_0_12,151_0,0,38.70722961425781,-9.141200065612793,2,IN_TRANSIT_TO,2026-01-19 15:28:39,3824,2645,87-VS-49,POINT (-9.141200065612793 38.70722961425781)
2983_34B,19151_20260101_226_0_9,226_0,0,38.747520446777344,-9.115579605102539,37,IN_TRANSIT_TO,2026-01-19 15:28:25,3604,2983,30-VM-08,POINT (-9.115579605102539 38.747520446777344)
257_58B,19291_20260101_227_0_14,227_0,0,38.74298095703125,-9.16648006439209,2,IN_TRANSIT_TO,2026-01-19 15:28:12,1604,257,AF-59-RM,POINT (-9.16648006439209 38.74298095703125)
2627_759,6949_20260101_144_0_9,144_0,0,38.770870208740234,-9.108480453491211,41,IN_TRANSIT_TO,2026-01-19 15:28:52,7802,2627,52-VP-83,POINT (-9.108480453491211 38.770870208740234)
276_28E,48783_20250901_75_8_35,75_8,1,38.71432876586914,-9.169320106506348,15,IN_TRANSIT_TO,2025-11-16 23:22:53,8017,276,AH-12-TB,POINT (-9.169320106506348 38.71432876586914)
2742_720,4101_20260101_143_0_10,143_0,1,38.72417068481445,-9.150650024414062,16,IN_TRANSIT_TO,2026-01-19 15:28:53,1207,2742,AG-94-TG,POINT (-9.150650024414062 38.72417068481445)
2725_711,3501_20260101_101_0_11,101_0,0,38.72568130493164,-9.189570426940918,10,IN_TRANSIT_TO,2026-01-19 15:28:28,8607,2725,92-XQ-30,POINT (-9.189570426940918 38.72568130493164)
2715_714,3627_20260101_102_0_12,102_0,1,38.69742965698242,-9.194080352783203,23,IN_TRANSIT_TO,2026-01-19 15:28:43,4115,2715,92-XQ-22,POINT (-9.194080352783203 38.69742965698242)
2608_718,3959_20260101_105_0_14,105_0,0,38.74436950683594,-9.102179527282715,11,IN_TRANSIT_TO,2026-01-19 15:28:51,12524,2608,66-VI-39,POINT (-9.102179527282715 38.74436950683594)
2966_737,5475_20260101_173_0_29,173_0,0,38.713951110839844,-9.138030052185059,0,IN_TRANSIT_TO,2026-01-19 15:28:29,,2966,30-VM-20,POINT (-9.138030052185059 38.713951110839844)
2631_717,3844_20260101_170_0_11,170_0,0,38.77730178833008,-9.146550178527832,29,IN_TRANSIT_TO,2026-01-19 15:28:47,11511,2631,52-VP-80,POINT (-9.146550178527832 38.77730178833008)
2722_738,5572_20260101_117_0_11,117_0,0,38.74932861328125,-9.1493501663208,13,IN_TRANSIT_TO,2026-01-19 15:28:30,2006,2722,92-XQ-36,POINT (-9.1493501663208 38.74932861328125)
2735_755,6709_20260101_118_0_12,118_0,0,38.75532913208008,-9.126279830932617,23,IN_TRANSIT_TO,2026-01-19 15:28:38,14720,2735,AG-37-EI,POINT (-9.126279830932617 38.75532913208008)
282_73B,18773_20260101_220_0_11,220_0,0,38.699520111083984,-9.184920310974121,37,IN_TRANSIT_TO,2026-01-19 15:28:29,9505,282,AI-47-OJ,POINT (-9.184920310974121 38.699520111083984)
2972_79B,18671_20260101_221_0_10,221_0,0,38.69533157348633,-9.212180137634277,34,IN_TRANSIT_TO,2026-01-19 15:28:26,13210,2972,29-VM-96,POINT (-9.212180137634277 38.69533157348633)
2625_759,6961_20260101_144_0_9,144_0,0,38.762420654296875,-9.112919807434082,29,IN_TRANSIT_TO,2026-01-19 15:28:48,8414,2625,72-VP-79,POINT (-9.112919807434082 38.762420654296875)
6045_732,5080_20260101_107_0_7,107_0,0,38.741600036621094,-9.146849632263184,6,IN_TRANSIT_TO,2026-01-19 15:28:44,1902,6045,BH-32-IQ,POINT (-9.146849632263184 38.741600036621094)
2247_726,4264_20260101_116_0_12,116_0,1,38.76002883911133,-9.192469596862793,5,IN_TRANSIT_TO,2026-01-19 15:28:52,12813,2247,22-34-ZB,POINT (-9.192469596862793 38.76002883911133)
2330_712,3550_20260101_189_0_13,189_0,0,38.7264518737793,-9.136099815368652,12,IN_TRANSIT_TO,2026-01-19 15:28:30,605,2330,67-52-ZJ,POINT (-9.136099815368652 38.7264518737793)
2260_706,3259_20260101_147_0_5,147_0,1,38.70698165893555,-9.157500267028809,30,IN_TRANSIT_TO,2026-01-19 15:28:26,50593,2260,67-47-ZJ,POINT (-9.157500267028809 38.70698165893555)
2327_712,3565_20250901_189_0_8,189_0,1,38.72502899169922,-9.15291976928711,14,IN_TRANSIT_TO,2025-11-11 11:30:40,1224,2327,67-53-ZJ,POINT (-9.15291976928711 38.72502899169922)
2310_723,4182_20260101_121_0_11,121_0,0,38.7169189453125,-9.212980270385742,21,IN_TRANSIT_TO,2026-01-19 15:28:37,10402,2310,83-07-ZM,POINT (-9.212980270385742 38.7169189453125)
2489_726,4273_20260101_116_0_9,116_0,0,38.76662063598633,-9.20359992980957,31,IN_TRANSIT_TO,2026-01-19 15:28:34,13902,2489,55-BH-05,POINT (-9.20359992980957 38.76662063598633)
253_37B,18839_20260101_224_0_17,224_0,0,38.72568130493164,-9.122420310974121,6,IN_TRANSIT_TO,2026-01-19 15:28:29,9821,253,AF-88-NU,POINT (-9.122420310974121 38.72568130493164)
1701_796,8152_20260101_174_0_22,174_0,1,38.761131286621094,-9.157270431518555,16,IN_TRANSIT_TO,2026-01-19 15:28:48,5808,1701,39-AB-08,POINT (-9.157270431518555 38.761131286621094)
2341_778,7529_20260101_179_0_18,179_0,1,38.76953125,-9.170900344848633,10,IN_TRANSIT_TO,2026-01-19 15:28:39,5953,2341,67-50-ZJ,POINT (-9.170900344848633 38.76953125)
2248_758,6770_20260101_150_0_12,150_0,1,38.74523162841797,-9.181050300598145,10,IN_TRANSIT_TO,2026-01-19 15:28:45,10701,2248,22-33-ZB,POINT (-9.181050300598145 38.74523162841797)
2244_716,3734_20260101_164_0_11,164_0,0,38.738521575927734,-9.154430389404297,8,IN_TRANSIT_TO,2026-01-19 15:28:45,1503,2244,22-44-ZB,POINT (-9.154430389404297 38.738521575927734)
2286_758,6793_20260101_150_0_12,150_0,1,38.75088119506836,-9.202030181884766,3,IN_TRANSIT_TO,2026-01-19 15:28:31,10901,2286,67-42-ZJ,POINT (-9.202030181884766 38.75088119506836)
2760_708,3347_20260101_100_0_8,100_0,0,38.767330169677734,-9.104100227355957,27,IN_TRANSIT_TO,2026-01-19 15:28:46,7711,2760,AH-35-ND,POINT (-9.104100227355957 38.767330169677734)
2299_742,5698_20260101_114_0_9,114_0,1,38.71883010864258,-9.171270370483398,26,IN_TRANSIT_TO,2026-01-19 15:27:48,9304,2299,83-14-ZM,POINT (-9.171270370483398 38.71883010864258)
2478_729,4828_20260101_104_0_9,104_0,1,38.69501876831055,-9.215829849243164,3,IN_TRANSIT_TO,2026-01-19 15:28:24,13203,2478,91-BE-80,POINT (-9.215829849243164 38.69501876831055)
2812_725,4255_20260101_197_0_23,197_0,0,38.769569396972656,-9.097579956054688,2,IN_TRANSIT_TO,2026-01-19 15:28:26,7805,2812,90-II-61,POINT (-9.097579956054688 38.769569396972656)
2496_720,4066_20260101_143_0_12,143_0,1,38.704620361328125,-9.184800148010254,2,IN_TRANSIT_TO,2026-01-19 15:28:33,12003,2496,88-BL-70,POINT (-9.184800148010254 38.704620361328125)
2819_725,4239_20260101_197_0_24,197_0,1,38.79145050048828,-9.123330116271973,1,IN_TRANSIT_TO,2026-01-19 15:28:41,50181,2819,90-II-59,POINT (-9.123330116271973 38.79145050048828)
2813_793,7973_20260101_145_0_15,145_0,0,38.74147033691406,-9.119119644165039,23,IN_TRANSIT_TO,2026-01-19 15:28:24,3609,2813,90-II-53,POINT (-9.119119644165039 38.74147033691406)
2969_730,4947_20260101_198_0_13,198_0,1,38.737701416015625,-9.125530242919922,18,IN_TRANSIT_TO,2026-01-19 15:28:48,9002,2969,30-VM-09,POINT (-9.125530242919922 38.737701416015625)
2971_730,4967_20260101_198_0_14,198_0,0,38.72597122192383,-9.144949913024902,23,IN_TRANSIT_TO,2026-01-19 15:28:50,6603,2971,29-VM-98,POINT (-9.144949913024902 38.72597122192383)
4802_751,6476_20260101_109_0_15,109_0,0,38.69927978515625,-9.226949691772461,23,IN_TRANSIT_TO,2026-01-19 15:28:52,4207,4802,77-VP-17,POINT (-9.226949691772461 38.69927978515625)
4812_728,4681_20260101_204_0_9,204_0,1,38.76863098144531,-9.098030090332031,9,IN_TRANSIT_TO,2026-01-19 15:28:33,7805,4812,20-VQ-70,POINT (-9.098030090332031 38.76863098144531)
2968_737,5489_20260101_173_0_32,173_0,1,38.710121154785156,-9.132570266723633,4,IN_TRANSIT_TO,2026-01-19 15:28:47,13804,2968,30-VM-24,POINT (-9.132570266723633 38.710121154785156)
2817_793,7989_20260101_145_0_16,145_0,0,38.741519927978516,-9.107950210571289,9,IN_TRANSIT_TO,2026-01-19 15:28:14,50172,2817,90-II-57,POINT (-9.107950210571289 38.741519927978516)
2806_793,7994_20260101_145_0_15,145_0,1,38.73822021484375,-9.107150077819824,28,IN_TRANSIT_TO,2026-01-19 15:28:32,12517,2806,01-IH-95,POINT (-9.107150077819824 38.73822021484375)
2459_767,7305_20260101_112_0_8,112_0,1,38.752079010009766,-9.143549919128418,33,IN_TRANSIT_TO,2026-01-19 15:28:42,102,2459,74-BC-74,POINT (-9.143549919128418 38.752079010009766)
401_10B,21749_20260101_242_0_18,242_0,0,38.70882034301758,-9.133270263671875,0,IN_TRANSIT_TO,2026-01-19 15:28:48,,401,BF-60-TR,POINT (-9.133270263671875 38.70882034301758)
2804_793,8019_20260101_145_0_15,145_0,1,38.74325180053711,-9.132800102233887,2,IN_TRANSIT_TO,2026-01-19 15:28:41,308,2804,01-IH-93,POINT (-9.132800102233887 38.74325180053711)
4831_736,5399_20260101_199_0_11,199_0,0,38.74005126953125,-9.146329879760742,8,IN_TRANSIT_TO,2026-01-19 15:28:49,1809,4831,20-VQ-61,POINT (-9.146329879760742 38.74005126953125)
1750_794,8073_20260101_115_0_11,115_0,1,38.75559997558594,-9.112979888916016,9,IN_TRANSIT_TO,2026-01-19 15:28:06,24368,1750,92-HR-07,POINT (-9.112979888916016 38.75559997558594)
2761_742,5731_20260101_114_0_9,114_0,1,38.70682907104492,-9.199020385742188,10,IN_TRANSIT_TO,2026-01-19 15:28:39,10303,2761,AH-33-ND,POINT (-9.199020385742188 38.70682907104492)
1752_701,2978_20260101_123_0_15,123_0,1,38.73952865600586,-9.166930198669434,11,IN_TRANSIT_TO,2026-01-19 15:28:31,2713,1752,34-HU-18,POINT (-9.166930198669434 38.73952865600586)
2455_767,7297_20260101_112_0_8,112_0,1,38.72787094116211,-9.14052963256836,41,IN_TRANSIT_TO,2026-01-19 15:28:45,6903,2455,16-AZ-12,POINT (-9.14052963256836 38.72787094116211)
2279_767,7297_20260101_112_0_3,112_0,0,38.75185012817383,-9.1431303024292,14,IN_TRANSIT_TO,2026-01-12 08:10:35,101,2279,67-38-ZJ,POINT (-9.1431303024292 38.75185012817383)
2251_767,7281_20260101_112_0_7,112_0,0,38.74882125854492,-9.141550064086914,12,IN_TRANSIT_TO,2026-01-19 15:28:48,201,2251,22-31-ZB,POINT (-9.141550064086914 38.74882125854492)
2410_767,7184_20260101_112_0_8,112_0,1,38.752498626708984,-9.188619613647461,16,IN_TRANSIT_TO,2026-01-19 15:28:30,10807,2410,92-AO-46,POINT (-9.188619613647461 38.752498626708984)
2794_714,3671_20260101_102_0_11,102_0,0,38.71561813354492,-9.214730262756348,27,IN_TRANSIT_TO,2026-01-19 15:28:39,12402,2794,AJ-60-LI,POINT (-9.214730262756348 38.71561813354492)
4608_750,6413_20260101_106_0_7,106_0,1,38.76123046875,-9.121780395507812,31,IN_TRANSIT_TO,2026-01-19 15:28:30,7503,4608,96-GL-85,POINT (-9.121780395507812 38.76123046875)
302_708,3351_20260101_100_0_9,100_0,0,38.74367904663086,-9.132269859313965,10,IN_TRANSIT_TO,2026-01-19 15:28:36,317,302,22-SP-89,POINT (-9.132269859313965 38.74367904663086)
2710_714,3705_20260101_102_0_11,102_0,0,38.70560073852539,-9.143950462341309,0,IN_TRANSIT_TO,2026-01-19 15:28:34,,2710,92-XQ-19,POINT (-9.143950462341309 38.70560073852539)
2623_781,57699_20260101_151_0_11,151_0,0,38.75630187988281,-9.104519844055176,14,IN_TRANSIT_TO,2026-01-19 15:28:40,2304,2623,66-VI-26,POINT (-9.104519844055176 38.75630187988281)
2790_727,4536_20260101_103_0_8,103_0,0,38.71992874145508,-9.155449867248535,16,IN_TRANSIT_TO,2026-01-19 15:27:44,6810,2790,AI-54-TL,POINT (-9.155449867248535 38.71992874145508)
2756_735,5275_20260101_172_0_10,172_0,1,38.734779357910156,-9.133769989013672,14,IN_TRANSIT_TO,2026-01-19 15:23:28,402,2756,AH-27-ND,POINT (-9.133769989013672 38.734779357910156)
2450_767,7286_20260101_112_0_9,112_0,0,38.73392868041992,-9.141229629516602,5,IN_TRANSIT_TO,2026-01-19 15:28:29,6502,2450,44-BC-36,POINT (-9.141229629516602 38.73392868041992)
301_708,3333_20260101_100_0_9,100_0,0,38.78324890136719,-9.09412956237793,34,IN_TRANSIT_TO,2026-01-19 15:28:52,50128,301,74-SM-62,POINT (-9.09412956237793 38.78324890136719)
1775_717,3759_20260101_170_0_11,170_0,1,38.74871826171875,-9.13202953338623,34,IN_TRANSIT_TO,2026-01-19 15:28:46,7302,1775,53-HX-08,POINT (-9.13202953338623 38.74871826171875)
2797_727,4515_20260101_103_0_8,103_0,0,38.69847869873047,-9.188130378723145,33,IN_TRANSIT_TO,2026-01-19 15:28:44,9506,2797,AJ-57-LI,POINT (-9.188130378723145 38.69847869873047)
2759_736,18816_20260101_199_0_10,199_0,1,38.74502182006836,-9.147700309753418,20,IN_TRANSIT_TO,2026-01-19 15:28:44,2019,2759,AH-21-ND,POINT (-9.147700309753418 38.74502182006836)
2284_767,7228_20260101_112_0_7,112_0,0,38.75326919555664,-9.20658016204834,39,IN_TRANSIT_TO,2026-01-19 15:28:48,10927,2284,67-36-ZJ,POINT (-9.20658016204834 38.75326919555664)
2745_755,6702_20260101_118_0_12,118_0,0,38.75508117675781,-9.151000022888184,34,IN_TRANSIT_TO,2026-01-19 15:28:39,11321,2745,AG-06-TH,POINT (-9.151000022888184 38.75508117675781)
2754_720,4100_20260101_143_0_13,143_0,0,38.738868713378906,-9.120429992675781,0,IN_TRANSIT_TO,2026-01-19 15:28:37,,2754,AG-01-TH,POINT (-9.120429992675781 38.738868713378906)
1770_717,3864_20260101_170_0_11,170_0,0,38.73733139038086,-9.133720397949219,2,IN_TRANSIT_TO,2026-01-19 15:28:44,414,1770,63-HX-17,POINT (-9.133720397949219 38.73733139038086)
1710_735,5206_20260101_172_0_11,172_0,0,38.74235153198242,-9.134480476379395,22,IN_TRANSIT_TO,2026-01-19 15:28:42,319,1710,69-AL-73,POINT (-9.134480476379395 38.74235153198242)
1713_798,8190_20260101_194_0_20,194_0,1,38.77762985229492,-9.145819664001465,8,IN_TRANSIT_TO,2026-01-19 15:28:29,6013,1713,69-AL-76,POINT (-9.145819664001465 38.77762985229492)
2252_771,21940_20260101_248_0_9,248_0,1,38.734169006347656,-9.164369583129883,21,IN_TRANSIT_TO,2026-01-15 11:51:24,6123,2252,80-40-ZE,POINT (-9.164369583129883 38.734169006347656)
217_773,7408_20260101_124_0_21,124_0,0,38.712379455566406,-9.155320167541504,9,IN_TRANSIT_TO,2026-01-19 15:27:40,6720,217,29-98-XM,POINT (-9.155320167541504 38.712379455566406)
2482_767,7272_20260101_112_0_9,112_0,0,38.75802993774414,-9.153450012207031,18,IN_TRANSIT_TO,2026-01-19 15:28:35,5805,2482,55-BH-02,POINT (-9.153450012207031 38.75802993774414)
2255_799,8211_20260101_120_0_19,120_0,1,38.73952102661133,-9.221579551696777,0,IN_TRANSIT_TO,2026-01-19 15:28:36,,2255,80-54-ZE,POINT (-9.221579551696777 38.73952102661133)
2666_723,4187_20260101_121_0_10,121_0,0,38.72610092163086,-9.149800300598145,6,IN_TRANSIT_TO,2026-01-19 15:28:39,1202,2666,87-XB-39,POINT (-9.149800300598145 38.72610092163086)
1756_717,3781_20260101_170_0_9,170_0,1,38.75712966918945,-9.144379615783691,27,IN_TRANSIT_TO,2026-01-19 15:28:50,5706,1756,34-HU-22,POINT (-9.144379615783691 38.75712966918945)
1757_720,4094_20260101_143_0_13,143_0,0,38.73780059814453,-9.14186954498291,9,IN_TRANSIT_TO,2026-01-19 15:28:47,11109,1757,34-HU-23,POINT (-9.14186954498291 38.73780059814453)
1754_717,3845_20260101_170_0_11,170_0,0,38.77381896972656,-9.161419868469238,20,IN_TRANSIT_TO,2026-01-19 15:28:38,5905,1754,34-HU-20,POINT (-9.161419868469238 38.77381896972656)
2470_778,18644_20260101_179_0_16,179_0,0,38.76165008544922,-9.166099548339844,3,IN_TRANSIT_TO,2026-01-19 15:28:45,50013,2470,74-BC-71,POINT (-9.166099548339844 38.76165008544922)
261_61B,21520_20260101_241_0_19,241_0,1,38.73252868652344,-9.171830177307129,2,IN_TRANSIT_TO,2026-01-19 15:28:42,2709,261,AF-48-ZD,POINT (-9.171830177307129 38.73252868652344)
2433_729,4788_20260101_104_0_8,104_0,0,38.70119857788086,-9.199819564819336,33,IN_TRANSIT_TO,2026-01-12 13:53:54,4106,2433,44-BC-28,POINT (-9.199819564819336 38.70119857788086)
2239_758,6889_20260101_150_0_12,150_0,1,38.724918365478516,-9.160030364990234,21,IN_TRANSIT_TO,2026-01-19 15:28:27,6120,2239,06-30-XX,POINT (-9.160030364990234 38.724918365478516)
2344_724,4230_20260101_178_0_18,178_0,1,38.75056838989258,-9.197449684143066,9,IN_TRANSIT_TO,2026-01-19 15:28:22,10913,2344,53-60-ZJ,POINT (-9.197449684143066 38.75056838989258)
2469_747,6101_20260101_177_0_15,177_0,0,38.769020080566406,-9.19552993774414,18,IN_TRANSIT_TO,2026-01-19 15:28:26,14101,2469,16-AZ-09,POINT (-9.19552993774414 38.769020080566406)
1704_798,8202_20260101_194_0_21,194_0,0,38.76641845703125,-9.152850151062012,6,IN_TRANSIT_TO,2026-01-19 15:28:24,5838,1704,35-AL-14,POINT (-9.152850151062012 38.76641845703125)
2447_703,3135_20260101_165_0_11,165_0,0,38.757118225097656,-9.185600280761719,32,IN_TRANSIT_TO,2026-01-19 15:28:30,12802,2447,44-BC-33,POINT (-9.185600280761719 38.757118225097656)
1771_717,3825_20260101_170_0_8,170_0,0,38.79753112792969,-9.143919944763184,40,IN_TRANSIT_TO,2026-01-19 15:28:42,16002,1771,63-HX-27,POINT (-9.143919944763184 38.79753112792969)
1772_735,5191_20260101_172_0_9,172_0,0,38.75014877319336,-9.142370223999023,26,IN_TRANSIT_TO,2026-01-19 15:28:27,203,1772,63-HX-22,POINT (-9.142370223999023 38.75014877319336)
1779_755,6654_20260101_118_0_11,118_0,1,38.75619888305664,-9.113579750061035,26,IN_TRANSIT_TO,2026-01-19 15:28:24,8427,1779,63-HX-20,POINT (-9.113579750061035 38.75619888305664)
2467_729,4817_20260101_104_0_9,104_0,1,38.7524299621582,-9.189599990844727,33,IN_TRANSIT_TO,2026-01-19 15:28:10,50134,2467,16-AZ-14,POINT (-9.189599990844727 38.7524299621582)
1760_794,8035_20260101_115_0_9,115_0,0,38.70962142944336,-9.12874984741211,1,IN_TRANSIT_TO,2026-01-19 15:28:33,4507,1760,34-HU-26,POINT (-9.12874984741211 38.70962142944336)
2333_712,3541_20260101_189_0_12,189_0,0,38.717899322509766,-9.17175006866455,25,IN_TRANSIT_TO,2026-01-19 15:28:21,9303,2333,62-97-ZG,POINT (-9.17175006866455 38.717899322509766)
2497_742,5788_20260101_114_0_10,114_0,0,38.73168182373047,-9.113300323486328,44,IN_TRANSIT_TO,2026-01-19 15:28:50,7010,2497,88-BL-71,POINT (-9.113300323486328 38.73168182373047)
2461_729,4757_20260101_104_0_10,104_0,0,38.71337890625,-9.202520370483398,27,IN_TRANSIT_TO,2026-01-19 15:28:09,12907,2461,55-BH-04,POINT (-9.202520370483398 38.71337890625)
2422_747,6122_20260101_177_0_16,177_0,1,38.764671325683594,-9.177149772644043,12,IN_TRANSIT_TO,2026-01-19 15:28:46,12833,2422,29-AU-17,POINT (-9.177149772644043 38.764671325683594)
2285_758,6868_20260101_150_0_11,150_0,0,38.71657943725586,-9.148119926452637,6,IN_TRANSIT_TO,2026-01-19 15:28:33,10605,2285,67-55-ZJ,POINT (-9.148119926452637 38.71657943725586)
2967_737,5502_20260101_173_0_27,173_0,0,38.71187973022461,-9.131019592285156,5,IN_TRANSIT_TO,2026-01-19 15:28:27,13807,2967,30-VM-05,POINT (-9.131019592285156 38.71187973022461)
1719_796,8113_20260101_174_0_20,174_0,1,38.774681091308594,-9.16238021850586,11,IN_TRANSIT_TO,2026-01-19 15:28:49,5908,1719,25-AS-31,POINT (-9.16238021850586 38.774681091308594)
2809_793,8007_20260101_145_0_15,145_0,1,38.74858093261719,-9.107879638671875,15,IN_TRANSIT_TO,2026-01-19 15:28:30,2217,2809,01-IH-98,POINT (-9.107879638671875 38.74858093261719)
2437_706,3267_20260101_147_0_12,147_0,0,38.732398986816406,-9.128999710083008,23,IN_TRANSIT_TO,2026-01-19 15:28:50,502,2437,29-AX-09,POINT (-9.128999710083008 38.732398986816406)
2423_716,3747_20260101_164_0_16,164_0,1,38.743770599365234,-9.176250457763672,10,IN_TRANSIT_TO,2026-01-19 15:28:40,10703,2423,29-AU-18,POINT (-9.176250457763672 38.743770599365234)
2269_767,7294_20260101_112_0_8,112_0,1,38.7253303527832,-9.14052963256836,42,IN_TRANSIT_TO,2026-01-19 15:28:23,6901,2269,76-88-ZG,POINT (-9.14052963256836 38.7253303527832)
2758_735,5232_20260101_172_0_11,172_0,0,38.714298248291016,-9.122969627380371,6,IN_TRANSIT_TO,2026-01-19 15:28:42,2101,2758,AH-36-ND,POINT (-9.122969627380371 38.714298248291016)
2839_728,4714_20260101_204_0_8,204_0,0,38.766929626464844,-9.097820281982422,42,IN_TRANSIT_TO,2026-01-19 15:28:43,2512,2839,BF-69-FZ,POINT (-9.097820281982422 38.766929626464844)
1703_794,8043_20260101_115_0_11,115_0,1,38.7081298828125,-9.131850242614746,38,IN_TRANSIT_TO,2026-01-19 15:28:29,8202,1703,35-AL-13,POINT (-9.131850242614746 38.7081298828125)
1766_794,8108_20260101_115_0_12,115_0,0,38.74715042114258,-9.118550300598145,15,IN_TRANSIT_TO,2026-01-19 15:27:29,3608,1766,63-HX-33,POINT (-9.118550300598145 38.74715042114258)
1777_735,5283_20260101_172_0_10,172_0,1,38.74687957763672,-9.140769958496094,9,IN_TRANSIT_TO,2026-01-19 15:28:38,202,1777,63-HX-31,POINT (-9.140769958496094 38.74687957763672)
2787_714,3662_20260101_102_0_12,102_0,1,38.72241973876953,-9.229780197143555,0,IN_TRANSIT_TO,2026-01-19 15:28:31,,2787,AI-55-TL,POINT (-9.229780197143555 38.72241973876953)
2271_729,4779_20260101_104_0_8,104_0,0,38.74858093261719,-9.201499938964844,15,IN_TRANSIT_TO,2026-01-19 15:28:35,10921,2271,92-54-ZM,POINT (-9.201499938964844 38.74858093261719)
1761_717,3800_20260101_170_0_12,170_0,1,38.7795295715332,-9.148579597473145,16,IN_TRANSIT_TO,2026-01-19 15:28:26,6015,1761,63-HX-19,POINT (-9.148579597473145 38.7795295715332)
4605_728,4706_20260101_204_0_8,204_0,0,38.7671012878418,-9.099100112915039,43,IN_TRANSIT_TO,2026-01-19 15:28:25,7825,4605,31-GN-72,POINT (-9.099100112915039 38.7671012878418)
2306_742,5769_20260101_114_0_8,114_0,0,38.723628997802734,-9.16588020324707,31,IN_TRANSIT_TO,2026-01-19 15:28:44,8609,2306,83-19-ZM,POINT (-9.16588020324707 38.723628997802734)
225_773,20155_20260101_124_0_20,124_0,1,38.71337127685547,-9.159420013427734,12,IN_TRANSIT_TO,2026-01-19 15:28:21,8111,225,84-37-XQ,POINT (-9.159420013427734 38.71337127685547)
601_15E,11254_20260101_76_0_12,76_0,1,38.69498062133789,-9.2150297164917,5,IN_TRANSIT_TO,2026-01-19 15:28:31,13205,601,,POINT (-9.2150297164917 38.69498062133789)
2240_763,49570_20260101_282_0_17,282_0,0,38.77143096923828,-9.192500114440918,14,IN_TRANSIT_TO,2026-01-19 15:28:45,14103,2240,06-31-XX,POINT (-9.192500114440918 38.77143096923828)
2403_703,3162_20260101_165_0_12,165_0,0,38.78007888793945,-9.159899711608887,13,IN_TRANSIT_TO,2026-01-19 15:28:37,5931,2403,50-AL-12,POINT (-9.159899711608887 38.78007888793945)
2786_723,4136_20260101_121_0_10,121_0,1,38.7200813293457,-9.1383695602417,34,IN_TRANSIT_TO,2026-01-19 15:28:40,9214,2786,AI-52-TL,POINT (-9.1383695602417 38.7200813293457)
2838_728,4661_20260101_204_0_7,204_0,1,38.73767852783203,-9.103050231933594,21,IN_TRANSIT_TO,2026-01-19 15:28:47,12510,2838,BF-59-FZ,POINT (-9.103050231933594 38.73767852783203)
2401_703,3100_20260101_165_0_11,165_0,1,38.75041961669922,-9.197019577026367,6,IN_TRANSIT_TO,2026-01-19 15:28:45,10907,2401,50-AL-14,POINT (-9.197019577026367 38.75041961669922)
2309_723,4176_20260101_121_0_10,121_0,1,38.69878005981445,-9.2253999710083,1,IN_TRANSIT_TO,2026-01-19 15:28:44,4206,2309,83-15-ZM,POINT (-9.2253999710083 38.69878005981445)
2837_728,4641_20260101_204_0_9,204_0,1,38.70872116088867,-9.13502025604248,32,IN_TRANSIT_TO,2026-01-19 15:28:24,4502,2837,BF-66-FZ,POINT (-9.13502025604248 38.70872116088867)
2334_723,4186_20260101_121_0_11,121_0,0,38.71474838256836,-9.208250045776367,18,IN_TRANSIT_TO,2026-01-19 15:28:50,12906,2334,53-53-ZJ,POINT (-9.208250045776367 38.71474838256836)
2764_708,3289_20260101_100_0_11,100_0,1,38.76496887207031,-9.116180419921875,22,IN_TRANSIT_TO,2026-01-19 15:28:31,8438,2764,AH-29-ND,POINT (-9.116180419921875 38.76496887207031)
228_773,7398_20260101_124_0_18,124_0,0,38.71187973022461,-9.164270401000977,17,IN_TRANSIT_TO,2026-01-19 15:28:21,10109,228,84-39-XQ,POINT (-9.164270401000977 38.71187973022461)
2474_706,3235_20260101_147_0_6,147_0,0,38.70642852783203,-9.152830123901367,3,IN_TRANSIT_TO,2026-01-19 15:28:27,7102,2474,74-BC-67,POINT (-9.152830123901367 38.70642852783203)
606_15E,11238_20260101_76_0_10,76_0,1,38.69866943359375,-9.187179565429688,11,IN_TRANSIT_TO,2026-01-19 15:28:37,9505,606,,POINT (-9.187179565429688 38.69866943359375)
2283_731,4996_20260101_190_0_9,190_0,0,38.759681701660156,-9.136480331420898,18,IN_TRANSIT_TO,2026-01-19 15:28:31,11305,2283,67-39-ZJ,POINT (-9.136480331420898 38.759681701660156)
4840_736,5299_20260101_199_0_10,199_0,1,38.785831451416016,-9.169899940490723,6,IN_TRANSIT_TO,2026-01-19 15:28:34,7204,4840,45-VX-93,POINT (-9.169899940490723 38.785831451416016)
2481_726,4286_20260101_116_0_11,116_0,0,38.75334930419922,-9.1743803024292,22,IN_TRANSIT_TO,2026-01-19 15:28:35,13617,2481,54-BH-99,POINT (-9.1743803024292 38.75334930419922)
2406_716,3718_20260101_164_0_17,164_0,0,38.741851806640625,-9.170769691467285,13,IN_TRANSIT_TO,2026-01-19 15:28:37,1607,2406,50-AL-09,POINT (-9.170769691467285 38.741851806640625)
2753_735,5267_20260101_172_0_10,172_0,1,38.71842956542969,-9.11851978302002,27,IN_TRANSIT_TO,2026-01-19 15:28:48,2131,2753,AG-08-TH,POINT (-9.11851978302002 38.71842956542969)
2941_26B,17510_20260101_208_0_15,208_0,0,38.76873016357422,-9.098770141601562,17,IN_TRANSIT_TO,2026-01-19 15:28:50,7805,2941,51-GL-81,POINT (-9.098770141601562 38.76873016357422)
2451_726,4317_20260101_116_0_11,116_0,0,38.7265510559082,-9.13640022277832,5,IN_TRANSIT_TO,2026-01-19 15:28:26,605,2451,75-AQ-16,POINT (-9.13640022277832 38.7265510559082)
2405_703,3124_20260101_165_0_12,165_0,1,38.747650146484375,-9.206999778747559,0,IN_TRANSIT_TO,2026-01-19 15:28:32,,2405,50-AL-10,POINT (-9.206999778747559 38.747650146484375)
2434_703,3175_20260101_165_0_10,165_0,1,38.7622184753418,-9.195770263671875,0,IN_TRANSIT_TO,2026-01-19 15:28:51,,2434,29-AU-24,POINT (-9.195770263671875 38.7622184753418)
2464_729,4825_20260101_104_0_8,104_0,1,38.74372863769531,-9.196279525756836,23,IN_TRANSIT_TO,2026-01-19 15:28:36,2809,2464,91-BE-71,POINT (-9.196279525756836 38.74372863769531)
1726_701,2987_20260101_123_0_16,123_0,0,38.74222183227539,-9.16808032989502,19,IN_TRANSIT_TO,2026-01-19 15:28:35,1612,1726,25-AS-38,POINT (-9.16808032989502 38.74222183227539)
206_49B,22224_20260101_251_0_14,251_0,0,38.74542999267578,-9.135080337524414,17,IN_TRANSIT_TO,2026-01-19 15:28:52,50109,206,33-49-XH,POINT (-9.135080337524414 38.74542999267578)
2840_728,4569_20260101_204_0_8,204_0,0,38.73992919921875,-9.102829933166504,32,IN_TRANSIT_TO,2026-01-19 15:28:35,12509,2840,BF-75-FZ,POINT (-9.102829933166504 38.73992919921875)
2773_764,7142_20260101_168_0_13,168_0,1,38.74946975708008,-9.164730072021484,31,IN_TRANSIT_TO,2026-01-19 15:28:25,12705,2773,AH-39-ND,POINT (-9.164730072021484 38.74946975708008)
1728_794,8067_20260101_115_0_11,115_0,1,38.75117874145508,-9.124919891357422,21,IN_TRANSIT_TO,2026-01-19 15:21:25,14725,1728,25-AS-40,POINT (-9.124919891357422 38.75117874145508)
6012_771,39066_20260101_248_0_2,248_0,0,38.72330093383789,-9.166319847106934,10,IN_TRANSIT_TO,2026-01-19 15:28:33,8501,6012,67-ZF-26,POINT (-9.166319847106934 38.72330093383789)
2798_764,7166_20260101_168_0_11,168_0,0,38.752079010009766,-9.189399719238281,15,IN_TRANSIT_TO,2026-01-19 15:28:31,10808,2798,AJ-56-LI,POINT (-9.189399719238281 38.752079010009766)
4838_736,5351_20260101_199_0_11,199_0,0,38.77347183227539,-9.161580085754395,20,IN_TRANSIT_TO,2026-01-19 15:28:46,5907,4838,34-VR-22,POINT (-9.161580085754395 38.77347183227539)
2249_771,39065_20260101_248_0_14,248_0,0,38.7169189453125,-9.200220108032227,14,IN_TRANSIT_TO,2026-01-19 15:28:52,21303,2249,22-32-ZB,POINT (-9.200220108032227 38.7169189453125)
6029_760,7105_20260101_171_0_8,171_0,1,38.70711898803711,-9.141579627990723,30,IN_TRANSIT_TO,2026-01-19 15:28:32,3803,6029,BF-52-AX,POINT (-9.141579627990723 38.70711898803711)
2276_758,6860_20260101_150_0_11,150_0,0,38.718048095703125,-9.151849746704102,7,IN_TRANSIT_TO,2026-01-19 15:28:24,10607,2276,53-57-ZJ,POINT (-9.151849746704102 38.718048095703125)
2245_731,5022_20260101_190_0_10,190_0,1,38.74300003051758,-9.166379928588867,32,IN_TRANSIT_TO,2026-01-19 15:28:36,1608,2245,22-35-ZB,POINT (-9.166379928588867 38.74300003051758)
2668_723,63530_20260101_121_0_9,121_0,1,38.719970703125,-9.138199806213379,34,IN_TRANSIT_TO,2026-01-19 15:28:32,9214,2668,87-XB-36,POINT (-9.138199806213379 38.719970703125)
2843_728,4621_20260101_204_0_9,204_0,1,38.69738006591797,-9.199799537658691,42,IN_TRANSIT_TO,2026-01-19 15:28:39,4102,2843,BF-63-FZ,POINT (-9.199799537658691 38.69738006591797)
2296_724,4236_20260101_178_0_16,178_0,1,38.76332092285156,-9.197750091552734,1,IN_TRANSIT_TO,2026-01-19 15:28:29,13908,2296,92-51-ZM,POINT (-9.197750091552734 38.76332092285156)
2770_738,5512_20260101_117_0_11,117_0,0,38.7557487487793,-9.16808032989502,4,IN_TRANSIT_TO,2026-01-19 15:28:34,50017,2770,AH-30-ND,POINT (-9.16808032989502 38.7557487487793)
203_46B,21499_20260101_239_0_11,239_0,0,38.748680114746094,-9.14780044555664,24,IN_TRANSIT_TO,2026-01-19 15:28:38,2013,203,89-59-XD,POINT (-9.14780044555664 38.748680114746094)
564_25E,14255_20260101_79_0_14,79_0,0,38.714569091796875,-9.167579650878906,17,IN_TRANSIT_TO,2026-01-19 15:28:27,8018,564,,POINT (-9.167579650878906 38.714569091796875)
2225_796,8127_20260101_174_0_26,174_0,1,38.791221618652344,-9.15198040008545,1,IN_TRANSIT_TO,2026-01-19 15:28:39,11613,2225,08-03-XS,POINT (-9.15198040008545 38.791221618652344)
409_67B,28217_20260101_253_0_11,253_0,0,38.70492935180664,-9.166529655456543,14,IN_TRANSIT_TO,2026-01-19 15:28:52,50218,409,BF-73-TQ,POINT (-9.166529655456543 38.70492935180664)
2210_742,5687_20260101_114_0_10,114_0,1,38.72163009643555,-9.167119979858398,27,IN_TRANSIT_TO,2026-01-19 15:28:41,8011,2210,01-66-XO,POINT (-9.167119979858398 38.72163009643555)
2789_727,4441_20260101_103_0_8,103_0,1,38.711978912353516,-9.153120040893555,30,IN_TRANSIT_TO,2026-01-19 15:28:20,6701,2789,AI-53-TL,POINT (-9.153120040893555 38.711978912353516)
2214_742,5737_20260101_114_0_8,114_0,1,38.71372985839844,-9.199230194091797,1,IN_TRANSIT_TO,2026-01-19 15:28:35,10315,2214,08-02-XS,POINT (-9.199230194091797 38.71372985839844)
2213_701,2960_20260101_123_0_11,123_0,1,38.75288009643555,-9.167900085449219,21,IN_TRANSIT_TO,2026-01-19 15:28:43,50462,2213,08-04-XS,POINT (-9.167900085449219 38.75288009643555)
2215_742,5720_20260101_114_0_10,114_0,1,38.70431900024414,-9.182869911193848,17,IN_TRANSIT_TO,2026-01-19 15:28:22,12003,2215,08-01-XS,POINT (-9.182869911193848 38.70431900024414)
614_15E,11212_20260101_76_0_12,76_0,1,38.707820892333984,-9.138850212097168,21,IN_TRANSIT_TO,2026-01-19 15:28:50,3823,614,,POINT (-9.138850212097168 38.707820892333984)
2781_727,4454_20260101_103_0_7,103_0,1,38.70452117919922,-9.164230346679688,23,IN_TRANSIT_TO,2026-01-19 15:28:28,10211,2781,AI-00-BT,POINT (-9.164230346679688 38.70452117919922)
2216_742,5759_20260101_114_0_9,114_0,0,38.70711898803711,-9.196579933166504,49,IN_TRANSIT_TO,2026-01-19 15:28:44,13312,2216,08-00-XS,POINT (-9.196579933166504 38.70711898803711)
2206_794,8101_20260101_115_0_11,115_0,0,38.75542068481445,-9.102930068969727,33,IN_TRANSIT_TO,2026-01-19 15:28:48,2319,2206,01-67-XO,POINT (-9.102930068969727 38.75542068481445)
2218_742,5666_20260101_114_0_8,114_0,1,38.73345184326172,-9.133569717407227,41,IN_TRANSIT_TO,2026-01-19 15:28:35,517,2218,07-98-XS,POINT (-9.133569717407227 38.73345184326172)
2712_738,5550_20260101_117_0_10,117_0,1,38.722328186035156,-9.151880264282227,15,IN_TRANSIT_TO,2026-01-19 15:28:21,6809,2712,92-XQ-33,POINT (-9.151880264282227 38.722328186035156)
563_28E,14895_20260101_75_0_16,75_0,0,38.712120056152344,-9.130319595336914,13,IN_TRANSIT_TO,2026-01-19 15:28:24,13812,563,,POINT (-9.130319595336914 38.712120056152344)
561_25E,14263_20260101_79_0_14,79_0,0,38.7067985534668,-9.141670227050781,3,IN_TRANSIT_TO,2026-01-19 15:28:34,3820,561,,POINT (-9.141670227050781 38.7067985534668)
567_25E,14276_20260101_79_0_13,79_0,1,38.70682907104492,-9.155500411987305,14,IN_TRANSIT_TO,2026-01-19 15:28:41,3913,567,,POINT (-9.155500411987305 38.70682907104492)
2228_742,5776_20260101_114_0_10,114_0,0,38.726749420166016,-9.16232967376709,29,IN_TRANSIT_TO,2026-01-19 15:28:32,6113,2228,06-24-XX,POINT (-9.16232967376709 38.726749420166016)
2230_760,7044_20260101_171_0_6,171_0,1,38.712501525878906,-9.210920333862305,3,IN_TRANSIT_TO,2026-01-19 15:28:34,12912,2230,06-36-XX,POINT (-9.210920333862305 38.712501525878906)
562_18E,12182_20260101_78_0_19,78_0,0,38.70322036743164,-9.193949699401855,14,IN_TRANSIT_TO,2026-01-19 15:28:46,13408,562,,POINT (-9.193949699401855 38.70322036743164)
2836_728,4581_20260101_204_0_10,204_0,0,38.70624923706055,-9.144969940185547,19,IN_TRANSIT_TO,2026-01-19 15:28:46,3803,2836,BF-70-FZ,POINT (-9.144969940185547 38.70624923706055)
2207_735,5217_20260101_172_1_9,172_1,1,38.71923065185547,-9.122329711914062,10,IN_TRANSIT_TO,2026-01-19 15:28:35,9116,2207,01-70-XO,POINT (-9.122329711914062 38.71923065185547)
560_12E,11025_20260101_77_0_13,77_0,1,38.71541976928711,-9.136369705200195,23,IN_TRANSIT_TO,2026-01-19 15:28:47,804,560,,POINT (-9.136369705200195 38.71541976928711)
565_18E,12202_20260101_78_0_16,78_0,1,38.70185089111328,-9.180970191955566,14,IN_TRANSIT_TO,2026-01-19 15:28:45,12115,565,,POINT (-9.180970191955566 38.70185089111328)
2238_768,7341_20260101_111_0_14,111_0,1,38.7598991394043,-9.182700157165527,12,IN_TRANSIT_TO,2026-01-19 15:28:37,12803,2238,06-29-XX,POINT (-9.182700157165527 38.7598991394043)
2201_717,3863_20260101_170_0_11,170_0,0,38.73447036743164,-9.135029792785645,0,IN_TRANSIT_TO,2026-01-19 15:28:35,,2201,72-15-XN,POINT (-9.135029792785645 38.73447036743164)
230_773,7423_20260101_124_0_15,124_0,1,38.71342849731445,-9.153169631958008,20,IN_TRANSIT_TO,2026-01-19 15:28:20,6703,230,13-33-XZ,POINT (-9.153169631958008 38.71342849731445)
6004_758,6890_20260101_150_0_2,150_0,1,38.73672103881836,-9.167869567871094,16,IN_TRANSIT_TO,2026-01-19 15:28:34,2718,6004,82-ZC-35,POINT (-9.167869567871094 38.73672103881836)
2234_763,46422_20260101_282_0_14,282_0,1,38.77925109863281,-9.166780471801758,15,IN_TRANSIT_TO,2026-01-19 15:22:19,50641,2234,06-26-XX,POINT (-9.166780471801758 38.77925109863281)
6027_760,7085_20260101_171_0_9,171_0,0,38.703521728515625,-9.170280456542969,16,IN_TRANSIT_TO,2026-01-19 15:28:38,10202,6027,BF-66-BA,POINT (-9.170280456542969 38.703521728515625)
615_15E,11303_20260101_76_0_11,76_0,0,38.69847106933594,-9.188429832458496,12,IN_TRANSIT_TO,2026-01-19 15:28:32,9504,615,,POINT (-9.188429832458496 38.69847106933594)
407_19B,62308_20260101_245_0_8,245_0,0,38.72119903564453,-9.152400016784668,6,IN_TRANSIT_TO,2026-01-19 15:25:01,6820,407,BF-55-TT,POINT (-9.152400016784668 38.72119903564453)
2287_724,4191_20260101_178_0_15,178_0,0,38.75891876220703,-9.201169967651367,26,IN_TRANSIT_TO,2026-01-19 15:28:25,13711,2287,92-58-ZM,POINT (-9.201169967651367 38.75891876220703)
2832_751,6498_20260101_109_0_11,109_0,0,38.7252197265625,-9.172699928283691,1,IN_TRANSIT_TO,2026-01-19 15:28:15,2702,2832,BF-68-FZ,POINT (-9.172699928283691 38.7252197265625)
303_708,3365_20260101_100_0_11,100_0,1,38.71657943725586,-9.136469841003418,42,IN_TRANSIT_TO,2026-01-19 15:28:27,804,303,22-SP-90,POINT (-9.136469841003418 38.71657943725586)
2267_758,6853_20260101_150_0_9,150_0,0,38.7358512878418,-9.166029930114746,16,IN_TRANSIT_TO,2026-01-19 15:28:40,2711,2267,76-86-ZG,POINT (-9.166029930114746 38.7358512878418)
2266_767,7308_20260101_112_0_8,112_0,1,38.76219940185547,-9.15742015838623,27,IN_TRANSIT_TO,2026-01-19 15:28:26,5824,2266,76-92-ZG,POINT (-9.15742015838623 38.76219940185547)
