id,trip_id,route_id,direction_id,latitude,longitude,current_stop_sequence,current_status,timestamp,stop_id,vehicle_id,license_plate,geometry
2689_711,3492_20251202_101_0_7,101_0,0,38.74325180053711,-9.219019889831543,30,IN_TRANSIT_TO,2025-12-06 11:22:46,3020,2689,93-XA-45,POINT (-9.219019889831543 38.74325180053711)
4648_750,6328_20251202_106_0_7,106_0,0,38.749351501464844,-9.197580337524414,24,IN_TRANSIT_TO,2025-12-06 11:22:48,10908,4648,98-JO-47,POINT (-9.197580337524414 38.749351501464844)
2793_746,5984_20251202_108_0_10,108_0,1,38.73789978027344,-9.15684986114502,19,IN_TRANSIT_TO,2025-12-06 11:22:40,1506,2793,AJ-58-LI,POINT (-9.15684986114502 38.73789978027344)
2302_742,5741_20251202_114_0_5,114_0,0,38.70634841918945,-9.19635009765625,49,IN_TRANSIT_TO,2025-12-06 11:22:51,13312,2302,83-08-ZM,POINT (-9.19635009765625 38.70634841918945)
6022_760,51290_20251202_171_0_2,171_0,0,38.703731536865234,-9.190779685974121,23,IN_TRANSIT_TO,2025-12-06 11:22:40,12008,6022,BF-48-BB,POINT (-9.190779685974121 38.703731536865234)
2440_729,4785_20251202_104_0_6,104_0,1,38.69729995727539,-9.202730178833008,6,IN_TRANSIT_TO,2025-12-06 11:22:42,9603,2440,29-AX-08,POINT (-9.202730178833008 38.69729995727539)
2992_71B,45279_20251202_278_0_7,278_0,0,38.750099182128906,-9.195579528808594,3,IN_TRANSIT_TO,2025-12-06 11:22:48,10802,2992,29-VM-95,POINT (-9.195579528808594 38.750099182128906)
558_24E,17843_20251202_213_0_11,213_0,1,38.720130920410156,-9.155500411987305,4,IN_TRANSIT_TO,2025-12-06 11:22:58,6823,558,,POINT (-9.155500411987305 38.720130920410156)
2766_742,5727_20251202_114_0_3,114_0,0,38.71392822265625,-9.196769714355469,57,IN_TRANSIT_TO,2025-12-06 11:22:58,50140,2766,AH-40-ND,POINT (-9.196769714355469 38.71392822265625)
2250_731,19403_20240727_190_0_8,190_0,1,38.78303146362305,-9.114009857177734,3,IN_TRANSIT_TO,2024-08-10 10:41:27,12610,2250,80-41-ZE,POINT (-9.114009857177734 38.78303146362305)
2292_731,5008_20251202_190_0_7,190_0,0,38.7753791809082,-9.110779762268066,28,IN_TRANSIT_TO,2025-12-06 11:22:50,12301,2292,83-16-ZM,POINT (-9.110779762268066 38.7753791809082)
2795_714,3679_20251202_102_0_4,102_0,1,38.721248626708984,-9.221500396728516,4,IN_TRANSIT_TO,2025-12-06 11:22:58,18703,2795,AJ-55-LI,POINT (-9.221500396728516 38.721248626708984)
2494_794,8056_20251202_115_0_9,115_0,1,38.755279541015625,-9.126079559326172,19,IN_TRANSIT_TO,2025-12-06 11:22:46,14720,2494,88-BL-68,POINT (-9.126079559326172 38.755279541015625)
2830_728,4633_20251202_204_0_6,204_0,1,38.7399787902832,-9.102829933166504,20,IN_TRANSIT_TO,2025-12-06 11:22:51,12512,2830,BF-57-FZ,POINT (-9.102829933166504 38.7399787902832)
6033_706,3225_20251202_147_0_8,147_0,0,38.70595169067383,-9.143219947814941,0,IN_TRANSIT_TO,2025-12-06 11:23:04,,6033,BF-92-AZ,POINT (-9.143219947814941 38.70595169067383)
4620_750,6354_20251202_106_0_7,106_0,0,38.76839828491211,-9.104499816894531,1,IN_TRANSIT_TO,2025-12-06 11:22:45,7813,4620,22-GP-54,POINT (-9.104499816894531 38.76839828491211)
2954_40B,19269_20251202_212_0_5,212_0,0,38.771148681640625,-9.148150444030762,17,IN_TRANSIT_TO,2025-12-06 10:16:20,6018,2954,62-GQ-56,POINT (-9.148150444030762 38.771148681640625)
2624_708,3281_20251202_100_0_8,100_0,0,38.747398376464844,-9.131070137023926,11,IN_TRANSIT_TO,2025-12-06 11:22:51,313,2624,72-VP-82,POINT (-9.131070137023926 38.747398376464844)
4642_750,6258_20251202_106_0_7,106_0,1,38.75497817993164,-9.153229713439941,25,IN_TRANSIT_TO,2025-12-06 11:23:07,5804,4642,90-JI-99,POINT (-9.153229713439941 38.75497817993164)
2950_29B,17525_20251202_209_0_8,209_0,0,38.76823043823242,-9.122870445251465,26,IN_TRANSIT_TO,2025-12-06 11:22:55,50089,2950,62-GQ-51,POINT (-9.122870445251465 38.76823043823242)
2949_26B,17511_20251202_208_2_10,208_2,1,38.79561996459961,-9.097100257873535,18,IN_TRANSIT_TO,2025-12-06 11:22:40,50302,2949,62-GQ-52,POINT (-9.097100257873535 38.79561996459961)
4626_736,18825_20251202_199_0_8,199_0,1,38.78578186035156,-9.172369956970215,4,IN_TRANSIT_TO,2025-12-06 11:22:58,15107,4626,90-JI-93,POINT (-9.172369956970215 38.78578186035156)
4629_796,8140_20250901_174_0_28,174_0,1,38.7923698425293,-9.156270027160645,4,IN_TRANSIT_TO,2025-11-05 15:40:33,11607,4629,11-JM-77,POINT (-9.156270027160645 38.7923698425293)
2973_34B,35064_20251202_226_0_4,226_0,0,38.736778259277344,-9.117070198059082,37,IN_TRANSIT_TO,2025-12-06 11:22:40,17573,2973,30-VM-13,POINT (-9.117070198059082 38.736778259277344)
2690_711,3505_20251202_101_0_5,101_0,0,38.73683166503906,-9.205670356750488,18,IN_TRANSIT_TO,2025-12-06 11:22:53,8829,2690,99-XE-57,POINT (-9.205670356750488 38.73683166503906)
6048_732,5036_20251202_107_2_5,107_2,0,38.70296859741211,-9.179869651794434,15,IN_TRANSIT_TO,2025-12-06 11:23:02,12102,6048,BH-46-IR,POINT (-9.179869651794434 38.70296859741211)
4836_796,8128_20251202_174_0_15,174_0,0,38.769779205322266,-9.15939998626709,3,IN_TRANSIT_TO,2025-12-06 11:22:59,5901,4836,34-VR-23,POINT (-9.15939998626709 38.769779205322266)
2705_727,4446_20251202_103_0_5,103_0,0,38.69755172729492,-9.195670127868652,34,IN_TRANSIT_TO,2025-12-06 11:23:07,9508,2705,92-XQ-29,POINT (-9.195670127868652 38.69755172729492)
2684_711,3449_20251202_101_0_7,101_0,0,38.72433090209961,-9.14918041229248,6,IN_TRANSIT_TO,2025-12-06 11:22:44,1103,2684,99-XE-59,POINT (-9.14918041229248 38.72433090209961)
4619_750,6302_20251202_106_0_7,106_0,1,38.700069427490234,-9.227219581604004,1,IN_TRANSIT_TO,2025-12-06 11:23:09,4201,4619,22-GP-53,POINT (-9.227219581604004 38.700069427490234)
4618_750,6311_20251202_106_0_7,106_0,0,38.72779846191406,-9.209150314331055,32,IN_TRANSIT_TO,2025-12-06 11:22:57,14008,4618,22-GP-52,POINT (-9.209150314331055 38.72779846191406)
4643_750,6280_20251202_106_0_7,106_0,1,38.74502182006836,-9.20497989654541,11,IN_TRANSIT_TO,2025-12-06 11:22:58,8811,4643,98-JO-45,POINT (-9.20497989654541 38.74502182006836)
2676_746,5979_20251202_108_0_10,108_0,0,38.734619140625,-9.154170036315918,4,IN_TRANSIT_TO,2025-12-06 11:22:43,1403,2676,87-XB-40,POINT (-9.154170036315918 38.734619140625)
2671_723,17897_20251202_121_0_5,121_0,0,38.7170295715332,-9.212920188903809,21,IN_TRANSIT_TO,2025-12-06 11:22:56,10402,2671,87-XB-43,POINT (-9.212920188903809 38.7170295715332)
2673_754,6595_20251202_201_2_10,201_2,0,38.74348068237305,-9.175129890441895,2,IN_TRANSIT_TO,2025-12-06 11:22:44,1616,2673,87-XB-37,POINT (-9.175129890441895 38.74348068237305)
2674_709,3385_20251202_148_0_13,148_0,1,38.71636962890625,-9.142330169677734,9,IN_TRANSIT_TO,2025-12-06 11:23:00,1102,2674,87-XB-38,POINT (-9.142330169677734 38.71636962890625)
2675_764,7136_20251202_168_2_15,168_2,0,38.74382019042969,-9.205730438232422,8,IN_TRANSIT_TO,2025-12-06 11:22:58,8814,2675,87-XB-35,POINT (-9.205730438232422 38.74382019042969)
2964_45B,45294_20251202_277_0_8,277_0,0,38.761600494384766,-9.166330337524414,14,IN_TRANSIT_TO,2025-12-06 11:23:06,50013,2964,30-VM-19,POINT (-9.166330337524414 38.761600494384766)
2961_774,7438_20251202_192_1_9,192_1,0,38.708580017089844,-9.16172981262207,10,IN_TRANSIT_TO,2025-12-06 11:22:56,10008,2961,26-VD-02,POINT (-9.16172981262207 38.708580017089844)
2718_754,6601_20251202_201_2_8,201_2,1,38.74372863769531,-9.17609977722168,26,IN_TRANSIT_TO,2025-12-06 11:23:02,10703,2718,92-XQ-23,POINT (-9.17609977722168 38.74372863769531)
6014_706,19488_20251202_147_0_9,147_0,1,38.73031997680664,-9.13757038116455,16,IN_TRANSIT_TO,2025-12-06 11:22:52,6503,6014,67-ZF-30,POINT (-9.13757038116455 38.73031997680664)
2723_711,3489_20251202_101_0_8,101_0,1,38.747779846191406,-9.207229614257812,9,IN_TRANSIT_TO,2025-12-06 11:22:56,2910,2723,92-XQ-43,POINT (-9.207229614257812 38.747779846191406)
2441_726,4289_20251202_116_0_7,116_0,0,38.7659797668457,-9.19884967803955,29,IN_TRANSIT_TO,2025-12-06 11:12:41,13912,2441,29-AX-07,POINT (-9.19884967803955 38.7659797668457)
2658_723,4141_20251202_121_0_7,121_0,0,38.724979400634766,-9.156149864196777,8,IN_TRANSIT_TO,2025-12-06 11:23:04,1223,2658,05-VZ-71,POINT (-9.156149864196777 38.724979400634766)
2493_735,5233_20251202_172_0_7,172_0,0,38.75033187866211,-9.158530235290527,32,IN_TRANSIT_TO,2025-12-06 11:23:02,13507,2493,88-BL-65,POINT (-9.158530235290527 38.75033187866211)
2414_703,3101_20251202_165_0_8,165_0,1,38.759029388427734,-9.180950164794922,12,IN_TRANSIT_TO,2025-12-06 11:22:51,12803,2414,92-AO-51,POINT (-9.180950164794922 38.759029388427734)
2417_778,7530_20251202_179_0_11,179_0,0,38.77008056640625,-9.169280052185059,11,IN_TRANSIT_TO,2025-12-06 11:23:00,50280,2417,50-AL-06,POINT (-9.169280052185059 38.77008056640625)
2755_742,5702_20251202_114_0_7,114_0,1,38.73501968383789,-9.147350311279297,36,IN_TRANSIT_TO,2025-12-06 11:22:48,1410,2755,AG-95-TG,POINT (-9.147350311279297 38.73501968383789)
608_15E,11213_20251202_76_0_3,76_0,0,38.697471618652344,-9.198570251464844,16,IN_TRANSIT_TO,2025-12-06 11:22:44,4112,608,,POINT (-9.198570251464844 38.697471618652344)
2979_737,5476_20251202_173_0_13,173_0,1,38.7110481262207,-9.13545036315918,5,IN_TRANSIT_TO,2025-12-06 11:22:46,13802,2979,30-VM-17,POINT (-9.13545036315918 38.7110481262207)
2257_758,6877_20250901_150_0_8,150_0,1,38.70589828491211,-9.143930435180664,33,IN_TRANSIT_TO,2025-11-28 13:42:19,3826,2257,80-50-ZE,POINT (-9.143930435180664 38.70589828491211)
2628_759,6901_20251202_144_0_7,144_0,0,38.713619232177734,-9.123499870300293,6,IN_TRANSIT_TO,2025-12-06 11:22:50,8201,2628,52-VP-82,POINT (-9.123499870300293 38.713619232177734)
2717_723,4144_20251202_121_0_8,121_0,1,38.724971771240234,-9.143980026245117,32,IN_TRANSIT_TO,2025-12-06 11:22:44,6604,2717,92-XQ-16,POINT (-9.143980026245117 38.724971771240234)
4835_736,5396_20251202_199_0_8,199_0,1,38.76131820678711,-9.157469749450684,14,IN_TRANSIT_TO,2025-12-06 11:22:55,5808,4835,53-VR-06,POINT (-9.157469749450684 38.76131820678711)
4624_736,5347_20251202_199_0_9,199_0,0,38.722869873046875,-9.147970199584961,3,IN_TRANSIT_TO,2025-12-06 11:22:59,1103,4624,11-JM-75,POINT (-9.147970199584961 38.722869873046875)
6035_760,51289_20251202_171_0_4,171_0,1,38.72201919555664,-9.139169692993164,38,IN_TRANSIT_TO,2025-12-06 11:22:40,9213,6035,BG-76-LX,POINT (-9.139169692993164 38.72201919555664)
2765_742,5724_20251202_114_0_7,114_0,1,38.70304870605469,-9.194499969482422,14,IN_TRANSIT_TO,2025-12-06 11:22:57,13401,2765,AH-37-ND,POINT (-9.194499969482422 38.70304870605469)
2783_727,4449_20251202_103_0_6,103_0,0,38.71023178100586,-9.153429985046387,20,IN_TRANSIT_TO,2025-12-06 11:22:42,6702,2783,AI-10-BT,POINT (-9.153429985046387 38.71023178100586)
607_15E,11290_20251202_76_0_10,76_0,1,38.698768615722656,-9.186820030212402,11,IN_TRANSIT_TO,2025-12-06 11:22:38,9505,607,,POINT (-9.186820030212402 38.698768615722656)
2978_774,7431_20251202_192_1_9,192_1,0,38.72330093383789,-9.159279823303223,25,IN_TRANSIT_TO,2025-12-06 11:22:44,8516,2978,29-VM-92,POINT (-9.159279823303223 38.72330093383789)
2270_758,6832_20251202_150_0_8,150_0,1,38.71541976928711,-9.14490032196045,29,IN_TRANSIT_TO,2025-12-06 11:22:38,10604,2270,76-82-ZG,POINT (-9.14490032196045 38.71541976928711)
4833_736,5327_20251202_199_0_9,199_0,0,38.74237060546875,-9.146650314331055,8,IN_TRANSIT_TO,2025-12-06 11:23:00,1809,4833,20-VQ-65,POINT (-9.146650314331055 38.74237060546875)
2796_754,6581_20251202_201_2_10,201_2,1,38.74467849731445,-9.190799713134766,20,IN_TRANSIT_TO,2025-12-06 11:22:43,10838,2796,AJ-59-LI,POINT (-9.190799713134766 38.74467849731445)
2614_744,5827_20251202_200_0_8,200_0,1,38.724849700927734,-9.150569915771484,31,IN_TRANSIT_TO,2025-12-06 11:22:58,1212,2614,66-VI-24,POINT (-9.150569915771484 38.724849700927734)
2965_702,3048_20251202_146_0_16,146_0,1,38.72616958618164,-9.170299530029297,6,IN_TRANSIT_TO,2025-12-06 11:22:51,8606,2965,29-VM-97,POINT (-9.170299530029297 38.72616958618164)
275_28E,44751_20251202_75_8_13,75_8,0,38.713680267333984,-9.160019874572754,6,IN_TRANSIT_TO,2025-12-06 11:23:05,8111,275,AH-16-TB,POINT (-9.160019874572754 38.713680267333984)
2997_52B,35053_20251202_244_0_7,244_0,0,38.73740005493164,-9.14957046508789,12,IN_TRANSIT_TO,2025-12-06 11:22:56,1915,2997,34-VN-03,POINT (-9.14957046508789 38.73740005493164)
2607_783,7837_20251202_203_2_7,203_2,1,38.726280212402344,-9.149680137634277,27,IN_TRANSIT_TO,2025-12-06 11:23:03,1206,2607,AA-95-TQ,POINT (-9.149680137634277 38.726280212402344)
6023_732,5048_20251202_107_2_7,107_2,0,38.7236213684082,-9.148670196533203,2,IN_TRANSIT_TO,2025-12-06 11:22:58,1212,6023,BF-03-BD,POINT (-9.148670196533203 38.7236213684082)
4815_751,6483_20251202_109_0_9,109_0,1,38.69738006591797,-9.203619956970215,18,IN_TRANSIT_TO,2025-12-06 11:22:52,9603,4815,34-VR-24,POINT (-9.203619956970215 38.69738006591797)
2821_751,6473_20251202_109_0_9,109_0,1,38.707820892333984,-9.173569679260254,26,IN_TRANSIT_TO,2025-12-06 11:22:40,9415,2821,BF-71-FZ,POINT (-9.173569679260254 38.707820892333984)
2613_783,7819_20251202_203_2_9,203_2,0,38.78395080566406,-9.12462043762207,26,IN_TRANSIT_TO,2025-12-06 11:22:51,16303,2613,66-VI-22,POINT (-9.12462043762207 38.78395080566406)
2697_713,3583_20251202_122_0_7,122_0,0,38.70637130737305,-9.158530235290527,24,IN_TRANSIT_TO,2025-12-06 11:22:57,3910,2697,90-XF-59,POINT (-9.158530235290527 38.70637130737305)
2606_759,6915_20251202_144_0_8,144_0,1,38.708580017089844,-9.133480072021484,43,IN_TRANSIT_TO,2025-12-06 11:22:49,4506,2606,66-VI-40,POINT (-9.133480072021484 38.708580017089844)
2601_755,6638_20251202_118_0_8,118_0,0,38.74272155761719,-9.167119979858398,41,IN_TRANSIT_TO,2025-12-06 11:22:53,12702,2601,04-VA-70,POINT (-9.167119979858398 38.74272155761719)
6026_706,19500_20251202_147_0_9,147_0,1,38.719581604003906,-9.117980003356934,4,IN_TRANSIT_TO,2025-12-06 11:23:07,2131,6026,BF-39-BB,POINT (-9.117980003356934 38.719581604003906)
2602_755,6660_20251202_118_0_8,118_0,0,38.75630187988281,-9.120599746704102,18,IN_TRANSIT_TO,2025-12-06 11:22:56,8426,2602,16-VF-81,POINT (-9.120599746704102 38.75630187988281)
602_15E,11203_20251202_76_0_9,76_0,0,38.699520111083984,-9.22842025756836,22,IN_TRANSIT_TO,2025-12-06 11:22:46,4218,602,,POINT (-9.22842025756836 38.699520111083984)
2653_744,22979_20251202_200_0_6,200_0,1,38.74850082397461,-9.147480010986328,22,IN_TRANSIT_TO,2025-12-06 11:23:09,2016,2653,05-VZ-52,POINT (-9.147480010986328 38.74850082397461)
4806_751,6462_20251202_109_0_9,109_0,0,38.722469329833984,-9.175250053405762,3,IN_TRANSIT_TO,2025-12-06 11:23:07,8602,4806,20-VQ-74,POINT (-9.175250053405762 38.722469329833984)
2743_735,5218_20251202_172_0_8,172_0,1,38.75407028198242,-9.144619941711426,5,IN_TRANSIT_TO,2025-12-06 11:22:58,11302,2743,AG-02-TH,POINT (-9.144619941711426 38.75407028198242)
2637_759,6912_20251202_144_0_6,144_0,1,38.71345138549805,-9.137029647827148,44,IN_TRANSIT_TO,2025-12-06 11:22:46,913,2637,87-VS-51,POINT (-9.137029647827148 38.71345138549805)
4830_736,5323_20251202_199_0_9,199_0,0,38.76927947998047,-9.159130096435547,18,IN_TRANSIT_TO,2025-12-06 11:22:45,5901,4830,20-VQ-63,POINT (-9.159130096435547 38.76927947998047)
6037_732,5066_20251202_107_2_6,107_2,1,38.70463180541992,-9.195879936218262,14,IN_TRANSIT_TO,2025-12-06 11:22:44,13305,6037,BG-37-LT,POINT (-9.195879936218262 38.70463180541992)
2617_759,6937_20251202_144_0_8,144_0,1,38.774070739746094,-9.116769790649414,10,IN_TRANSIT_TO,2025-12-06 11:23:07,12208,2617,66-VI-28,POINT (-9.116769790649414 38.774070739746094)
2648_722,4110_20251202_196_0_7,196_0,1,38.74612045288086,-9.131319999694824,21,IN_TRANSIT_TO,2025-12-06 11:22:40,7308,2648,75-VS-46,POINT (-9.131319999694824 38.74612045288086)
6039_732,5051_20251202_107_2_6,107_2,1,38.71446990966797,-9.139300346374512,32,IN_TRANSIT_TO,2025-12-06 11:22:59,919,6039,BG-96-LU,POINT (-9.139300346374512 38.71446990966797)
2991_774,7451_20251202_192_1_9,192_1,1,38.7140007019043,-9.13782024383545,35,IN_TRANSIT_TO,2025-12-06 11:18:36,5512,2991,29-VM-89,POINT (-9.13782024383545 38.7140007019043)
4820_751,6488_20251202_109_0_6,109_0,1,38.712669372558594,-9.225379943847656,5,IN_TRANSIT_TO,2025-12-06 11:23:06,14309,4820,20-VQ-62,POINT (-9.225379943847656 38.712669372558594)
2639_725,4252_20251202_197_2_9,197_2,0,38.77510070800781,-9.102519989013672,5,IN_TRANSIT_TO,2025-12-06 11:22:52,7908,2639,75-VS-47,POINT (-9.102519989013672 38.77510070800781)
2989_79B,35096_20251202_221_0_6,221_0,0,38.69721984863281,-9.205050468444824,33,IN_TRANSIT_TO,2025-12-06 11:22:56,9610,2989,29-VM-85,POINT (-9.205050468444824 38.69721984863281)
2642_718,3955_20251202_105_0_10,105_0,0,38.739200592041016,-9.10303020477295,13,IN_TRANSIT_TO,2025-12-06 11:22:50,12510,2642,75-VS-51,POINT (-9.10303020477295 38.739200592041016)
573_28E,14973_20251202_75_0_12,75_0,0,38.71039962768555,-9.142200469970703,20,IN_TRANSIT_TO,2025-12-06 11:22:57,10514,573,,POINT (-9.142200469970703 38.71039962768555)
2661_714,3632_20251202_102_0_7,102_0,0,38.72787094116211,-9.212329864501953,31,IN_TRANSIT_TO,2025-12-06 11:22:43,18102,2661,05-VZ-58,POINT (-9.212329864501953 38.72787094116211)
2609_708,3306_20251202_100_0_9,100_0,1,38.7618293762207,-9.113929748535156,24,IN_TRANSIT_TO,2025-12-06 11:22:47,8435,2609,66-VI-36,POINT (-9.113929748535156 38.7618293762207)
2611_725,4242_20251202_197_2_16,197_2,1,38.78322982788086,-9.124730110168457,6,IN_TRANSIT_TO,2025-12-06 11:22:59,16304,2611,66-VI-38,POINT (-9.124730110168457 38.78322982788086)
2632_708,3284_20251202_100_0_7,100_0,1,38.718170166015625,-9.135820388793945,42,IN_TRANSIT_TO,2025-12-06 11:12:13,804,2632,52-VP-88,POINT (-9.135820388793945 38.718170166015625)
2981_774,7468_20251202_192_1_6,192_1,1,38.72254943847656,-9.160269737243652,9,IN_TRANSIT_TO,2025-12-06 11:22:40,8517,2981,29-VM-86,POINT (-9.160269737243652 38.72254943847656)
6030_760,51291_20251202_171_0_7,171_0,0,38.72740173339844,-9.140549659729004,1,IN_TRANSIT_TO,2025-12-06 11:23:06,6909,6030,BF-39-AU,POINT (-9.140549659729004 38.72740173339844)
2618_708,3303_20251202_100_0_7,100_0,1,38.7328987121582,-9.134320259094238,37,IN_TRANSIT_TO,2025-12-06 11:22:47,410,2618,66-VI-42,POINT (-9.134320259094238 38.7328987121582)
2643_755,17789_20251202_118_0_7,118_0,1,38.75217819213867,-9.11400032043457,29,IN_TRANSIT_TO,2025-12-06 11:23:00,24375,2643,75-VS-44,POINT (-9.11400032043457 38.75217819213867)
2468_747,6098_20251202_177_0_9,177_0,0,38.76074981689453,-9.195150375366211,21,IN_TRANSIT_TO,2025-12-06 11:22:57,13907,2468,16-AZ-10,POINT (-9.195150375366211 38.76074981689453)
2654_708,3328_20251202_100_0_5,100_0,0,38.790321350097656,-9.099519729614258,37,IN_TRANSIT_TO,2025-12-06 11:22:41,50340,2654,05-VZ-69,POINT (-9.099519729614258 38.790321350097656)
6042_760,7026_20251202_171_0_8,171_0,1,38.70627975463867,-9.145299911499023,29,IN_TRANSIT_TO,2025-12-06 11:22:54,7101,6042,BG-97-LU,POINT (-9.145299911499023 38.70627975463867)
2635_708,3341_20251202_100_0_3,100_0,0,38.76578140258789,-9.109700202941895,25,IN_TRANSIT_TO,2025-12-06 11:22:58,7717,2635,52-VP-90,POINT (-9.109700202941895 38.76578140258789)
2799_714,3654_20251202_102_0_9,102_0,0,38.706329345703125,-9.145319938659668,1,IN_TRANSIT_TO,2025-12-06 11:22:35,3812,2799,AJ-52-LI,POINT (-9.145319938659668 38.706329345703125)
2996_72B,45254_20251202_279_0_8,279_0,0,38.754798889160156,-9.195500373840332,2,IN_TRANSIT_TO,2025-12-06 11:22:48,50242,2996,30-VM-03,POINT (-9.195500373840332 38.754798889160156)
556_28E,14896_20251202_75_0_6,75_0,0,38.72322082519531,-9.132829666137695,4,IN_TRANSIT_TO,2025-12-06 11:22:09,707,556,,POINT (-9.132829666137695 38.72322082519531)
549_24E,17833_20251202_213_0_12,213_0,0,38.71493148803711,-9.144499778747559,4,IN_TRANSIT_TO,2025-12-06 11:22:47,10601,549,,POINT (-9.144499778747559 38.71493148803711)
2636_744,5813_20251202_200_0_7,200_0,0,38.76818084716797,-9.11061954498291,23,IN_TRANSIT_TO,2025-12-06 11:22:39,7709,2636,87-VS-50,POINT (-9.11061954498291 38.76818084716797)
2686_711,3467_20251202_101_0_7,101_0,1,38.710670471191406,-9.138480186462402,32,IN_TRANSIT_TO,2025-12-06 11:22:23,908,2686,99-XE-58,POINT (-9.138480186462402 38.710670471191406)
571_18E,12187_20251202_78_0_11,78_0,0,38.70613098144531,-9.143269538879395,1,IN_TRANSIT_TO,2025-12-06 11:23:04,50339,571,,POINT (-9.143269538879395 38.70613098144531)
2626_718,3944_20251202_105_0_10,105_0,0,38.73622131347656,-9.133999824523926,28,IN_TRANSIT_TO,2025-12-06 11:22:43,509,2626,52-VP-86,POINT (-9.133999824523926 38.73622131347656)
2829_728,4573_20251202_204_0_6,204_0,0,38.73379898071289,-9.104100227355957,30,IN_TRANSIT_TO,2025-12-06 11:22:43,8313,2829,BF-58-FZ,POINT (-9.104100227355957 38.73379898071289)
4810_728,4617_20251202_204_0_6,204_0,1,38.703529357910156,-9.166799545288086,38,IN_TRANSIT_TO,2025-12-06 11:22:43,3906,4810,20-VQ-60,POINT (-9.166799545288086 38.703529357910156)
2621_759,6954_20251202_144_0_7,144_0,0,38.772621154785156,-9.106249809265137,41,IN_TRANSIT_TO,2025-12-06 11:22:57,7809,2621,66-VI-45,POINT (-9.106249809265137 38.772621154785156)
2649_759,6934_20251202_144_0_6,144_0,1,38.7559700012207,-9.11359977722168,20,IN_TRANSIT_TO,2025-12-06 11:22:54,24367,2649,75-VS-42,POINT (-9.11359977722168 38.7559700012207)
2656_718,3966_20251202_105_0_7,105_0,1,38.74274826049805,-9.101849555969238,20,IN_TRANSIT_TO,2025-12-06 11:22:44,12509,2656,05-VZ-53,POINT (-9.101849555969238 38.74274826049805)
2975_737,5490_20251202_173_0_8,173_0,0,38.710079193115234,-9.135370254516602,2,IN_TRANSIT_TO,2025-12-06 11:22:50,5601,2975,30-VM-11,POINT (-9.135370254516602 38.710079193115234)
2986_730,4956_20251202_198_0_11,198_0,1,38.72502136230469,-9.133649826049805,9,IN_TRANSIT_TO,2025-12-06 11:22:40,604,2986,30-VM-12,POINT (-9.133649826049805 38.72502136230469)
2711_713,3599_20251202_122_0_7,122_0,1,38.72957992553711,-9.158329963684082,29,IN_TRANSIT_TO,2025-12-06 11:23:01,6116,2711,92-XQ-44,POINT (-9.158329963684082 38.72957992553711)
2702_746,5954_20251202_108_0_10,108_0,1,38.75041961669922,-9.196980476379395,6,IN_TRANSIT_TO,2025-12-06 11:22:04,10905,2702,92-XQ-21,POINT (-9.196980476379395 38.75041961669922)
2663_714,3697_20240914_102_0_16,102_0,1,38.72127151489258,-9.221500396728516,4,IN_TRANSIT_TO,2024-10-22 20:26:58,18703,2663,05-VZ-62,POINT (-9.221500396728516 38.72127151489258)
2615_708,3325_20251202_100_0_9,100_0,1,38.793251037597656,-9.097829818725586,3,IN_TRANSIT_TO,2025-12-06 11:22:43,50451,2615,66-VI-27,POINT (-9.097829818725586 38.793251037597656)
579_28E,14947_20251202_75_0_11,75_0,1,38.71012878417969,-9.135549545288086,7,IN_TRANSIT_TO,2025-12-06 11:23:08,5601,579,,POINT (-9.135549545288086 38.71012878417969)
1714_794,8033_20251202_115_0_8,115_0,0,38.72465133666992,-9.111780166625977,5,IN_TRANSIT_TO,2025-12-06 11:23:03,9811,1714,69-AL-77,POINT (-9.111780166625977 38.72465133666992)
545_28E,14935_20251202_75_0_3,75_0,1,38.7128791809082,-9.129380226135254,12,IN_TRANSIT_TO,2025-12-06 11:22:42,13813,545,,POINT (-9.129380226135254 38.7128791809082)
580_28E,14999_20251202_75_0_2,75_0,0,38.72114944458008,-9.13539981842041,2,IN_TRANSIT_TO,2025-12-06 11:22:50,803,580,,POINT (-9.13539981842041 38.72114944458008)
505_15E,11304_20251202_76_0_2,76_0,1,38.695030212402344,-9.215350151062012,5,IN_TRANSIT_TO,2025-12-06 11:22:53,13205,505,,POINT (-9.215350151062012 38.695030212402344)
2687_711,3470_20251202_101_0_8,101_0,1,38.72264862060547,-9.1735200881958,25,IN_TRANSIT_TO,2025-12-06 11:22:49,50324,2687,93-XA-44,POINT (-9.1735200881958 38.72264862060547)
265_76B,35089_20251202_219_0_10,219_0,0,38.70933151245117,-9.195130348205566,9,IN_TRANSIT_TO,2025-12-06 11:22:53,50368,265,AG-40-OV,POINT (-9.195130348205566 38.70933151245117)
2696_764,7143_20251202_168_2_14,168_2,1,38.741119384765625,-9.21168041229248,10,IN_TRANSIT_TO,2025-12-06 11:23:09,8819,2696,90-XF-63,POINT (-9.21168041229248 38.741119384765625)
2644_744,5821_20251202_200_0_7,200_0,0,38.74300003051758,-9.146719932556152,8,IN_TRANSIT_TO,2025-12-06 11:22:49,1901,2644,87-VS-52,POINT (-9.146719932556152 38.74300003051758)
507_15E,11239_20251202_76_0_9,76_0,0,38.70814895629883,-9.13716983795166,2,IN_TRANSIT_TO,2025-12-06 11:22:37,5515,507,,POINT (-9.13716983795166 38.70814895629883)
2977_730,4940_20251202_198_0_9,198_0,1,38.7376708984375,-9.127030372619629,18,IN_TRANSIT_TO,2025-12-06 11:23:06,9002,2977,30-VM-21,POINT (-9.127030372619629 38.7376708984375)
2427_703,3110_20251202_165_0_8,165_0,1,38.74562072753906,-9.204099655151367,2,IN_TRANSIT_TO,2025-12-06 11:22:46,2907,2427,29-AX-14,POINT (-9.204099655151367 38.74562072753906)
4808_728,4577_20251202_204_0_6,204_0,0,38.706298828125,-9.144980430603027,19,IN_TRANSIT_TO,2025-12-06 11:22:54,3803,4808,20-VQ-73,POINT (-9.144980430603027 38.706298828125)
572_12E,11039_20251202_77_0_5,77_0,1,38.70936965942383,-9.138429641723633,6,IN_TRANSIT_TO,2025-12-06 11:22:56,50149,572,,POINT (-9.138429641723633 38.70936965942383)
2778_714,3635_20251202_102_0_5,102_0,0,38.6974983215332,-9.195980072021484,18,IN_TRANSIT_TO,2025-12-06 11:23:07,4114,2778,AI-03-BT,POINT (-9.195980072021484 38.6974983215332)
2641_793,7976_20251202_145_0_10,145_0,0,38.73992919921875,-9.12399959564209,23,IN_TRANSIT_TO,2025-12-06 11:22:40,3609,2641,75-VS-49,POINT (-9.12399959564209 38.73992919921875)
268_61B,35061_20251202_241_0_12,241_0,0,38.73686981201172,-9.166199684143066,12,IN_TRANSIT_TO,2025-12-06 11:22:58,2711,268,AH-56-CZ,POINT (-9.166199684143066 38.73686981201172)
270_28E,48781_20251202_75_8_13,75_8,1,38.71437072753906,-9.169329643249512,15,IN_TRANSIT_TO,2025-12-06 11:21:47,8017,270,AH-54-CZ,POINT (-9.169329643249512 38.71437072753906)
2974_45B,45295_20251202_277_0_8,277_0,1,38.7670783996582,-9.157919883728027,21,IN_TRANSIT_TO,2025-12-06 11:22:58,5901,2974,30-VM-22,POINT (-9.157919883728027 38.7670783996582)
4817_751,6451_20251202_109_0_11,109_0,0,38.6974983215332,-9.20419979095459,15,IN_TRANSIT_TO,2025-12-06 11:22:53,4112,4817,00-VV-37,POINT (-9.20419979095459 38.6974983215332)
6006_706,19506_20251202_147_0_5,147_0,0,38.73054885864258,-9.127169609069824,24,IN_TRANSIT_TO,2025-12-06 11:22:53,7014,6006,82-ZC-09,POINT (-9.127169609069824 38.73054885864258)
2655_759,6963_20251202_144_0_5,144_0,0,38.73366928100586,-9.111669540405273,16,IN_TRANSIT_TO,2025-12-06 11:23:03,17567,2655,05-VZ-67,POINT (-9.111669540405273 38.73366928100586)
2650_722,41522_20251202_196_0_7,196_0,0,38.72867965698242,-9.147820472717285,4,IN_TRANSIT_TO,2025-12-06 11:22:45,1701,2650,75-VS-50,POINT (-9.147820472717285 38.72867965698242)
2782_748,6138_20251202_169_0_11,169_0,1,38.7246208190918,-9.149430274963379,10,IN_TRANSIT_TO,2025-12-06 11:22:48,1212,2782,AI-99-BS,POINT (-9.149430274963379 38.7246208190918)
276_28E,48783_20250901_75_8_35,75_8,1,38.71432876586914,-9.169320106506348,15,IN_TRANSIT_TO,2025-11-16 23:22:53,8017,276,AH-12-TB,POINT (-9.169320106506348 38.71432876586914)
2742_735,5183_20251202_172_0_8,172_0,1,38.7087287902832,-9.134830474853516,32,IN_TRANSIT_TO,2025-12-06 11:22:44,4502,2742,AG-94-TG,POINT (-9.134830474853516 38.7087287902832)
2715_713,3588_20251202_122_0_7,122_0,0,38.73387908935547,-9.153679847717285,3,IN_TRANSIT_TO,2025-12-06 11:22:35,11118,2715,92-XQ-22,POINT (-9.153679847717285 38.73387908935547)
2608_783,7806_20251202_203_2_10,203_2,1,38.77014923095703,-9.127169609069824,11,IN_TRANSIT_TO,2025-12-06 11:22:57,7604,2608,66-VI-39,POINT (-9.127169609069824 38.77014923095703)
2966_55B,35094_20251202_240_0_10,240_0,0,38.75844955444336,-9.185379981994629,18,IN_TRANSIT_TO,2025-12-06 11:22:54,12824,2966,30-VM-20,POINT (-9.185379981994629 38.75844955444336)
2719_709,3395_20251202_148_0_12,148_0,0,38.714698791503906,-9.169249534606934,12,IN_TRANSIT_TO,2025-12-06 11:23:08,8018,2719,92-XQ-17,POINT (-9.169249534606934 38.714698791503906)
2972_702,3031_20251202_146_0_17,146_0,0,38.726478576660156,-9.165029525756836,5,IN_TRANSIT_TO,2025-12-06 11:22:44,6107,2972,29-VM-96,POINT (-9.165029525756836 38.726478576660156)
2625_744,5807_20251202_200_0_8,200_0,1,38.76782989501953,-9.106069564819336,7,IN_TRANSIT_TO,2025-12-06 11:22:41,7712,2625,72-VP-79,POINT (-9.106069564819336 38.76782989501953)
2419_778,18906_20251202_179_0_10,179_0,1,38.76184844970703,-9.16277027130127,22,IN_TRANSIT_TO,2025-12-06 11:22:50,50014,2419,92-AO-55,POINT (-9.16277027130127 38.76184844970703)
2327_712,3565_20250901_189_0_8,189_0,1,38.72502899169922,-9.15291976928711,14,IN_TRANSIT_TO,2025-11-11 11:30:40,1224,2327,67-53-ZJ,POINT (-9.15291976928711 38.72502899169922)
2489_726,4311_20251202_116_0_7,116_0,0,38.741451263427734,-9.145730018615723,10,IN_TRANSIT_TO,2025-12-06 11:22:47,11118,2489,55-BH-05,POINT (-9.145730018615723 38.741451263427734)
253_13B,35066_20251202_243_0_9,243_0,0,38.711448669433594,-9.125670433044434,14,IN_TRANSIT_TO,2025-12-06 11:23:07,2110,253,AF-88-NU,POINT (-9.125670433044434 38.711448669433594)
2402_716,3716_20251202_164_0_9,164_0,0,38.74898147583008,-9.191180229187012,20,IN_TRANSIT_TO,2025-12-06 11:22:46,10814,2402,50-AL-13,POINT (-9.191180229187012 38.74898147583008)
2341_731,4975_20251202_190_0_6,190_0,1,38.74274826049805,-9.16553020477295,32,IN_TRANSIT_TO,2025-12-06 11:22:40,1608,2341,67-50-ZJ,POINT (-9.16553020477295 38.74274826049805)
2780_727,4493_20251202_103_0_6,103_0,1,38.706581115722656,-9.157950401306152,25,IN_TRANSIT_TO,2025-12-06 11:22:50,3911,2780,AI-06-BT,POINT (-9.157950401306152 38.706581115722656)
2785_746,5962_20251202_108_0_11,108_0,0,38.75022888183594,-9.21310043334961,23,IN_TRANSIT_TO,2025-12-06 11:22:45,50234,2785,AI-05-BT,POINT (-9.21310043334961 38.75022888183594)
2246_724,4207_20251202_178_0_11,178_0,0,38.74528121948242,-9.198030471801758,17,IN_TRANSIT_TO,2025-12-06 11:22:47,2801,2246,22-38-ZB,POINT (-9.198030471801758 38.74528121948242)
1708_717,3847_20251202_170_0_7,170_0,0,38.78097915649414,-9.140979766845703,30,IN_TRANSIT_TO,2025-12-06 11:23:03,6016,1708,69-AL-71,POINT (-9.140979766845703 38.78097915649414)
2714_738,5537_20251202_117_0_7,117_0,0,38.750030517578125,-9.159680366516113,7,IN_TRANSIT_TO,2025-12-06 11:22:57,13620,2714,92-XQ-38,POINT (-9.159680366516113 38.750030517578125)
2293_724,4189_20251202_178_0_12,178_0,1,38.76342010498047,-9.198200225830078,1,IN_TRANSIT_TO,2025-12-06 11:22:40,13908,2293,92-57-ZM,POINT (-9.198200225830078 38.76342010498047)
2478_726,4270_20251202_116_0_8,116_0,1,38.74850082397461,-9.171520233154297,12,IN_TRANSIT_TO,2025-12-06 11:23:08,12712,2478,91-BE-80,POINT (-9.171520233154297 38.74850082397461)
4647_750,6376_20251202_106_0_7,106_0,1,38.76688003540039,-9.10398006439209,38,IN_TRANSIT_TO,2025-12-06 11:22:47,2315,4647,02-JN-88,POINT (-9.10398006439209 38.76688003540039)
2970_774,7473_20251202_192_1_4,192_1,1,38.727699279785156,-9.142000198364258,1,IN_TRANSIT_TO,2025-12-06 11:23:06,6907,2970,29-VM-87,POINT (-9.142000198364258 38.727699279785156)
2969_774,7458_20251202_192_1_9,192_1,1,38.70817947387695,-9.137999534606934,34,IN_TRANSIT_TO,2025-12-06 11:22:52,3824,2969,30-VM-09,POINT (-9.137999534606934 38.70817947387695)
1746_717,3828_20251202_170_0_8,170_0,1,38.79225158691406,-9.150699615478516,5,IN_TRANSIT_TO,2025-12-06 11:22:50,11603,1746,92-HR-03,POINT (-9.150699615478516 38.79225158691406)
2971_730,4960_20251202_198_0_7,198_0,0,38.72275161743164,-9.138629913330078,20,IN_TRANSIT_TO,2025-12-06 11:22:41,9201,2971,29-VM-98,POINT (-9.138629913330078 38.72275161743164)
2802_755,6686_20251202_118_0_7,118_0,0,38.747501373291016,-9.103019714355469,4,IN_TRANSIT_TO,2025-12-06 11:23:01,50477,2802,01-IH-91,POINT (-9.103019714355469 38.747501373291016)
2453_767,7252_20251202_112_0_5,112_0,0,38.7601318359375,-9.178130149841309,25,IN_TRANSIT_TO,2025-12-06 11:22:45,50141,2453,16-AZ-13,POINT (-9.178130149841309 38.7601318359375)
1753_717,3819_20251202_170_0_8,170_0,1,38.77817153930664,-9.148520469665527,16,IN_TRANSIT_TO,2025-12-06 11:23:07,6015,1753,34-HU-19,POINT (-9.148520469665527 38.77817153930664)
1750_717,3806_20251202_170_0_5,170_0,1,38.76531982421875,-9.157270431518555,24,IN_TRANSIT_TO,2025-12-06 11:22:45,5814,1750,92-HR-07,POINT (-9.157270431518555 38.76531982421875)
1755_794,8045_20251202_115_0_9,115_0,1,38.731170654296875,-9.116829872131348,30,IN_TRANSIT_TO,2025-12-06 11:22:49,17578,1755,34-HU-21,POINT (-9.116829872131348 38.731170654296875)
2820_793,7997_20251202_145_0_9,145_0,1,38.74248123168945,-9.112850189208984,16,IN_TRANSIT_TO,2025-12-06 11:22:48,3720,2820,90-II-60,POINT (-9.112850189208984 38.74248123168945)
2700_713,18726_20251202_122_0_6,122_0,1,38.712528228759766,-9.156129837036133,18,IN_TRANSIT_TO,2025-12-06 11:22:59,6708,2700,92-XQ-26,POINT (-9.156129837036133 38.712528228759766)
2410_726,4267_20251202_116_0_8,116_0,1,38.73693084716797,-9.149530410766602,23,IN_TRANSIT_TO,2025-12-06 11:22:59,1408,2410,92-AO-46,POINT (-9.149530410766602 38.73693084716797)
2280_768,7322_20251202_111_2_8,111_2,1,38.76350021362305,-9.19871997833252,17,IN_TRANSIT_TO,2025-12-06 11:22:41,13909,2280,67-40-ZJ,POINT (-9.19871997833252 38.76350021362305)
2777_712,3526_20251202_189_2_13,189_2,1,38.72475051879883,-9.150400161743164,2,IN_TRANSIT_TO,2025-12-06 11:22:56,1212,2777,AI-01-BT,POINT (-9.150400161743164 38.72475051879883)
2278_768,7338_20251202_111_2_8,111_2,0,38.7547492980957,-9.179530143737793,13,IN_TRANSIT_TO,2025-12-06 11:22:44,13612,2278,67-41-ZJ,POINT (-9.179530143737793 38.7547492980957)
2623_783,7826_20251202_203_2_9,203_2,0,38.746681213378906,-9.14780044555664,8,IN_TRANSIT_TO,2025-12-06 11:22:53,2021,2623,66-VI-26,POINT (-9.14780044555664 38.746681213378906)
2450_703,20079_20251202_165_0_6,165_0,1,38.77981948852539,-9.148420333862305,33,IN_TRANSIT_TO,2025-12-06 11:23:06,6018,2450,44-BC-36,POINT (-9.148420333862305 38.77981948852539)
2483_729,4760_20251202_104_0_8,104_0,0,38.77225112915039,-9.190569877624512,2,IN_TRANSIT_TO,2025-12-06 11:22:59,14105,2483,74-BC-66,POINT (-9.190569877624512 38.77225112915039)
2499_720,4040_20251202_143_0_6,143_0,0,38.703651428222656,-9.168669700622559,24,IN_TRANSIT_TO,2025-12-06 11:23:05,10204,2499,03-BM-58,POINT (-9.168669700622559 38.703651428222656)
2300_742,5744_20251202_114_0_6,114_0,0,38.710018157958984,-9.171819686889648,36,IN_TRANSIT_TO,2025-12-06 11:23:00,50067,2300,83-13-ZM,POINT (-9.171819686889648 38.710018157958984)
2797_738,5526_20251202_117_0_7,117_0,0,38.71189880371094,-9.163700103759766,27,IN_TRANSIT_TO,2025-12-06 11:22:56,8102,2797,AJ-57-LI,POINT (-9.163700103759766 38.71189880371094)
2759_756,6724_20251202_175_0_11,175_0,1,38.74142074584961,-9.12909984588623,20,IN_TRANSIT_TO,2025-12-06 11:23:04,9008,2759,AH-21-ND,POINT (-9.12909984588623 38.74142074584961)
1705_701,2972_20251202_123_0_9,123_0,0,38.755950927734375,-9.172380447387695,13,IN_TRANSIT_TO,2025-12-06 11:23:00,50177,1705,69-AL-68,POINT (-9.172380447387695 38.755950927734375)
2745_742,5760_20251202_114_0_3,114_0,0,38.73400115966797,-9.135629653930664,18,IN_TRANSIT_TO,2025-12-06 11:22:21,518,2745,AG-06-TH,POINT (-9.135629653930664 38.73400115966797)
1770_742,5755_20251202_114_0_7,114_0,0,38.721580505371094,-9.167149543762207,32,IN_TRANSIT_TO,2025-12-06 11:22:56,8010,1770,63-HX-17,POINT (-9.167149543762207 38.721580505371094)
2801_793,7986_20251202_145_0_12,145_0,0,38.737579345703125,-9.112950325012207,7,IN_TRANSIT_TO,2025-12-06 11:22:57,17579,2801,38-HU-27,POINT (-9.112950325012207 38.737579345703125)
2666_727,4468_20251202_103_0_6,103_0,0,38.746028900146484,-9.133270263671875,0,IN_TRANSIT_TO,2025-12-06 11:22:46,,2666,87-XB-39,POINT (-9.133270263671875 38.746028900146484)
1759_717,3858_20251202_170_0_5,170_0,0,38.77199935913086,-9.16077995300293,19,IN_TRANSIT_TO,2025-12-06 11:22:25,5903,1759,34-HU-25,POINT (-9.16077995300293 38.77199935913086)
1754_717,3762_20251202_170_0_6,170_0,0,38.7559700012207,-9.148200035095215,13,IN_TRANSIT_TO,2025-12-06 11:22:45,11301,1754,34-HU-20,POINT (-9.148200035095215 38.7559700012207)
2470_716,3739_20251202_164_0_8,164_0,1,38.75062942504883,-9.201519966125488,3,IN_TRANSIT_TO,2025-12-06 11:22:44,10903,2470,74-BC-71,POINT (-9.201519966125488 38.75062942504883)
2239_758,6838_20251202_150_0_4,150_0,1,38.74095153808594,-9.168180465698242,14,IN_TRANSIT_TO,2025-12-06 11:22:54,1610,2239,06-30-XX,POINT (-9.168180465698242 38.74095153808594)
2771_714,3676_20251202_102_0_8,102_0,1,38.69765090942383,-9.204620361328125,20,IN_TRANSIT_TO,2025-12-06 11:22:42,9607,2771,AH-20-ND,POINT (-9.204620361328125 38.69765090942383)
2774_723,4163_20251202_121_0_8,121_0,1,38.71635055541992,-9.214699745178223,11,IN_TRANSIT_TO,2025-12-06 11:22:46,10402,2774,AH-22-ND,POINT (-9.214699745178223 38.71635055541992)
2747_735,5259_20251202_172_0_4,172_0,1,38.70867156982422,-9.135549545288086,32,IN_TRANSIT_TO,2025-12-06 11:22:55,4502,2747,AG-09-TH,POINT (-9.135549545288086 38.70867156982422)
2772_714,3657_20251202_102_0_5,102_0,1,38.70566940307617,-9.160050392150879,33,IN_TRANSIT_TO,2025-12-06 11:22:52,3907,2772,AH-24-ND,POINT (-9.160050392150879 38.70566940307617)
2467_767,7221_20251202_112_0_6,112_0,1,38.75284957885742,-9.206250190734863,7,IN_TRANSIT_TO,2025-12-06 11:23:04,50171,2467,16-AZ-14,POINT (-9.206250190734863 38.75284957885742)
1760_735,5243_20251202_172_0_7,172_0,0,38.737281799316406,-9.133749961853027,20,IN_TRANSIT_TO,2025-12-06 11:23:00,414,1760,34-HU-26,POINT (-9.133749961853027 38.737281799316406)
2473_729,18901_20251202_104_0_5,104_0,0,38.750450134277344,-9.196920394897461,12,IN_TRANSIT_TO,2025-12-06 11:22:54,10802,2473,74-BC-68,POINT (-9.196920394897461 38.750450134277344)
1758_796,8136_20251202_174_0_12,174_0,1,38.78276824951172,-9.162529945373535,8,IN_TRANSIT_TO,2025-12-06 11:22:23,7216,1758,34-HU-24,POINT (-9.162529945373535 38.78276824951172)
406_51E,1157_20251202_158_0_9,158_0,0,38.712100982666016,-9.141019821166992,4,IN_TRANSIT_TO,2025-12-06 11:22:56,50687,406,BF-93-TB,POINT (-9.141019821166992 38.712100982666016)
2497_720,19453_20251202_143_0_5,143_0,1,38.7097282409668,-9.166199684143066,8,IN_TRANSIT_TO,2025-12-06 11:22:40,10205,2497,88-BL-71,POINT (-9.166199684143066 38.7097282409668)
2461_747,6095_20251202_177_0_11,177_0,1,38.766571044921875,-9.178720474243164,11,IN_TRANSIT_TO,2025-12-06 11:23:05,12830,2461,55-BH-04,POINT (-9.178720474243164 38.766571044921875)
2422_716,3731_20251202_164_0_8,164_0,1,38.7376708984375,-9.156700134277344,17,IN_TRANSIT_TO,2025-12-06 11:22:55,1508,2422,29-AU-17,POINT (-9.156700134277344 38.7376708984375)
2449_703,3136_20251202_165_0_9,165_0,0,38.78028106689453,-9.159819602966309,13,IN_TRANSIT_TO,2025-12-06 11:22:56,5931,2449,44-BC-35,POINT (-9.159819602966309 38.78028106689453)
2967_770,7365_20251202_191_0_8,191_0,0,38.74222946166992,-9.166879653930664,17,IN_TRANSIT_TO,2025-12-06 11:23:09,1621,2967,30-VM-05,POINT (-9.166879653930664 38.74222946166992)
2437_767,7187_20251202_112_0_6,112_0,1,38.72303009033203,-9.13992977142334,42,IN_TRANSIT_TO,2025-12-06 11:23:05,6901,2437,29-AX-09,POINT (-9.13992977142334 38.72303009033203)
2423_767,7266_20251202_112_0_7,112_0,0,38.74966812133789,-9.141929626464844,12,IN_TRANSIT_TO,2025-12-06 11:22:59,201,2423,29-AU-18,POINT (-9.141929626464844 38.74966812133789)
2420_726,4292_20251202_116_0_7,116_0,0,38.74435043334961,-9.168230056762695,18,IN_TRANSIT_TO,2025-12-06 11:22:51,1621,2420,29-AU-15,POINT (-9.168230056762695 38.74435043334961)
218_37B,35067_20251202_224_0_10,224_0,0,38.72377014160156,-9.121720314025879,6,IN_TRANSIT_TO,2025-12-06 11:22:49,9821,218,11-13-XO,POINT (-9.121720314025879 38.72377014160156)
2833_753,6545_20251202_167_0_6,167_0,1,38.66767883300781,-9.163820266723633,1,IN_TRANSIT_TO,2025-12-06 11:21:23,19001,2833,BF-65-FZ,POINT (-9.163820266723633 38.66767883300781)
4622_736,5303_20251202_199_0_9,199_0,0,38.786399841308594,-9.17156982421875,27,IN_TRANSIT_TO,2025-12-06 11:22:05,7211,4622,90-JI-91,POINT (-9.17156982421875 38.786399841308594)
1766_794,8065_20251202_115_0_9,115_0,0,38.76858139038086,-9.10142993927002,37,IN_TRANSIT_TO,2025-12-06 11:22:51,2315,1766,63-HX-33,POINT (-9.10142993927002 38.76858139038086)
2465_767,7229_20251202_112_0_5,112_0,0,38.75453186035156,-9.198019981384277,35,IN_TRANSIT_TO,2025-12-06 11:22:50,10910,2465,55-BH-00,POINT (-9.198019981384277 38.75453186035156)
2305_742,5662_20251202_114_0_7,114_0,0,38.73059844970703,-9.125249862670898,14,IN_TRANSIT_TO,2025-12-06 11:22:45,7013,2305,83-18-ZM,POINT (-9.125249862670898 38.73059844970703)
1765_720,4081_20251202_143_0_10,143_0,1,38.73752975463867,-9.1245698928833,29,IN_TRANSIT_TO,2025-12-06 11:22:44,9006,1765,63-HX-28,POINT (-9.1245698928833 38.73752975463867)
2498_720,4062_20251202_143_0_10,143_0,0,38.7421989440918,-9.1318998336792,6,IN_TRANSIT_TO,2025-12-06 11:22:53,301,2498,03-BM-57,POINT (-9.1318998336792 38.7421989440918)
1763_794,8075_20251202_115_0_7,115_0,0,38.75904846191406,-9.123149871826172,23,IN_TRANSIT_TO,2025-12-06 11:22:41,14706,1763,63-HX-25,POINT (-9.123149871826172 38.75904846191406)
220_773,7394_20251202_124_0_14,124_0,1,38.71213150024414,-9.156749725341797,17,IN_TRANSIT_TO,2025-12-06 11:22:44,10004,220,11-07-XO,POINT (-9.156749725341797 38.71213150024414)
6011_706,3203_20251202_147_0_7,147_0,0,38.720298767089844,-9.153779983520508,12,IN_TRANSIT_TO,2025-12-06 11:22:41,6811,6011,65-ZF-82,POINT (-9.153779983520508 38.720298767089844)
2484_703,3125_20251202_165_0_7,165_0,0,38.74951934814453,-9.197500228881836,36,IN_TRANSIT_TO,2025-12-06 11:22:52,10908,2484,91-BE-76,POINT (-9.197500228881836 38.74951934814453)
225_773,7374_20251202_124_0_15,124_0,0,38.71030044555664,-9.16154956817627,12,IN_TRANSIT_TO,2025-12-06 11:23:05,10001,225,84-37-XQ,POINT (-9.16154956817627 38.71030044555664)
605_15E,11281_20251202_76_0_8,76_0,1,38.70650100708008,-9.151470184326172,18,IN_TRANSIT_TO,2025-12-06 11:22:43,3901,605,,POINT (-9.151470184326172 38.70650100708008)
1707_717,3775_20251202_170_0_8,170_0,0,38.741600036621094,-9.13341999053955,3,IN_TRANSIT_TO,2025-12-06 11:22:42,411,1707,69-AL-70,POINT (-9.13341999053955 38.741600036621094)
2791_727,4510_20251202_103_0_2,103_0,1,38.70886993408203,-9.203069686889648,7,IN_TRANSIT_TO,2025-12-06 11:22:58,12915,2791,AJ-61-LI,POINT (-9.203069686889648 38.70886993408203)
2426_729,4782_20251202_104_0_7,104_0,1,38.73952865600586,-9.201669692993164,22,IN_TRANSIT_TO,2025-12-06 11:22:48,8837,2426,29-AU-21,POINT (-9.201669692993164 38.73952865600586)
221_773,7404_20251202_124_0_7,124_0,0,38.707550048828125,-9.171520233154297,22,IN_TRANSIT_TO,2025-12-06 11:22:56,50080,221,11-06-XO,POINT (-9.171520233154297 38.707550048828125)
2837_753,6533_20251202_167_0_9,167_0,0,38.71873092651367,-9.176569938659668,7,IN_TRANSIT_TO,2025-12-06 11:23:04,8607,2837,BF-66-FZ,POINT (-9.176569938659668 38.71873092651367)
2776_776,7477_20251202_193_2_25,193_2,1,38.69990158081055,-9.22737979888916,9,IN_TRANSIT_TO,2025-12-06 11:22:12,4202,2776,AI-07-BT,POINT (-9.22737979888916 38.69990158081055)
2474_767,7199_20251202_112_0_6,112_0,1,38.763648986816406,-9.157819747924805,27,IN_TRANSIT_TO,2025-12-06 11:23:07,5824,2474,74-BC-67,POINT (-9.157819747924805 38.763648986816406)
606_15E,11229_20251202_76_0_9,76_0,0,38.70478057861328,-9.177450180053711,10,IN_TRANSIT_TO,2025-12-06 11:23:03,12116,606,,POINT (-9.177450180053711 38.70478057861328)
2748_701,2952_20251202_123_0_13,123_0,1,38.73693084716797,-9.167519569396973,10,IN_TRANSIT_TO,2025-12-06 11:22:50,2711,2748,AG-96-TG,POINT (-9.167519569396973 38.73693084716797)
2481_729,4807_20251202_104_0_8,104_0,0,38.71377182006836,-9.19752025604248,25,IN_TRANSIT_TO,2025-12-06 11:22:51,12928,2481,54-BH-99,POINT (-9.19752025604248 38.71377182006836)
204_41B,19376_20251202_232_0_12,232_0,0,38.77621841430664,-9.162670135498047,18,IN_TRANSIT_TO,2025-12-06 11:22:39,5950,204,89-71-XD,POINT (-9.162670135498047 38.77621841430664)
2406_758,6794_20251202_150_0_9,150_0,0,38.72911834716797,-9.169130325317383,1,IN_TRANSIT_TO,2025-12-06 11:22:48,3807,2406,50-AL-09,POINT (-9.169130325317383 38.72911834716797)
2753_701,2955_20251202_123_0_12,123_0,0,38.71857833862305,-9.169569969177246,30,IN_TRANSIT_TO,2025-12-06 11:23:02,8015,2753,AG-08-TH,POINT (-9.169569969177246 38.71857833862305)
2289_724,19279_20251202_178_0_6,178_0,1,38.754669189453125,-9.196279525756836,7,IN_TRANSIT_TO,2025-12-06 11:22:45,10909,2289,92-60-ZM,POINT (-9.196279525756836 38.754669189453125)
2405_729,4763_20251202_104_0_7,104_0,1,38.76087951660156,-9.19616985321045,36,IN_TRANSIT_TO,2025-12-06 11:22:55,12812,2405,50-AL-10,POINT (-9.19616985321045 38.76087951660156)
2831_728,4673_20251202_204_0_5,204_0,0,38.782718658447266,-9.114119529724121,52,IN_TRANSIT_TO,2025-12-06 11:23:07,12610,2831,BF-72-FZ,POINT (-9.114119529724121 38.782718658447266)
2434_767,7207_20251202_112_0_4,112_0,1,38.7529182434082,-9.187970161437988,17,IN_TRANSIT_TO,2025-12-06 11:22:55,10813,2434,29-AU-24,POINT (-9.187970161437988 38.7529182434082)
2291_724,4210_20251202_178_0_12,178_0,1,38.70917892456055,-9.179579734802246,26,IN_TRANSIT_TO,2025-12-06 11:23:05,11802,2291,92-56-ZM,POINT (-9.179579734802246 38.70917892456055)
4610_750,6350_20251202_106_0_8,106_0,0,38.75804901123047,-9.153450012207031,15,IN_TRANSIT_TO,2025-12-06 11:22:42,5805,4610,96-GL-87,POINT (-9.153450012207031 38.75804901123047)
2610_755,6635_20251202_118_0_9,118_0,1,38.75585174560547,-9.148969650268555,8,IN_TRANSIT_TO,2025-12-06 11:23:02,5712,2610,66-VI-20,POINT (-9.148969650268555 38.75585174560547)
2773_712,3536_20251202_189_2_13,189_2,0,38.721649169921875,-9.130430221557617,9,IN_TRANSIT_TO,2025-12-06 11:23:04,9125,2773,AH-39-ND,POINT (-9.130430221557617 38.721649169921875)
2751_742,5705_20251202_114_0_6,114_0,1,38.71282958984375,-9.173669815063477,24,IN_TRANSIT_TO,2025-12-06 11:23:03,9406,2751,AG-12-TH,POINT (-9.173669815063477 38.71282958984375)
1709_717,3797_20251202_170_0_8,170_0,1,38.74872970581055,-9.132920265197754,33,IN_TRANSIT_TO,2025-12-06 11:22:36,11204,1709,69-AL-72,POINT (-9.132920265197754 38.74872970581055)
4834_736,5390_20251202_199_0_8,199_0,1,38.73286819458008,-9.145429611206055,23,IN_TRANSIT_TO,2025-12-06 11:22:49,1812,4834,20-VQ-71,POINT (-9.145429611206055 38.73286819458008)
2296_768,7344_20251202_111_2_6,111_2,1,38.74129867553711,-9.168620109558105,31,IN_TRANSIT_TO,2025-12-06 11:23:03,1615,2296,92-51-ZM,POINT (-9.168620109558105 38.74129867553711)
2770_738,5510_20251202_117_0_7,117_0,1,38.75223159790039,-9.159520149230957,28,IN_TRANSIT_TO,2025-12-06 11:23:02,5701,2770,AH-30-ND,POINT (-9.159520149230957 38.75223159790039)
203_17B,35080_20251202_247_0_8,247_0,0,38.71982955932617,-9.135849952697754,13,IN_TRANSIT_TO,2025-12-06 11:22:55,813,203,89-59-XD,POINT (-9.135849952697754 38.71982955932617)
564_18E,12183_20251202_78_0_6,78_0,1,38.70655059814453,-9.150219917297363,0,IN_TRANSIT_TO,2025-12-06 11:22:50,,564,,POINT (-9.150219917297363 38.70655059814453)
2210_735,5207_20251202_172_0_8,172_0,1,38.73109817504883,-9.127949714660645,17,IN_TRANSIT_TO,2025-12-06 11:22:47,7004,2210,01-66-XO,POINT (-9.127949714660645 38.73109817504883)
2781_727,4471_20251202_103_0_5,103_0,1,38.73698043823242,-9.145669937133789,40,IN_TRANSIT_TO,2025-12-06 11:22:43,1801,2781,AI-00-BT,POINT (-9.145669937133789 38.73698043823242)
2205_735,5192_20251202_172_0_6,172_0,1,38.721649169921875,-9.129500389099121,19,IN_TRANSIT_TO,2025-12-06 11:22:43,9108,2205,01-71-XO,POINT (-9.129500389099121 38.721649169921875)
2218_735,5253_20251202_172_0_7,172_0,0,38.7269287109375,-9.12831974029541,14,IN_TRANSIT_TO,2025-12-06 11:22:46,9107,2218,07-98-XS,POINT (-9.12831974029541 38.7269287109375)
2712_727,4490_20251202_103_0_6,103_0,1,38.735721588134766,-9.145350456237793,40,IN_TRANSIT_TO,2025-12-06 11:23:07,1801,2712,92-XQ-33,POINT (-9.145350456237793 38.735721588134766)
6028_706,3242_20251202_147_0_7,147_0,1,38.70970153808594,-9.153280258178711,28,IN_TRANSIT_TO,2025-12-06 11:20:54,6702,6028,BF-68-AX,POINT (-9.153280258178711 38.70970153808594)
561_28E,14921_20251202_75_0_11,75_0,1,38.72391891479492,-9.133130073547363,20,IN_TRANSIT_TO,2025-12-06 11:22:55,708,561,,POINT (-9.133130073547363 38.72391891479492)
2226_742,5683_20251202_114_0_6,114_0,1,38.729068756103516,-9.122550010681152,45,IN_TRANSIT_TO,2025-12-06 11:22:50,7012,2226,06-35-XX,POINT (-9.122550010681152 38.729068756103516)
2836_753,6544_20251202_167_0_8,167_0,1,38.72853088378906,-9.14465045928955,8,IN_TRANSIT_TO,2025-12-06 11:22:52,6601,2836,BF-70-FZ,POINT (-9.14465045928955 38.72853088378906)
413_10B,35052_20251202_242_0_9,242_0,0,38.71295166015625,-9.125900268554688,13,IN_TRANSIT_TO,2025-12-06 11:22:50,50518,413,BF-41-TS,POINT (-9.125900268554688 38.71295166015625)
565_28E,14987_20251202_75_0_12,75_0,0,38.71002960205078,-9.134129524230957,15,IN_TRANSIT_TO,2025-12-06 11:22:50,13804,565,,POINT (-9.134129524230957 38.71002960205078)
2233_731,57524_20251202_190_0_5,190_0,0,38.745330810546875,-9.155150413513184,8,IN_TRANSIT_TO,2025-12-06 11:22:39,50543,2233,06-38-XX,POINT (-9.155150413513184 38.745330810546875)
2238_758,6771_20251202_150_0_8,150_0,1,38.752201080322266,-9.205470085144043,3,IN_TRANSIT_TO,2025-12-06 11:22:36,10901,2238,06-29-XX,POINT (-9.205470085144043 38.752201080322266)
2234_731,4990_20251202_190_0_8,190_0,1,38.761749267578125,-9.120619773864746,19,IN_TRANSIT_TO,2025-12-06 11:20:10,8402,2234,06-26-XX,POINT (-9.120619773864746 38.761749267578125)
414_67B,35057_20251202_253_0_7,253_0,0,38.709999084472656,-9.17140007019043,6,IN_TRANSIT_TO,2025-12-06 11:22:37,50531,414,BF-95-TP,POINT (-9.17140007019043 38.709999084472656)
2832_728,4693_20251202_204_0_6,204_0,0,38.76165008544922,-9.096030235290527,40,IN_TRANSIT_TO,2025-12-06 11:22:42,2404,2832,BF-68-FZ,POINT (-9.096030235290527 38.76165008544922)
