id,trip_id,route_id,direction_id,latitude,longitude,current_stop_sequence,current_status,timestamp,stop_id,vehicle_id,license_plate,geometry
4645_750,6277_20250801_106_0_5,106_0,1,38.758480072021484,-9.157979965209961,24,IN_TRANSIT_TO,2025-08-23 08:32:19,5801,4645,98-JO-46,POINT (-9.157979965209961 38.758480072021484)
6022_706,18894_20250801_147_0_5,147_0,1,38.710330963134766,-9.153499603271484,28,IN_TRANSIT_TO,2025-08-23 08:32:28,6702,6022,BF-48-BB,POINT (-9.153499603271484 38.710330963134766)
2448_703,20081_20250801_165_0_4,165_0,1,38.75038146972656,-9.191100120544434,8,IN_TRANSIT_TO,2025-08-23 08:32:20,10807,2448,44-BC-34,POINT (-9.191100120544434 38.75038146972656)
558_28E,14964_20250801_75_0_7,75_0,1,38.70991897583008,-9.15172004699707,10,IN_TRANSIT_TO,2025-08-23 08:32:08,7111,558,,POINT (-9.15172004699707 38.70991897583008)
603_15E,11296_20250801_76_0_8,76_0,1,38.6973991394043,-9.198820114135742,7,IN_TRANSIT_TO,2025-08-23 08:31:55,9609,603,,POINT (-9.198820114135742 38.6973991394043)
2766_738,18592_20250801_117_0_5,117_0,1,38.715301513671875,-9.160670280456543,11,IN_TRANSIT_TO,2025-08-23 08:31:51,8101,2766,AH-40-ND,POINT (-9.160670280456543 38.715301513671875)
2250_731,19403_20240727_190_0_8,190_0,1,38.78303146362305,-9.114009857177734,3,IN_TRANSIT_TO,2024-08-10 10:41:27,12610,2250,80-41-ZE,POINT (-9.114009857177734 38.78303146362305)
2795_712,3539_20250801_189_2_10,189_2,1,38.727569580078125,-9.140800476074219,6,IN_TRANSIT_TO,2025-08-23 08:32:32,6906,2795,AJ-55-LI,POINT (-9.140800476074219 38.727569580078125)
2494_735,5247_20250801_172_0_5,172_0,0,38.740421295166016,-9.133469581604004,21,IN_TRANSIT_TO,2025-08-23 08:32:33,411,2494,88-BL-68,POINT (-9.133469581604004 38.740421295166016)
6033_732,36641_20250801_107_2_2,107_2,1,38.70886993408203,-9.208769798278809,7,IN_TRANSIT_TO,2025-08-23 08:32:24,13101,6033,BF-92-AZ,POINT (-9.208769798278809 38.70886993408203)
4620_750,6338_20250801_106_0_5,106_0,0,38.72454833984375,-9.209230422973633,33,IN_TRANSIT_TO,2025-08-23 08:32:18,18111,4620,22-GP-54,POINT (-9.209230422973633 38.72454833984375)
2624_755,6644_20250801_118_0_6,118_0,0,38.74507141113281,-9.168530464172363,41,IN_TRANSIT_TO,2025-08-23 08:32:45,12702,2624,72-VP-82,POINT (-9.168530464172363 38.74507141113281)
4642_750,6254_20250801_106_0_5,106_0,1,38.76102828979492,-9.103500366210938,36,IN_TRANSIT_TO,2025-08-23 08:32:22,2311,4642,90-JI-99,POINT (-9.103500366210938 38.76102828979492)
4616_750,6387_20250801_106_0_2,106_0,1,38.76264953613281,-9.103630065917969,36,IN_TRANSIT_TO,2025-08-23 08:31:14,2311,4616,22-GP-50,POINT (-9.103630065917969 38.76264953613281)
4641_750,6343_20250801_106_0_6,106_0,0,38.75006866455078,-9.19556999206543,23,IN_TRANSIT_TO,2025-08-23 08:32:34,10802,4641,90-JI-98,POINT (-9.19556999206543 38.75006866455078)
2949_29B,17529_20250801_209_0_5,209_0,0,38.78034973144531,-9.1183500289917,19,IN_TRANSIT_TO,2025-08-23 08:32:27,12603,2949,62-GQ-52,POINT (-9.1183500289917 38.78034973144531)
4646_750,6316_20250801_106_0_6,106_0,1,38.7004508972168,-9.227350234985352,1,IN_TRANSIT_TO,2025-08-23 08:32:41,4201,4646,11-JM-79,POINT (-9.227350234985352 38.7004508972168)
2973_737,5484_20250801_173_0_6,173_0,0,38.71012878417969,-9.1358003616333,1,IN_TRANSIT_TO,2025-08-23 08:32:25,912,2973,30-VM-13,POINT (-9.1358003616333 38.71012878417969)
2688_764,19181_20250801_168_2_11,168_2,0,38.744930267333984,-9.198320388793945,5,IN_TRANSIT_TO,2025-08-23 08:32:25,10818,2688,93-XA-35,POINT (-9.198320388793945 38.744930267333984)
2691_754,6586_20250801_201_2_6,201_2,1,38.742549896240234,-9.167400360107422,29,IN_TRANSIT_TO,2025-08-23 08:32:40,1603,2691,90-XF-45,POINT (-9.167400360107422 38.742549896240234)
6048_732,5046_20250801_107_2_5,107_2,0,38.699798583984375,-9.191579818725586,19,IN_TRANSIT_TO,2025-08-23 08:32:36,9512,6048,BH-46-IR,POINT (-9.191579818725586 38.699798583984375)
2705_711,3477_20250801_101_0_6,101_0,1,38.720428466796875,-9.146180152893066,29,IN_TRANSIT_TO,2025-08-23 08:32:27,50197,2705,92-XQ-29,POINT (-9.146180152893066 38.720428466796875)
4619_750,6380_20250801_106_0_6,106_0,0,38.75667190551758,-9.105879783630371,5,IN_TRANSIT_TO,2025-08-23 08:32:40,2304,4619,22-GP-53,POINT (-9.105879783630371 38.75667190551758)
2948_26B,17515_20250801_208_2_6,208_2,1,38.79581832885742,-9.096830368041992,18,IN_TRANSIT_TO,2025-08-23 08:32:25,50302,2948,51-GL-85,POINT (-9.096830368041992 38.79581832885742)
2959_40B,17563_20250801_212_0_6,212_0,1,38.7777214050293,-9.14762020111084,14,IN_TRANSIT_TO,2025-08-23 08:31:16,6015,2959,27-GU-74,POINT (-9.14762020111084 38.7777214050293)
2958_40B,19271_20250801_212_0_5,212_0,0,38.77939987182617,-9.141349792480469,14,IN_TRANSIT_TO,2025-08-23 08:32:35,6011,2958,27-GU-73,POINT (-9.141349792480469 38.77939987182617)
2673_738,18597_20250801_117_0_5,117_0,0,38.7200813293457,-9.154970169067383,24,IN_TRANSIT_TO,2025-08-23 08:31:46,6804,2673,87-XB-37,POINT (-9.154970169067383 38.7200813293457)
2670_738,18594_20250801_117_0_3,117_0,0,38.707069396972656,-9.167530059814453,29,IN_TRANSIT_TO,2025-08-23 08:32:26,10102,2670,87-XB-32,POINT (-9.167530059814453 38.707069396972656)
2675_746,5950_20250801_108_0_7,108_0,0,38.753318786621094,-9.208450317382812,21,IN_TRANSIT_TO,2025-08-23 08:32:42,10902,2675,87-XB-35,POINT (-9.208450317382812 38.753318786621094)
2962_79B,18666_20250801_221_0_4,221_0,0,38.70814895629883,-9.208970069885254,28,IN_TRANSIT_TO,2025-08-23 08:32:30,50384,2962,30-VM-07,POINT (-9.208970069885254 38.70814895629883)
2961_774,7463_20250801_192_1_3,192_1,0,38.72019958496094,-9.164130210876465,26,IN_TRANSIT_TO,2025-08-23 08:32:39,6823,2961,26-VD-02,POINT (-9.164130210876465 38.72019958496094)
2718_714,3685_20250801_102_0_2,102_0,1,38.7257194519043,-9.209179878234863,9,IN_TRANSIT_TO,2025-08-23 08:32:20,18111,2718,92-XQ-23,POINT (-9.209179878234863 38.7257194519043)
6049_732,5064_20250801_107_2_4,107_2,1,38.70423126220703,-9.173970222473145,23,IN_TRANSIT_TO,2025-08-23 08:32:35,4001,6049,BH-47-IR,POINT (-9.173970222473145 38.70423126220703)
2723_711,3480_20250801_101_0_6,101_0,1,38.726219177246094,-9.1943998336792,19,IN_TRANSIT_TO,2025-08-23 08:32:15,8704,2723,92-XQ-43,POINT (-9.1943998336792 38.726219177246094)
6050_760,51299_20250801_171_0_3,171_0,0,38.70391845703125,-9.161569595336914,14,IN_TRANSIT_TO,2025-08-23 08:32:43,3902,6050,BH-62-IR,POINT (-9.161569595336914 38.70391845703125)
2658_713,18725_20250801_122_0_5,122_0,1,38.72412109375,-9.16034984588623,26,IN_TRANSIT_TO,2025-08-23 08:32:21,8511,2658,05-VZ-71,POINT (-9.16034984588623 38.72412109375)
2417_703,3140_20250801_165_0_7,165_0,0,38.782798767089844,-9.147250175476074,7,IN_TRANSIT_TO,2025-08-23 08:32:29,50047,2417,50-AL-06,POINT (-9.147250175476074 38.782798767089844)
608_15E,11192_20250801_76_0_4,76_0,1,38.69921875,-9.231929779052734,0,IN_TRANSIT_TO,2025-08-23 08:32:29,,608,,POINT (-9.231929779052734 38.69921875)
2979_774,7443_20250801_192_1_7,192_1,1,38.7081184387207,-9.136930465698242,34,IN_TRANSIT_TO,2025-08-23 08:32:17,3824,2979,30-VM-17,POINT (-9.136930465698242 38.7081184387207)
610_15E,11232_20250801_76_0_7,76_0,0,38.70375061035156,-9.162369728088379,7,IN_TRANSIT_TO,2025-08-23 08:31:49,3906,610,,POINT (-9.162369728088379 38.70375061035156)
2281_758,6822_20250801_150_0_3,150_0,0,38.74966812133789,-9.203269958496094,27,IN_TRANSIT_TO,2025-08-23 08:32:44,10802,2281,67-56-ZJ,POINT (-9.203269958496094 38.74966812133789)
2628_744,18853_20250801_200_0_5,200_0,0,38.72983169555664,-9.147120475769043,4,IN_TRANSIT_TO,2025-08-23 08:32:25,1701,2628,52-VP-82,POINT (-9.147120475769043 38.72983169555664)
4832_736,5376_20250801_199_0_6,199_0,1,38.73849868774414,-9.146100044250488,22,IN_TRANSIT_TO,2025-08-23 08:32:33,1814,4832,68-VQ-51,POINT (-9.146100044250488 38.73849868774414)
6015_706,19508_20250801_147_0_3,147_0,0,38.72557830810547,-9.122570037841797,25,IN_TRANSIT_TO,2025-08-23 08:32:19,11706,6015,69-ZF-01,POINT (-9.122570037841797 38.72557830810547)
2629_708,3290_20250801_100_0_6,100_0,0,38.76142120361328,-9.129599571228027,15,IN_TRANSIT_TO,2025-08-23 08:32:30,7507,2629,52-VP-81,POINT (-9.129599571228027 38.76142120361328)
271_61B,21525_20250801_241_0_6,241_0,0,38.725948333740234,-9.16996955871582,2,IN_TRANSIT_TO,2025-08-23 08:32:07,50502,271,AH-27-IN,POINT (-9.16996955871582 38.725948333740234)
2765_764,19183_20250801_168_2_10,168_2,1,38.74290084838867,-9.211580276489258,9,IN_TRANSIT_TO,2025-08-23 08:32:40,8823,2765,AH-37-ND,POINT (-9.211580276489258 38.74290084838867)
2783_712,3524_20250801_189_2_10,189_2,0,38.71421813964844,-9.12201976776123,0,IN_TRANSIT_TO,2025-08-23 08:32:42,,2783,AI-10-BT,POINT (-9.12201976776123 38.71421813964844)
2442_767,7212_20250801_112_0_2,112_0,1,38.722530364990234,-9.140480041503906,43,IN_TRANSIT_TO,2025-08-23 08:32:20,9207,2442,29-AX-06,POINT (-9.140480041503906 38.722530364990234)
2703_748,17754_20250801_169_0_7,169_0,0,38.71567153930664,-9.22111988067627,6,IN_TRANSIT_TO,2025-08-23 08:32:18,18102,2703,92-XQ-24,POINT (-9.22111988067627 38.71567153930664)
2495_742,5712_20250801_114_0_4,114_0,1,38.72526931762695,-9.11316967010498,51,IN_TRANSIT_TO,2025-08-23 08:32:36,9807,2495,88-BL-69,POINT (-9.11316967010498 38.72526931762695)
4825_736,5316_20250801_199_0_7,199_0,0,38.76567840576172,-9.157320022583008,17,IN_TRANSIT_TO,2025-08-23 08:32:17,5811,4825,20-VQ-72,POINT (-9.157320022583008 38.76567840576172)
2614_718,21758_20250801_105_0_4,105_0,0,38.734901428222656,-9.133979797363281,28,IN_TRANSIT_TO,2025-08-23 08:32:18,509,2614,66-VI-24,POINT (-9.133979797363281 38.734901428222656)
2965_71B,45253_20250801_278_0_4,278_0,0,38.754669189453125,-9.196430206298828,27,IN_TRANSIT_TO,2025-08-23 08:32:44,10909,2965,29-VM-97,POINT (-9.196430206298828 38.754669189453125)
6023_706,19490_20250801_147_0_7,147_0,1,38.727699279785156,-9.1422700881958,18,IN_TRANSIT_TO,2025-08-23 08:32:17,6905,6023,BF-03-BD,POINT (-9.1422700881958 38.727699279785156)
4815_728,4583_20250801_204_0_4,204_0,0,38.78047180175781,-9.106149673461914,48,IN_TRANSIT_TO,2025-08-23 08:32:28,7903,4815,34-VR-24,POINT (-9.106149673461914 38.78047180175781)
2264_758,6844_20250801_150_0_2,150_0,1,38.73918151855469,-9.168230056762695,15,IN_TRANSIT_TO,2025-08-23 08:32:34,1610,2264,76-90-ZG,POINT (-9.168230056762695 38.73918151855469)
2706_709,3383_20250801_148_0_9,148_0,1,38.71754837036133,-9.157150268554688,5,IN_TRANSIT_TO,2025-08-23 08:32:31,8103,2706,92-XQ-46,POINT (-9.157150268554688 38.71754837036133)
2739_720,4093_20250801_143_0_14,143_0,1,38.72032928466797,-9.153980255126953,18,IN_TRANSIT_TO,2025-08-22 18:26:00,6601,2739,AG-31-EI,POINT (-9.153980255126953 38.72032928466797)
2602_759,6940_20250801_144_0_6,144_0,1,38.731319427490234,-9.110899925231934,32,IN_TRANSIT_TO,2025-08-23 08:32:39,17568,2602,16-VF-81,POINT (-9.110899925231934 38.731319427490234)
2653_723,4133_20250801_121_0_4,121_0,0,38.713871002197266,-9.200079917907715,16,IN_TRANSIT_TO,2025-08-23 08:32:19,10315,2653,05-VZ-52,POINT (-9.200079917907715 38.713871002197266)
2743_720,4072_20250801_143_0_8,143_0,1,38.731998443603516,-9.14093017578125,20,IN_TRANSIT_TO,2025-08-23 08:32:43,6506,2743,AG-02-TH,POINT (-9.14093017578125 38.731998443603516)
2637_722,21251_20250801_196_0_5,196_0,0,38.753028869628906,-9.130399703979492,17,IN_TRANSIT_TO,2025-08-23 08:32:18,7307,2637,87-VS-51,POINT (-9.130399703979492 38.753028869628906)
4830_736,5356_20250801_199_0_4,199_0,1,38.716800689697266,-9.142600059509277,27,IN_TRANSIT_TO,2025-08-23 08:32:44,1102,4830,20-VQ-63,POINT (-9.142600059509277 38.716800689697266)
2638_722,41524_20250801_196_0_2,196_0,1,38.73627853393555,-9.145620346069336,28,IN_TRANSIT_TO,2025-08-23 06:58:29,11118,2638,87-VS-48,POINT (-9.145620346069336 38.73627853393555)
6037_732,5034_20250801_107_2_3,107_2,0,38.71601867675781,-9.214730262756348,33,IN_TRANSIT_TO,2025-08-23 08:32:23,12402,6037,BG-37-LT,POINT (-9.214730262756348 38.71601867675781)
2633_755,6666_20250801_118_0_6,118_0,0,38.7576789855957,-9.126500129699707,21,IN_TRANSIT_TO,2025-08-23 08:32:27,14705,2633,52-VP-79,POINT (-9.126500129699707 38.7576789855957)
6005_706,3209_20250801_147_0_5,147_0,0,38.708770751953125,-9.15054988861084,5,IN_TRANSIT_TO,2025-08-23 08:32:26,3922,6005,81-ZC-91,POINT (-9.15054988861084 38.708770751953125)
2698_754,6589_20250801_201_2_7,201_2,1,38.7469482421875,-9.189599990844727,21,IN_TRANSIT_TO,2025-08-23 08:32:41,10815,2698,92-XQ-20,POINT (-9.189599990844727 38.7469482421875)
2991_730,4951_20250801_198_0_8,198_0,0,38.72587966918945,-9.129980087280273,14,IN_TRANSIT_TO,2025-08-23 08:32:38,9101,2991,29-VM-89,POINT (-9.129980087280273 38.72587966918945)
4820_751,6465_20250801_109_0_10,109_0,1,38.700618743896484,-9.206379890441895,16,IN_TRANSIT_TO,2025-08-23 08:32:28,9613,4820,20-VQ-62,POINT (-9.206379890441895 38.700618743896484)
283_734,5138_20250801_205_0_6,205_0,0,38.71443176269531,-9.123080253601074,16,IN_TRANSIT_TO,2025-08-07 08:52:19,2110,283,AI-49-OJ,POINT (-9.123080253601074 38.71443176269531)
2639_744,22982_20250801_200_0_4,200_0,1,38.74810028076172,-9.148699760437012,22,IN_TRANSIT_TO,2025-08-23 08:32:34,2016,2639,75-VS-47,POINT (-9.148699760437012 38.74810028076172)
2642_759,6929_20250801_144_0_4,144_0,1,38.720951080322266,-9.116700172424316,38,IN_TRANSIT_TO,2025-08-23 08:32:36,9816,2642,75-VS-51,POINT (-9.116700172424316 38.720951080322266)
2724_711,3500_20250801_101_0_3,101_0,0,38.75067138671875,-9.212030410766602,25,IN_TRANSIT_TO,2025-08-23 08:32:27,11006,2724,92-XQ-40,POINT (-9.212030410766602 38.75067138671875)
2609_783,7834_20250801_203_2_5,203_2,1,38.753971099853516,-9.152580261230469,17,IN_TRANSIT_TO,2025-08-23 08:32:23,5704,2609,66-VI-36,POINT (-9.152580261230469 38.753971099853516)
2611_708,3312_20250801_100_0_7,100_0,1,38.75408172607422,-9.130570411682129,30,IN_TRANSIT_TO,2025-08-23 08:32:04,7512,2611,66-VI-38,POINT (-9.130570411682129 38.75408172607422)
2721_711,3455_20250801_101_0_5,101_0,0,38.723968505859375,-9.16277027130127,9,IN_TRANSIT_TO,2025-08-23 08:32:39,8501,2721,92-XQ-37,POINT (-9.16277027130127 38.723968505859375)
2981_774,7446_20250801_192_1_6,192_1,0,38.72298049926758,-9.149069786071777,28,IN_TRANSIT_TO,2025-08-23 08:32:29,1216,2981,29-VM-86,POINT (-9.149069786071777 38.72298049926758)
2643_708,3317_20250801_100_0_7,100_0,1,38.765769958496094,-9.113320350646973,21,IN_TRANSIT_TO,2025-08-23 08:32:28,7723,2643,75-VS-44,POINT (-9.113320350646973 38.765769958496094)
2707_711,3499_20250801_101_0_6,101_0,1,38.74687957763672,-9.216130256652832,4,IN_TRANSIT_TO,2025-08-23 08:32:40,3015,2707,92-XQ-39,POINT (-9.216130256652832 38.74687957763672)
2612_783,7814_20250801_203_2_7,203_2,0,38.75695037841797,-9.144720077514648,12,IN_TRANSIT_TO,2025-08-23 08:32:18,5708,2612,66-VI-29,POINT (-9.144720077514648 38.75695037841797)
6042_760,51302_20250801_171_0_5,171_0,0,38.725318908691406,-9.14052963256836,3,IN_TRANSIT_TO,2025-08-23 08:32:42,6901,6042,BG-97-LU,POINT (-9.14052963256836 38.725318908691406)
542_28E,14912_20250801_75_0_3,75_0,1,38.71287155151367,-9.129349708557129,24,IN_TRANSIT_TO,2025-08-23 08:32:17,13813,542,,POINT (-9.129349708557129 38.71287155151367)
574_28E,15016_20250801_75_0_6,75_0,0,38.7127799987793,-9.157930374145508,28,IN_TRANSIT_TO,2025-08-23 08:32:34,6718,574,,POINT (-9.157930374145508 38.7127799987793)
2713_738,19991_20250801_117_0_3,117_0,1,38.7381706237793,-9.145819664001465,21,IN_TRANSIT_TO,2025-08-23 08:32:43,1805,2713,92-XQ-34,POINT (-9.145819664001465 38.7381706237793)
2635_722,21250_20250801_196_0_5,196_0,1,38.78382110595703,-9.111499786376953,2,IN_TRANSIT_TO,2025-08-23 08:32:41,12627,2635,52-VP-90,POINT (-9.111499786376953 38.78382110595703)
2799_713,18723_20250801_122_0_5,122_0,0,38.72010040283203,-9.155579566955566,14,IN_TRANSIT_TO,2025-08-23 08:32:45,50191,2799,AJ-52-LI,POINT (-9.155579566955566 38.72010040283203)
2769_727,4460_20250801_103_0_4,103_0,0,38.70452880859375,-9.163530349731445,25,IN_TRANSIT_TO,2025-08-23 08:32:20,10212,2769,AH-19-ND,POINT (-9.163530349731445 38.70452880859375)
549_28E,15042_20250801_75_0_4,75_0,0,38.71678161621094,-9.129579544067383,9,IN_TRANSIT_TO,2025-08-23 08:32:26,14804,549,,POINT (-9.129579544067383 38.71678161621094)
571_18E,20095_20250801_78_0_8,78_0,1,38.704750061035156,-9.198369979858398,5,IN_TRANSIT_TO,2025-08-23 08:32:14,13303,571,,POINT (-9.198369979858398 38.704750061035156)
2626_744,18848_20250801_200_0_6,200_0,1,38.7681999206543,-9.10966968536377,8,IN_TRANSIT_TO,2025-08-23 08:32:20,50330,2626,52-VP-86,POINT (-9.10966968536377 38.7681999206543)
2829_753,18610_20250801_167_0_7,167_0,0,38.72842025756836,-9.144700050354004,1,IN_TRANSIT_TO,2025-08-23 08:32:32,1712,2829,BF-58-FZ,POINT (-9.144700050354004 38.72842025756836)
2621_708,3273_20250801_100_0_6,100_0,0,38.776729583740234,-9.094980239868164,31,IN_TRANSIT_TO,2025-08-23 08:32:35,50122,2621,66-VI-45,POINT (-9.094980239868164 38.776729583740234)
2622_718,3951_20250801_105_0_7,105_0,1,38.725669860839844,-9.118849754333496,11,IN_TRANSIT_TO,2025-08-23 08:32:22,9801,2622,66-VI-21,POINT (-9.118849754333496 38.725669860839844)
2649_776,7482_20250801_193_2_19,193_2,1,38.70037078857422,-9.246970176696777,3,IN_TRANSIT_TO,2025-08-23 08:32:11,4303,2649,75-VS-42,POINT (-9.246970176696777 38.70037078857422)
2656_759,6950_20250801_144_0_6,144_0,1,38.76969909667969,-9.116950035095215,13,IN_TRANSIT_TO,2025-08-23 08:30:42,7727,2656,05-VZ-53,POINT (-9.116950035095215 38.76969909667969)
2975_72B,45268_20250801_279_0_5,279_0,0,38.74882125854492,-9.197629928588867,23,IN_TRANSIT_TO,2025-08-23 08:32:34,50611,2975,30-VM-11,POINT (-9.197629928588867 38.74882125854492)
2711_714,3646_20250801_102_0_7,102_0,0,38.70627975463867,-9.173419952392578,11,IN_TRANSIT_TO,2025-08-23 08:32:26,9417,2711,92-XQ-44,POINT (-9.173419952392578 38.70627975463867)
2976_34B,19146_20250801_226_0_2,226_0,0,38.72977828979492,-9.115779876708984,31,IN_TRANSIT_TO,2025-08-23 08:32:19,8321,2976,30-VM-00,POINT (-9.115779876708984 38.72977828979492)
2604_755,6626_20250801_118_0_7,118_0,1,38.752899169921875,-9.143969535827637,10,IN_TRANSIT_TO,2025-08-23 08:32:17,104,2604,66-VI-32,POINT (-9.143969535827637 38.752899169921875)
2634_759,6907_20250801_144_0_5,144_0,0,38.728118896484375,-9.109700202941895,14,IN_TRANSIT_TO,2025-08-23 08:32:02,8303,2634,52-VP-85,POINT (-9.109700202941895 38.728118896484375)
2663_714,3697_20240914_102_0_16,102_0,1,38.72127151489258,-9.221500396728516,4,IN_TRANSIT_TO,2024-10-22 20:26:58,18703,2663,05-VZ-62,POINT (-9.221500396728516 38.72127151489258)
576_28E,21341_20250801_75_0_15,75_0,1,38.71072006225586,-9.130829811096191,21,IN_TRANSIT_TO,2025-08-23 08:32:29,13803,576,,POINT (-9.130829811096191 38.71072006225586)
581_24E,17847_20250801_213_0_6,213_0,0,38.72425079345703,-9.159799575805664,9,IN_TRANSIT_TO,2025-08-23 08:32:24,50362,581,,POINT (-9.159799575805664 38.72425079345703)
579_18E,12192_20250801_78_0_7,78_0,0,38.70621871948242,-9.143199920654297,1,IN_TRANSIT_TO,2025-08-23 08:32:34,50339,579,,POINT (-9.143199920654297 38.70621871948242)
2732_742,5715_20250801_114_0_5,114_0,1,38.73442077636719,-9.136170387268066,40,IN_TRANSIT_TO,2025-08-23 08:32:22,11115,2732,AG-39-EI,POINT (-9.136170387268066 38.73442077636719)
545_28E,15028_20250801_75_0_6,75_0,0,38.7100715637207,-9.134129524230957,16,IN_TRANSIT_TO,2025-08-23 08:32:29,13802,545,,POINT (-9.134129524230957 38.7100715637207)
2995_702,3041_20250801_146_0_11,146_0,0,38.73067855834961,-9.169150352478027,8,IN_TRANSIT_TO,2025-08-23 08:32:26,6132,2995,30-VM-15,POINT (-9.169150352478027 38.73067855834961)
580_28E,14976_20250801_75_0_5,75_0,1,38.71398162841797,-9.169280052185059,0,IN_TRANSIT_TO,2025-08-23 08:32:08,,580,,POINT (-9.169280052185059 38.71398162841797)
4804_728,4666_20250801_204_0_4,204_0,1,38.706180572509766,-9.155980110168457,37,IN_TRANSIT_TO,2025-08-23 08:31:44,3902,4804,53-VR-07,POINT (-9.155980110168457 38.706180572509766)
550_28E,14900_20250801_75_0_6,75_0,0,38.715431213378906,-9.136019706726074,0,IN_TRANSIT_TO,2025-08-23 08:32:32,,550,,POINT (-9.136019706726074 38.715431213378906)
2828_751,6487_20250801_109_0_5,109_0,0,38.702430725097656,-9.217530250549316,20,IN_TRANSIT_TO,2025-08-23 08:32:22,9712,2828,BF-60-FZ,POINT (-9.217530250549316 38.702430725097656)
2427_729,4813_20250801_104_0_6,104_0,0,38.69673156738281,-9.20697021484375,35,IN_TRANSIT_TO,2025-08-23 08:32:22,9610,2427,29-AX-14,POINT (-9.20697021484375 38.69673156738281)
4808_728,4623_20250801_204_0_5,204_0,0,38.706478118896484,-9.150400161743164,17,IN_TRANSIT_TO,2025-08-23 08:32:29,3901,4808,20-VQ-73,POINT (-9.150400161743164 38.706478118896484)
6003_760,7027_20250801_171_0_6,171_0,1,38.70841979980469,-9.136099815368652,31,IN_TRANSIT_TO,2025-08-23 08:32:45,3824,6003,82-ZC-02,POINT (-9.136099815368652 38.70841979980469)
572_28E,14950_20250801_75_0_3,75_0,1,38.709999084472656,-9.133219718933105,20,IN_TRANSIT_TO,2025-08-23 08:32:36,13801,572,,POINT (-9.133219718933105 38.709999084472656)
4824_736,5296_20250801_199_0_7,199_0,0,38.787200927734375,-9.179829597473145,30,IN_TRANSIT_TO,2025-08-23 08:32:38,15102,4824,34-VR-19,POINT (-9.179829597473145 38.787200927734375)
2641_708,19388_20250801_100_0_4,100_0,1,38.79438018798828,-9.097430229187012,3,IN_TRANSIT_TO,2025-08-23 08:31:18,50451,2641,75-VS-49,POINT (-9.097430229187012 38.79438018798828)
4817_751,6446_20250801_109_0_8,109_0,1,38.707828521728516,-9.173600196838379,26,IN_TRANSIT_TO,2025-08-23 08:32:42,9415,4817,00-VV-37,POINT (-9.173600196838379 38.707828521728516)
4644_750,6299_20250801_106_0_5,106_0,1,38.744850158691406,-9.199769973754883,13,IN_TRANSIT_TO,2025-08-23 08:32:31,2812,4644,27-JO-11,POINT (-9.199769973754883 38.744850158691406)
277_65B,22210_20250801_250_0_4,250_0,0,38.71923065185547,-9.167929649353027,4,IN_TRANSIT_TO,2025-08-23 08:32:26,8014,277,AH-13-TB,POINT (-9.167929649353027 38.71923065185547)
4803_728,4686_20250801_204_0_5,204_0,1,38.73522186279297,-9.103919982910156,22,IN_TRANSIT_TO,2025-08-23 08:32:26,12514,4803,77-VP-16,POINT (-9.103919982910156 38.73522186279297)
2651_748,17753_20250801_169_0_8,169_0,1,38.7236213684082,-9.163069725036621,7,IN_TRANSIT_TO,2025-08-23 08:32:34,8608,2651,05-VZ-54,POINT (-9.163069725036621 38.7236213684082)
2645_718,3946_20250801_105_0_8,105_0,0,38.753700256347656,-9.114230155944824,2,IN_TRANSIT_TO,2025-08-23 08:32:19,50070,2645,87-VS-49,POINT (-9.114230155944824 38.753700256347656)
2983_730,4964_20250801_198_0_5,198_0,0,38.73517990112305,-9.121230125427246,3,IN_TRANSIT_TO,2025-08-23 08:32:41,8917,2983,30-VM-08,POINT (-9.121230125427246 38.73517990112305)
262_64B,21494_20250801_238_0_7,238_0,0,38.7182502746582,-9.166600227355957,3,IN_TRANSIT_TO,2025-08-23 08:32:18,50481,262,AF-49-ZD,POINT (-9.166600227355957 38.7182502746582)
2627_759,6893_20250801_144_0_5,144_0,0,38.74803161621094,-9.112870216369629,24,IN_TRANSIT_TO,2025-08-23 08:32:29,3705,2627,52-VP-83,POINT (-9.112870216369629 38.74803161621094)
2725_714,3641_20250801_102_0_3,102_0,0,38.71644973754883,-9.213279724121094,28,IN_TRANSIT_TO,2025-08-23 08:32:39,10402,2725,92-XQ-30,POINT (-9.213279724121094 38.71644973754883)
2608_759,6918_20250801_144_0_7,144_0,0,38.714229583740234,-9.139920234680176,1,IN_TRANSIT_TO,2025-08-23 08:32:29,1005,2608,66-VI-39,POINT (-9.139920234680176 38.714229583740234)
2966_55B,21539_20250801_240_0_7,240_0,0,38.759220123291016,-9.192580223083496,3,IN_TRANSIT_TO,2025-08-23 08:32:29,12822,2966,30-VM-20,POINT (-9.192580223083496 38.759220123291016)
2719_746,18888_20250801_108_0_8,108_0,1,38.74980163574219,-9.212900161743164,2,IN_TRANSIT_TO,2025-08-23 08:32:37,3003,2719,92-XQ-17,POINT (-9.212900161743164 38.74980163574219)
2631_744,18850_20250801_200_0_5,200_0,0,38.77421951293945,-9.097180366516113,26,IN_TRANSIT_TO,2025-08-23 08:32:42,7821,2631,52-VP-80,POINT (-9.097180366516113 38.77421951293945)
2735_735,5211_20250801_172_0_6,172_0,1,38.73141860961914,-9.127679824829102,17,IN_TRANSIT_TO,2025-08-23 08:32:22,502,2735,AG-37-EI,POINT (-9.127679824829102 38.73141860961914)
2972_770,7368_20250801_191_0_5,191_0,0,38.733768463134766,-9.171130180358887,14,IN_TRANSIT_TO,2025-08-23 08:32:42,2709,2972,29-VM-96,POINT (-9.171130180358887 38.733768463134766)
2428_729,4752_20250801_104_0_6,104_0,0,38.772220611572266,-9.190679550170898,3,IN_TRANSIT_TO,2025-08-23 08:22:43,14103,2428,29-AX-13,POINT (-9.190679550170898 38.772220611572266)
2489_716,18949_20250801_164_0_7,164_0,0,38.736698150634766,-9.132920265197754,0,IN_TRANSIT_TO,2025-08-23 08:32:45,,2489,55-BH-05,POINT (-9.132920265197754 38.736698150634766)
2443_767,7234_20250801_112_0_4,112_0,1,38.75271987915039,-9.188130378723145,17,IN_TRANSIT_TO,2025-08-23 08:32:29,10813,2443,29-AX-05,POINT (-9.188130378723145 38.75271987915039)
6044_732,5055_20250801_107_2_5,107_2,0,38.726131439208984,-9.150230407714844,0,IN_TRANSIT_TO,2025-08-23 08:32:32,,6044,BG-87-LX,POINT (-9.150230407714844 38.726131439208984)
2750_701,2962_20250801_123_0_10,123_0,0,38.75442886352539,-9.15287971496582,2,IN_TRANSIT_TO,2025-08-23 08:32:16,5806,2750,AG-10-TH,POINT (-9.15287971496582 38.75442886352539)
2994_774,7426_20250801_192_1_7,192_1,0,38.7088508605957,-9.153249740600586,6,IN_TRANSIT_TO,2025-08-23 08:32:25,7105,2994,29-VM-91,POINT (-9.153249740600586 38.7088508605957)
2404_767,7189_20250801_112_0_5,112_0,0,38.76047897338867,-9.155550003051758,18,IN_TRANSIT_TO,2025-08-23 08:32:21,5805,2404,50-AL-11,POINT (-9.155550003051758 38.76047897338867)
2760_727,4477_20250801_103_0_4,103_0,0,38.72105026245117,-9.152830123901367,15,IN_TRANSIT_TO,2025-08-23 08:32:43,6806,2760,AH-35-ND,POINT (-9.152830123901367 38.72105026245117)
2293_724,4200_20250801_178_0_8,178_0,1,38.7421989440918,-9.199999809265137,13,IN_TRANSIT_TO,2025-08-23 08:32:08,2805,2293,92-57-ZM,POINT (-9.199999809265137 38.7421989440918)
1778_717,3809_20250801_170_0_3,170_0,1,38.748680114746094,-9.13202953338623,34,IN_TRANSIT_TO,2025-08-23 08:32:36,7302,1778,63-HX-30,POINT (-9.13202953338623 38.748680114746094)
2812_793,8000_20250801_145_0_6,145_0,0,38.741798400878906,-9.12932014465332,26,IN_TRANSIT_TO,2025-08-23 08:31:12,9007,2812,90-II-61,POINT (-9.12932014465332 38.741798400878906)
2496_720,4050_20250801_143_0_7,143_0,0,38.73434829711914,-9.141480445861816,10,IN_TRANSIT_TO,2025-08-23 08:32:28,11105,2496,88-BL-70,POINT (-9.141480445861816 38.73434829711914)
2814_725,4248_20250801_197_2_7,197_2,0,38.771881103515625,-9.0974702835083,3,IN_TRANSIT_TO,2025-08-23 08:32:41,7821,2814,90-II-54,POINT (-9.0974702835083 38.771881103515625)
4639_796,8123_20250801_174_0_10,174_0,1,38.7794303894043,-9.164219856262207,9,IN_TRANSIT_TO,2025-08-23 08:32:24,7214,4639,27-JO-13,POINT (-9.164219856262207 38.7794303894043)
4647_750,6321_20250801_106_0_5,106_0,0,38.70085144042969,-9.227899551391602,39,IN_TRANSIT_TO,2025-08-23 08:30:58,4213,4647,02-JN-88,POINT (-9.227899551391602 38.70085144042969)
2970_797,8166_20250801_163_0_11,163_0,1,38.73217010498047,-9.128450393676758,8,IN_TRANSIT_TO,2025-08-23 08:32:30,7011,2970,29-VM-87,POINT (-9.128450393676758 38.73217010498047)
1747_794,8051_20250801_115_0_7,115_0,1,38.75564956665039,-9.113080024719238,9,IN_TRANSIT_TO,2025-08-23 08:32:26,24368,1747,92-HR-04,POINT (-9.113080024719238 38.75564956665039)
2811_793,7981_20250801_145_0_9,145_0,1,38.748451232910156,-9.118550300598145,10,IN_TRANSIT_TO,2025-08-23 08:32:17,3606,2811,02-IH-00,POINT (-9.118550300598145 38.748451232910156)
4802_728,4566_20250801_204_0_5,204_0,1,38.77342987060547,-9.10575008392334,6,IN_TRANSIT_TO,2025-08-23 08:32:29,7908,4802,77-VP-17,POINT (-9.10575008392334 38.77342987060547)
2802_755,17791_20250801_118_0_5,118_0,1,38.752079010009766,-9.114069938659668,29,IN_TRANSIT_TO,2025-08-23 08:32:33,24375,2802,01-IH-91,POINT (-9.114069938659668 38.752079010009766)
2806_718,3928_20250801_105_0_6,105_0,0,38.72589874267578,-9.112569808959961,18,IN_TRANSIT_TO,2025-08-23 08:32:01,8302,2806,01-IH-95,POINT (-9.112569808959961 38.72589874267578)
2453_729,4774_20250801_104_0_5,104_0,1,38.75347900390625,-9.190349578857422,31,IN_TRANSIT_TO,2025-08-23 08:32:30,50134,2453,16-AZ-13,POINT (-9.190349578857422 38.75347900390625)
4640_796,8119_20250801_174_0_13,174_0,0,38.778480529785156,-9.164130210876465,7,IN_TRANSIT_TO,2025-08-23 08:32:34,5923,4640,02-JN-87,POINT (-9.164130210876465 38.778480529785156)
1750_794,18788_20250801_115_0_5,115_0,0,38.753570556640625,-9.126029968261719,20,IN_TRANSIT_TO,2025-08-23 08:32:41,14723,1750,92-HR-07,POINT (-9.126029968261719 38.753570556640625)
2810_755,17786_20250801_118_0_5,118_0,0,38.7435188293457,-9.101550102233887,2,IN_TRANSIT_TO,2025-08-23 08:32:29,12511,2810,01-IH-99,POINT (-9.101550102233887 38.7435188293457)
1755_717,3787_20250801_170_0_7,170_0,0,38.73609924316406,-9.134719848632812,1,IN_TRANSIT_TO,2025-08-23 08:31:21,521,1755,34-HU-21,POINT (-9.134719848632812 38.73609924316406)
2816_793,7978_20250801_145_0_8,145_0,0,38.7388801574707,-9.10657024383545,2,IN_TRANSIT_TO,2025-08-23 08:32:22,12520,2816,90-II-56,POINT (-9.10657024383545 38.7388801574707)
2455_778,18907_20250801_179_0_7,179_0,0,38.76224899291992,-9.162429809570312,2,IN_TRANSIT_TO,2025-08-23 08:32:18,5823,2455,16-AZ-12,POINT (-9.162429809570312 38.76224899291992)
2667_738,18600_20250801_117_0_5,117_0,0,38.75577163696289,-9.16897964477539,3,IN_TRANSIT_TO,2025-08-23 08:32:27,50145,2667,87-XB-45,POINT (-9.16897964477539 38.75577163696289)
2710_746,5972_20250801_108_0_7,108_0,1,38.73876953125,-9.164529800415039,18,IN_TRANSIT_TO,2025-08-23 08:32:41,1602,2710,92-XQ-19,POINT (-9.164529800415039 38.73876953125)
2278_731,4984_20250801_190_0_6,190_0,1,38.747318267822266,-9.157050132751465,27,IN_TRANSIT_TO,2025-08-23 08:32:24,13507,2278,67-41-ZJ,POINT (-9.157050132751465 38.747318267822266)
2623_744,21215_20250801_200_0_6,200_0,1,38.71746826171875,-9.142900466918945,32,IN_TRANSIT_TO,2025-08-23 08:32:33,1102,2623,66-VI-26,POINT (-9.142900466918945 38.71746826171875)
2790_727,4437_20250801_103_0_4,103_0,1,38.69879913330078,-9.18671989440918,16,IN_TRANSIT_TO,2025-08-23 08:32:41,9505,2790,AI-54-TL,POINT (-9.18671989440918 38.69879913330078)
215_41B,19380_20250801_232_0_7,232_0,1,38.7843017578125,-9.15132999420166,19,IN_TRANSIT_TO,2025-08-23 08:32:36,50435,215,44-42-XM,POINT (-9.15132999420166 38.7843017578125)
2450_726,4320_20250801_116_0_4,116_0,1,38.724369049072266,-9.132630348205566,30,IN_TRANSIT_TO,2025-08-23 08:32:28,604,2450,44-BC-36,POINT (-9.132630348205566 38.724369049072266)
2483_767,7193_20250801_112_0_5,112_0,0,38.72922134399414,-9.14037036895752,3,IN_TRANSIT_TO,2025-08-23 08:32:41,6902,2483,74-BC-66,POINT (-9.14037036895752 38.72922134399414)
1775_717,3851_20250801_170_0_5,170_0,0,38.79801940917969,-9.145179748535156,40,IN_TRANSIT_TO,2025-08-23 08:32:25,16002,1775,53-HX-08,POINT (-9.145179748535156 38.79801940917969)
1773_717,3765_20250801_170_0_4,170_0,0,38.77058029174805,-9.159830093383789,19,IN_TRANSIT_TO,2025-08-23 08:32:16,5903,1773,53-HX-06,POINT (-9.159830093383789 38.77058029174805)
2759_727,4482_20250801_103_0_5,103_0,0,38.749019622802734,-9.141670227050781,3,IN_TRANSIT_TO,2025-08-23 08:32:31,201,2759,AH-21-ND,POINT (-9.141670227050781 38.749019622802734)
2284_758,6825_20250801_150_0_6,150_0,1,38.723819732666016,-9.160880088806152,23,IN_TRANSIT_TO,2025-08-23 08:32:37,8512,2284,67-36-ZJ,POINT (-9.160880088806152 38.723819732666016)
1705_735,5222_20250801_172_0_6,172_0,1,38.745849609375,-9.14015007019043,9,IN_TRANSIT_TO,2025-08-23 08:32:38,202,1705,69-AL-68,POINT (-9.14015007019043 38.745849609375)
2754_701,2940_20250801_123_0_7,123_0,1,38.7253303527832,-9.16355037689209,6,IN_TRANSIT_TO,2025-08-23 08:32:36,8508,2754,AG-01-TH,POINT (-9.16355037689209 38.7253303527832)
1770_717,3831_20250801_170_0_6,170_0,1,38.78047180175781,-9.151000022888184,15,IN_TRANSIT_TO,2025-08-23 08:32:25,50344,1770,63-HX-17,POINT (-9.151000022888184 38.78047180175781)
2480_716,18952_20250801_164_0_4,164_0,1,38.7351188659668,-9.14762020111084,20,IN_TRANSIT_TO,2025-08-23 08:32:23,1412,2480,91-BE-75,POINT (-9.14762020111084 38.7351188659668)
2252_758,6800_20250801_150_0_7,150_0,0,38.7470817565918,-9.187700271606445,24,IN_TRANSIT_TO,2025-08-23 08:32:40,10830,2252,80-40-ZE,POINT (-9.187700271606445 38.7470817565918)
2767_746,5967_20250801_108_0_8,108_0,1,38.72629928588867,-9.149669647216797,25,IN_TRANSIT_TO,2025-08-23 08:32:15,1206,2767,AH-34-ND,POINT (-9.149669647216797 38.72629928588867)
2454_703,3114_20250801_165_0_5,165_0,0,38.74507141113281,-9.200699806213379,38,IN_TRANSIT_TO,2025-08-23 08:32:19,2806,2454,16-AZ-18,POINT (-9.200699806213379 38.74507141113281)
2482_726,4276_20250801_116_0_6,116_0,1,38.75782012939453,-9.179269790649414,9,IN_TRANSIT_TO,2025-08-23 08:32:24,13607,2482,55-BH-02,POINT (-9.179269790649414 38.75782012939453)
2801_725,4245_20250801_197_2_12,197_2,1,38.782798767089844,-9.124199867248535,6,IN_TRANSIT_TO,2025-08-23 08:31:08,16304,2801,38-HU-27,POINT (-9.124199867248535 38.782798767089844)
1780_742,5734_20250801_114_0_2,114_0,1,38.72544860839844,-9.163419723510742,29,IN_TRANSIT_TO,2025-08-23 08:32:43,8508,1780,63-HX-18,POINT (-9.163419723510742 38.72544860839844)
1767_717,3855_20250801_170_0_3,170_0,0,38.79058074951172,-9.150670051574707,35,IN_TRANSIT_TO,2025-08-23 08:32:16,6002,1767,63-HX-29,POINT (-9.150670051574707 38.79058074951172)
2768_723,4150_20250801_121_0_7,121_0,0,38.720970153808594,-9.138319969177246,0,IN_TRANSIT_TO,2025-08-23 08:32:37,,2768,AH-25-ND,POINT (-9.138319969177246 38.720970153808594)
2666_727,18605_20250801_103_0_2,103_0,1,38.708099365234375,-9.150520324707031,27,IN_TRANSIT_TO,2025-08-23 08:32:23,3922,2666,87-XB-39,POINT (-9.150520324707031 38.708099365234375)
1757_742,18887_20250801_114_0_5,114_0,1,38.70294952392578,-9.179829597473145,19,IN_TRANSIT_TO,2025-08-23 08:32:21,12107,1757,34-HU-23,POINT (-9.179829597473145 38.70294952392578)
2470_767,7237_20250801_112_0_4,112_0,1,38.75270080566406,-9.206299781799316,6,IN_TRANSIT_TO,2025-08-23 08:32:42,11001,2470,74-BC-71,POINT (-9.206299781799316 38.75270080566406)
1762_794,8068_20250801_115_0_7,115_0,0,38.7601203918457,-9.10342025756836,35,IN_TRANSIT_TO,2025-08-23 08:32:37,2311,1762,63-HX-32,POINT (-9.10342025756836 38.7601203918457)
2344_768,19467_20250801_111_2_5,111_2,0,38.750118255615234,-9.164830207824707,2,IN_TRANSIT_TO,2025-08-23 08:32:43,13508,2344,53-60-ZJ,POINT (-9.164830207824707 38.750118255615234)
2771_723,18326_20250801_121_0_3,121_0,0,38.71609878540039,-9.231200218200684,0,IN_TRANSIT_TO,2025-08-23 08:14:39,,2771,AH-20-ND,POINT (-9.231200218200684 38.71609878540039)
2412_726,4303_20250801_116_0_5,116_0,0,38.72642135620117,-9.134599685668945,4,IN_TRANSIT_TO,2025-08-23 08:32:41,603,2412,92-AO-48,POINT (-9.134599685668945 38.72642135620117)
2747_701,2965_20250801_123_0_6,123_0,1,38.74822998046875,-9.148070335388184,25,IN_TRANSIT_TO,2025-08-23 08:32:27,2010,2747,AG-09-TH,POINT (-9.148070335388184 38.74822998046875)
4613_728,4586_20250801_204_0_4,204_0,0,38.71072006225586,-9.127129554748535,23,IN_TRANSIT_TO,2025-08-23 08:12:16,8201,4613,22-GP-48,POINT (-9.127129554748535 38.71072006225586)
1725_717,3814_20250801_170_0_6,170_0,1,38.76531982421875,-9.157279968261719,24,IN_TRANSIT_TO,2025-08-23 08:32:46,5814,1725,25-AS-37,POINT (-9.157279968261719 38.76531982421875)
2772_727,4499_20250801_103_0_4,103_0,1,38.74679946899414,-9.140600204467773,46,IN_TRANSIT_TO,2025-08-23 08:32:36,202,2772,AH-24-ND,POINT (-9.140600204467773 38.74679946899414)
2757_712,3540_20250801_189_2_7,189_2,0,38.72740173339844,-9.145930290222168,16,IN_TRANSIT_TO,2025-08-23 08:32:41,6602,2757,AH-32-ND,POINT (-9.145930290222168 38.72740173339844)
2823_728,4603_20250801_204_0_2,204_0,0,38.72105026245117,-9.114850044250488,25,IN_TRANSIT_TO,2025-08-23 08:32:35,2127,2823,BF-64-FZ,POINT (-9.114850044250488 38.72105026245117)
1758_794,8046_20250801_115_0_7,115_0,1,38.73126983642578,-9.116880416870117,30,IN_TRANSIT_TO,2025-08-23 08:32:19,17578,1758,34-HU-24,POINT (-9.116880416870117 38.73126983642578)
406_73B,18778_20250801_220_0_4,220_0,0,38.70384979248047,-9.190329551696777,33,IN_TRANSIT_TO,2025-08-23 08:32:38,12008,406,BF-93-TB,POINT (-9.190329551696777 38.70384979248047)
2497_720,20167_20250801_143_0_3,143_0,1,38.70417022705078,-9.173819541931152,6,IN_TRANSIT_TO,2025-08-23 08:32:15,4001,2497,88-BL-71,POINT (-9.173819541931152 38.70417022705078)
2285_768,19464_20250801_111_2_6,111_2,0,38.76182174682617,-9.196980476379395,20,IN_TRANSIT_TO,2025-08-23 08:32:37,13904,2285,67-55-ZJ,POINT (-9.196980476379395 38.76182174682617)
2967_702,3037_20250801_146_0_12,146_0,1,38.72753143310547,-9.165120124816895,8,IN_TRANSIT_TO,2025-08-23 08:32:25,6110,2967,30-VM-05,POINT (-9.165120124816895 38.72753143310547)
2809_759,17653_20250801_144_0_3,144_0,0,38.7669792175293,-9.098950386047363,47,IN_TRANSIT_TO,2025-08-23 08:32:45,7825,2809,01-IH-98,POINT (-9.098950386047363 38.7669792175293)
2437_716,18950_20250801_164_0_6,164_0,1,38.75027847290039,-9.197549819946289,3,IN_TRANSIT_TO,2025-08-23 08:32:11,10907,2437,29-AX-09,POINT (-9.197549819946289 38.75027847290039)
2423_767,7259_20250801_112_0_5,112_0,0,38.74966812133789,-9.191200256347656,30,IN_TRANSIT_TO,2025-08-23 08:32:18,10808,2423,29-AU-18,POINT (-9.191200256347656 38.74966812133789)
2269_731,57528_20250801_190_0_3,190_0,0,38.758968353271484,-9.138529777526855,17,IN_TRANSIT_TO,2025-08-23 08:32:34,11303,2269,76-88-ZG,POINT (-9.138529777526855 38.758968353271484)
2420_747,6103_20250801_177_0_6,177_0,1,38.76411819458008,-9.176870346069336,12,IN_TRANSIT_TO,2025-08-23 08:31:51,12833,2420,29-AU-15,POINT (-9.176870346069336 38.76411819458008)
1703_717,3770_20250801_170_0_6,170_0,0,38.758121490478516,-9.140800476074219,11,IN_TRANSIT_TO,2025-08-23 08:32:30,11307,1703,35-AL-13,POINT (-9.140800476074219 38.758121490478516)
1766_717,3836_20250801_170_0_6,170_0,1,38.79872131347656,-9.147919654846191,2,IN_TRANSIT_TO,2025-08-23 08:32:06,16003,1766,63-HX-33,POINT (-9.147919654846191 38.79872131347656)
2465_747,6081_20250801_177_0_7,177_0,0,38.76108169555664,-9.196880340576172,21,IN_TRANSIT_TO,2025-08-23 08:32:01,13907,2465,55-BH-00,POINT (-9.196880340576172 38.76108169555664)
2498_742,5693_20250801_114_0_6,114_0,0,38.72624969482422,-9.118849754333496,11,IN_TRANSIT_TO,2025-08-23 08:32:35,9802,2498,03-BM-57,POINT (-9.118849754333496 38.72624969482422)
1763_735,5196_20250801_172_0_4,172_0,1,38.71097183227539,-9.126970291137695,31,IN_TRANSIT_TO,2025-08-23 08:32:34,8204,1763,63-HX-25,POINT (-9.126970291137695 38.71097183227539)
1761_735,18321_20250801_172_0_3,172_0,0,38.70808029174805,-9.137920379638672,2,IN_TRANSIT_TO,2025-08-23 08:32:37,3824,1761,63-HX-19,POINT (-9.137920379638672 38.70808029174805)
2484_703,3096_20250801_165_0_6,165_0,1,38.74502944946289,-9.200830459594727,3,IN_TRANSIT_TO,2025-08-23 08:32:28,8813,2484,91-BE-76,POINT (-9.200830459594727 38.74502944946289)
605_15E,11206_20250801_76_0_7,76_0,0,38.697818756103516,-9.191780090332031,14,IN_TRANSIT_TO,2025-08-23 08:32:29,9508,605,,POINT (-9.191780090332031 38.697818756103516)
2403_726,4258_20250801_116_0_6,116_0,1,38.7377815246582,-9.155599594116211,21,IN_TRANSIT_TO,2025-08-23 08:32:27,1504,2403,50-AL-12,POINT (-9.155599594116211 38.7377815246582)
2838_751,6442_20250801_109_0_6,109_0,0,38.72412109375,-9.174030303955078,2,IN_TRANSIT_TO,2025-08-23 08:32:27,2704,2838,BF-59-FZ,POINT (-9.174030303955078 38.72412109375)
221_773,7387_20250801_124_0_11,124_0,0,38.717628479003906,-9.15114974975586,4,IN_TRANSIT_TO,2025-08-23 08:32:30,10608,221,11-06-XO,POINT (-9.15114974975586 38.717628479003906)
2408_729,4769_20250801_104_0_5,104_0,1,38.7694206237793,-9.18927001953125,40,IN_TRANSIT_TO,2025-08-23 08:32:15,14106,2408,50-AL-08,POINT (-9.18927001953125 38.7694206237793)
2776_723,4155_20250801_121_0_6,121_0,1,38.71372985839844,-9.198269844055176,17,IN_TRANSIT_TO,2025-08-23 08:32:43,12923,2776,AI-07-BT,POINT (-9.198269844055176 38.71372985839844)
228_58B,19296_20250801_227_0_6,227_0,0,38.75453186035156,-9.182430267333984,12,IN_TRANSIT_TO,2025-08-23 08:32:45,50422,228,84-39-XQ,POINT (-9.182430267333984 38.75453186035156)
2474_729,18902_20250801_104_0_3,104_0,0,38.74055099487305,-9.20088005065918,19,IN_TRANSIT_TO,2025-08-23 08:32:35,2810,2474,74-BC-67,POINT (-9.20088005065918 38.74055099487305)
606_15E,11268_20250801_76_0_2,76_0,1,38.70827102661133,-9.13634967803955,22,IN_TRANSIT_TO,2025-08-23 08:32:40,5512,606,,POINT (-9.13634967803955 38.70827102661133)
2481_703,3129_20250801_165_0_5,165_0,0,38.7724494934082,-9.17057991027832,20,IN_TRANSIT_TO,2025-08-23 08:32:31,5914,2481,54-BH-99,POINT (-9.17057991027832 38.7724494934082)
609_15E,11284_20250801_76_0_6,76_0,1,38.70370101928711,-9.172050476074219,15,IN_TRANSIT_TO,2025-08-23 08:32:31,4001,609,,POINT (-9.172050476074219 38.70370101928711)
2289_731,5003_20250801_190_0_6,190_0,1,38.77484893798828,-9.104570388793945,11,IN_TRANSIT_TO,2025-08-23 08:32:42,7908,2289,92-60-ZM,POINT (-9.104570388793945 38.77484893798828)
2451_767,7256_20250801_112_0_4,112_0,1,38.74953079223633,-9.220020294189453,1,IN_TRANSIT_TO,2025-08-23 08:32:22,50335,2451,75-AQ-16,POINT (-9.220020294189453 38.74953079223633)
2464_747,6088_20250801_177_0_8,177_0,0,38.76337814331055,-9.166950225830078,6,IN_TRANSIT_TO,2025-08-23 08:32:23,50003,2464,91-BE-71,POINT (-9.166950225830078 38.76337814331055)
2291_724,4193_20250801_178_0_9,178_0,0,38.706668853759766,-9.17887020111084,0,IN_TRANSIT_TO,2025-08-23 08:32:15,,2291,92-56-ZM,POINT (-9.17887020111084 38.706668853759766)
4610_750,6358_20250801_106_0_5,106_0,0,38.75907897949219,-9.154620170593262,15,IN_TRANSIT_TO,2025-08-23 08:32:35,5805,4610,96-GL-87,POINT (-9.154620170593262 38.75907897949219)
2290_724,4215_20250801_178_0_10,178_0,1,38.765201568603516,-9.198929786682129,0,IN_TRANSIT_TO,2025-08-23 08:32:39,,2290,92-55-ZM,POINT (-9.198929786682129 38.765201568603516)
2773_727,4455_20250801_103_0_4,103_0,0,38.70895004272461,-9.21304988861084,46,IN_TRANSIT_TO,2025-08-23 08:32:45,12406,2773,AH-39-ND,POINT (-9.21304988861084 38.70895004272461)
4838_736,18885_20250801_199_0_6,199_0,1,38.772918701171875,-9.161319732666016,10,IN_TRANSIT_TO,2025-08-23 08:32:34,5906,4838,34-VR-22,POINT (-9.161319732666016 38.772918701171875)
2438_729,4791_20250801_104_0_4,104_0,1,38.72306823730469,-9.195770263671875,20,IN_TRANSIT_TO,2025-08-23 08:32:44,21302,2438,44-BC-29,POINT (-9.195770263671875 38.72306823730469)
2825_753,18611_20250801_167_0_5,167_0,0,38.66749954223633,-9.172380447387695,8,IN_TRANSIT_TO,2025-08-23 08:32:28,14601,2825,BF-53-FZ,POINT (-9.172380447387695 38.66749954223633)
6029_760,7049_20250801_171_0_6,171_0,1,38.705299377441406,-9.178730010986328,23,IN_TRANSIT_TO,2025-08-23 08:32:28,12119,6029,BF-52-AX,POINT (-9.178730010986328 38.705299377441406)
2276_758,6777_20250801_150_0_6,150_0,1,38.75210189819336,-9.205430030822754,3,IN_TRANSIT_TO,2025-08-23 08:32:21,10901,2276,53-57-ZJ,POINT (-9.205430030822754 38.75210189819336)
2418_726,4298_20250801_116_0_5,116_0,0,38.738800048828125,-9.164799690246582,17,IN_TRANSIT_TO,2025-08-23 08:32:41,1601,2418,92-AO-54,POINT (-9.164799690246582 38.738800048828125)
2466_726,4281_20250801_116_0_5,116_0,0,38.767799377441406,-9.20438003540039,31,IN_TRANSIT_TO,2025-08-23 08:32:16,13902,2466,16-AZ-16,POINT (-9.20438003540039 38.767799377441406)
203_46B,21504_20250801_239_2_5,239_2,0,38.74692916870117,-9.140629768371582,2,IN_TRANSIT_TO,2025-08-23 08:32:43,208,203,89-59-XD,POINT (-9.140629768371582 38.74692916870117)
2224_742,19994_20250801_114_0_6,114_0,1,38.70732879638672,-9.196800231933594,10,IN_TRANSIT_TO,2025-08-23 08:32:21,10303,2224,08-15-XS,POINT (-9.196800231933594 38.70732879638672)
2213_742,5671_20250801_114_0_5,114_0,0,38.7027702331543,-9.180069923400879,40,IN_TRANSIT_TO,2025-08-23 08:32:28,12121,2213,08-04-XS,POINT (-9.180069923400879 38.7027702331543)
2212_742,5690_20250801_114_0_3,114_0,0,38.73649978637695,-9.150520324707031,24,IN_TRANSIT_TO,2025-08-23 08:31:56,1409,2212,08-05-XS,POINT (-9.150520324707031 38.73649978637695)
2205_742,5668_20250801_114_0_6,114_0,1,38.71392059326172,-9.19933032989502,1,IN_TRANSIT_TO,2025-08-23 08:32:34,10315,2205,01-71-XO,POINT (-9.19933032989502 38.71392059326172)
2216_720,4046_20250801_143_0_4,143_0,0,38.71110153198242,-9.164529800415039,21,IN_TRANSIT_TO,2025-08-23 08:32:43,10104,2216,08-00-XS,POINT (-9.164529800415039 38.71110153198242)
229_773,20087_20250801_124_0_4,124_0,1,38.71160125732422,-9.164079666137695,9,IN_TRANSIT_TO,2025-08-23 08:32:34,10108,229,97-24-XT,POINT (-9.164079666137695 38.71160125732422)
561_12E,11036_20250801_77_0_2,77_0,0,38.71538162231445,-9.135970115661621,0,IN_TRANSIT_TO,2025-08-23 08:32:21,,561,,POINT (-9.135970115661621 38.71538162231445)
566_24E,17837_20250801_213_0_7,213_0,1,38.71738052368164,-9.15011978149414,6,IN_TRANSIT_TO,2025-08-23 08:32:24,10608,566,,POINT (-9.15011978149414 38.71738052368164)
560_28E,14924_20250801_75_0_5,75_0,1,38.71282958984375,-9.129050254821777,24,IN_TRANSIT_TO,2025-08-23 08:32:35,13813,560,,POINT (-9.129050254821777 38.71282958984375)
565_12E,11022_20250801_77_0_3,77_0,1,38.70808029174805,-9.139949798583984,4,IN_TRANSIT_TO,2025-08-23 08:32:28,10519,565,,POINT (-9.139949798583984 38.70808029174805)
2237_768,19459_20250801_111_2_6,111_2,1,38.764320373535156,-9.198800086975098,17,IN_TRANSIT_TO,2025-08-23 08:32:19,13909,2237,06-27-XX,POINT (-9.198800086975098 38.764320373535156)
230_773,7392_20250801_124_0_10,124_0,1,38.7198486328125,-9.154000282287598,24,IN_TRANSIT_TO,2025-08-23 08:32:34,10607,230,13-33-XZ,POINT (-9.154000282287598 38.7198486328125)
6027_706,19501_20250801_147_0_7,147_0,1,38.71392059326172,-9.122300148010254,0,IN_TRANSIT_TO,2025-08-23 08:32:40,,6027,BF-66-BA,POINT (-9.122300148010254 38.71392059326172)
2242_724,19281_20250801_178_0_3,178_0,0,38.7564811706543,-9.200519561767578,23,IN_TRANSIT_TO,2025-08-23 08:32:21,13706,2242,22-42-ZB,POINT (-9.200519561767578 38.7564811706543)
407_22B,19425_20250801_236_0_3,236_0,0,38.7086296081543,-9.151849746704102,13,IN_TRANSIT_TO,2025-08-23 06:43:38,7106,407,BF-55-TT,POINT (-9.151849746704102 38.7086296081543)
2267_758,6803_20250801_150_0_7,150_0,0,38.72100067138672,-9.161479949951172,10,IN_TRANSIT_TO,2025-08-23 08:32:40,8513,2267,76-86-ZG,POINT (-9.161479949951172 38.72100067138672)
