id,trip_id,route_id,direction_id,latitude,longitude,current_stop_sequence,current_status,timestamp,stop_id,vehicle_id,license_plate,geometry
2689_723,4173_20250601_121_0_8,121_0,1,38.717071533203125,-9.210769653320312,12,IN_TRANSIT_TO,2025-07-04 10:28:31,10404,2689,93-XA-45,POINT (-9.210769653320312 38.717071533203125)
4648_750,6349_20250601_106_0_6,106_0,0,38.742919921875,-9.205169677734375,29,IN_TRANSIT_TO,2025-07-04 10:28:30,8814,4648,98-JO-47,POINT (-9.205169677734375 38.742919921875)
2302_742,5772_20250601_114_0_7,114_0,0,38.70307159423828,-9.181469917297363,41,IN_TRANSIT_TO,2025-07-04 10:28:21,12112,2302,83-08-ZM,POINT (-9.181469917297363 38.70307159423828)
611_15E,11251_20250601_76_0_7,76_0,0,38.6973991394043,-9.222620010375977,20,IN_TRANSIT_TO,2025-07-04 10:28:37,13204,611,,POINT (-9.222620010375977 38.6973991394043)
304_744,5806_20250601_200_0_6,200_0,1,38.76865005493164,-9.114330291748047,9,IN_TRANSIT_TO,2025-07-04 10:26:29,7710,304,22-SP-91,POINT (-9.114330291748047 38.76865005493164)
2254_758,6866_20250601_150_0_11,150_0,0,38.70920181274414,-9.143099784851074,2,IN_TRANSIT_TO,2025-07-04 10:26:54,3825,2254,80-51-ZE,POINT (-9.143099784851074 38.70920181274414)
6022_732,5079_20250601_107_0_4,107_0,1,38.75019836425781,-9.160499572753906,22,IN_TRANSIT_TO,2025-07-04 10:28:10,12101,6022,BF-48-BB,POINT (-9.160499572753906 38.75019836425781)
2992_52B,21660_20250601_244_0_7,244_0,0,38.74113082885742,-9.167880058288574,22,IN_TRANSIT_TO,2025-07-04 10:20:41,50472,2992,29-VM-95,POINT (-9.167880058288574 38.74113082885742)
603_15E,11277_20250601_76_0_9,76_0,0,38.703651428222656,-9.179269790649414,10,IN_TRANSIT_TO,2025-07-04 10:28:15,12116,603,,POINT (-9.179269790649414 38.703651428222656)
2766_712,3552_20250601_189_0_5,189_0,0,38.721168518066406,-9.127269744873047,8,IN_TRANSIT_TO,2025-07-04 10:28:18,9111,2766,AH-40-ND,POINT (-9.127269744873047 38.721168518066406)
2250_731,19403_20240727_190_0_8,190_0,1,38.78303146362305,-9.114009857177734,3,IN_TRANSIT_TO,2024-08-10 10:41:27,12610,2250,80-41-ZE,POINT (-9.114009857177734 38.78303146362305)
4602_750,6327_20250601_106_0_5,106_0,0,38.700870513916016,-9.227919578552246,40,IN_TRANSIT_TO,2025-07-04 10:27:58,4213,4602,96-GL-80,POINT (-9.227919578552246 38.700870513916016)
2292_731,5017_20250601_190_0_7,190_0,0,38.7641716003418,-9.118800163269043,22,IN_TRANSIT_TO,2025-07-04 10:25:14,8403,2292,83-16-ZM,POINT (-9.118800163269043 38.7641716003418)
2328_793,7996_20250601_145_0_10,145_0,0,38.73992156982422,-9.12399959564209,24,IN_TRANSIT_TO,2025-07-04 10:26:48,8912,2328,62-96-ZG,POINT (-9.12399959564209 38.73992156982422)
2321_742,5682_20250601_114_0_4,114_0,1,38.73136901855469,-9.111800193786621,54,IN_TRANSIT_TO,2025-07-04 10:28:23,8317,2321,04-47-ZF,POINT (-9.111800193786621 38.73136901855469)
4617_750,6332_20250601_106_0_6,106_0,0,38.69866943359375,-9.22760009765625,40,IN_TRANSIT_TO,2025-07-04 10:28:24,4213,4617,22-GP-51,POINT (-9.22760009765625 38.69866943359375)
4620_728,4576_20250601_204_0_7,204_0,1,38.70793151855469,-9.13838005065918,32,IN_TRANSIT_TO,2025-07-04 10:28:35,4502,4620,22-GP-54,POINT (-9.13838005065918 38.70793151855469)
2951_32B,17547_20250601_211_0_8,211_0,0,38.748050689697266,-9.107819557189941,24,IN_TRANSIT_TO,2025-07-04 10:28:17,2212,2951,62-GQ-53,POINT (-9.107819557189941 38.748050689697266)
2624_759,6953_20250601_144_0_6,144_0,1,38.74821853637695,-9.113550186157227,22,IN_TRANSIT_TO,2025-07-04 10:28:13,24375,2624,72-VP-82,POINT (-9.113550186157227 38.74821853637695)
4616_728,4676_20250601_204_0_6,204_0,0,38.726871490478516,-9.109700202941895,27,IN_TRANSIT_TO,2025-07-04 10:28:30,9809,4616,22-GP-50,POINT (-9.109700202941895 38.726871490478516)
2945_29B,17523_20250601_209_0_8,209_0,0,38.7648811340332,-9.124930381774902,28,IN_TRANSIT_TO,2025-07-04 10:27:28,7519,2945,75-GO-14,POINT (-9.124930381774902 38.7648811340332)
2949_79B,18670_20250601_221_0_5,221_0,0,38.69878005981445,-9.227129936218262,40,IN_TRANSIT_TO,2025-07-04 10:28:14,4208,2949,62-GQ-52,POINT (-9.227129936218262 38.69878005981445)
4646_750,6310_20250601_106_0_7,106_0,1,38.74515151977539,-9.202779769897461,12,IN_TRANSIT_TO,2025-07-04 10:28:10,8813,4646,11-JM-79,POINT (-9.202779769897461 38.74515151977539)
4631_783,7850_20250601_203_0_12,203_0,1,38.770118713378906,-9.126720428466797,10,IN_TRANSIT_TO,2025-06-30 15:27:01,12202,4631,02-JN-86,POINT (-9.126720428466797 38.770118713378906)
4818_728,4572_20250601_204_0_5,204_0,1,38.697669982910156,-9.1873197555542,41,IN_TRANSIT_TO,2025-07-04 10:28:34,9502,4818,42-VT-57,POINT (-9.1873197555542 38.697669982910156)
2692_738,5525_20250601_117_0_7,117_0,0,38.75577163696289,-9.168279647827148,3,IN_TRANSIT_TO,2025-07-04 10:28:20,50145,2692,90-XF-62,POINT (-9.168279647827148 38.75577163696289)
2691_746,5978_20250601_108_0_11,108_0,0,38.740230560302734,-9.167269706726074,9,IN_TRANSIT_TO,2025-07-04 10:28:12,50472,2691,90-XF-45,POINT (-9.167269706726074 38.740230560302734)
2690_750,6263_20250601_106_0_4,106_0,1,38.760101318359375,-9.103400230407715,36,IN_TRANSIT_TO,2025-07-04 10:28:21,2311,2690,99-XE-57,POINT (-9.103400230407715 38.760101318359375)
2669_714,3694_20250601_102_0_7,102_0,0,38.70399856567383,-9.208749771118164,23,IN_TRANSIT_TO,2025-07-04 10:28:35,13124,2669,87-XB-34,POINT (-9.208749771118164 38.70399856567383)
2695_764,7150_20250601_168_0_8,168_0,0,38.74396896362305,-9.205570220947266,21,IN_TRANSIT_TO,2025-07-04 10:28:31,8816,2695,90-XF-50,POINT (-9.205570220947266 38.74396896362305)
2705_709,3392_20250601_148_0_16,148_0,0,38.7244987487793,-9.1493501663208,4,IN_TRANSIT_TO,2025-07-04 10:28:10,1103,2705,92-XQ-29,POINT (-9.1493501663208 38.7244987487793)
6047_760,7093_20250601_171_0_5,171_0,0,38.711029052734375,-9.136030197143555,9,IN_TRANSIT_TO,2025-07-04 10:28:36,906,6047,BH-20-IP,POINT (-9.136030197143555 38.711029052734375)
6046_732,5094_20250601_107_0_5,107_0,1,38.710018157958984,-9.215299606323242,3,IN_TRANSIT_TO,2025-07-04 10:28:32,12401,6046,BH-73-IR,POINT (-9.215299606323242 38.710018157958984)
4618_750,6391_20250601_106_0_4,106_0,0,38.758399963378906,-9.140600204467773,11,IN_TRANSIT_TO,2025-07-04 10:28:27,11308,4618,22-GP-52,POINT (-9.140600204467773 38.758399963378906)
2946_26B,17519_20250601_208_0_8,208_0,1,38.758819580078125,-9.096850395202637,3,IN_TRANSIT_TO,2025-07-04 10:28:30,50294,2946,75-GO-15,POINT (-9.096850395202637 38.758819580078125)
2948_31B,17537_20250601_210_0_7,210_0,0,38.75619888305664,-9.113579750061035,33,IN_TRANSIT_TO,2025-07-04 09:54:54,8427,2948,51-GL-85,POINT (-9.113579750061035 38.75619888305664)
2676_713,3587_20250601_122_0_9,122_0,0,38.706199645996094,-9.173250198364258,29,IN_TRANSIT_TO,2025-07-04 10:27:57,9417,2676,87-XB-40,POINT (-9.173250198364258 38.706199645996094)
2671_746,5953_20250601_108_0_10,108_0,1,38.75075149536133,-9.201680183410645,4,IN_TRANSIT_TO,2025-07-04 10:28:29,10901,2671,87-XB-43,POINT (-9.201680183410645 38.75075149536133)
2672_723,4140_20250601_121_0_7,121_0,0,38.6976203918457,-9.214579582214355,27,IN_TRANSIT_TO,2025-07-04 10:28:26,9707,2672,87-XB-44,POINT (-9.214579582214355 38.6976203918457)
2670_738,5541_20250601_117_0_5,117_0,1,38.74274826049805,-9.146730422973633,22,IN_TRANSIT_TO,2025-07-04 10:28:22,1903,2670,87-XB-32,POINT (-9.146730422973633 38.74274826049805)
2964_72B,45263_20250601_279_0_7,279_0,0,38.74597930908203,-9.206469535827637,12,IN_TRANSIT_TO,2025-07-04 10:27:57,2907,2964,30-VM-19,POINT (-9.206469535827637 38.74597930908203)
2962_737,5486_20250601_173_0_16,173_0,1,38.71152114868164,-9.132920265197754,2,IN_TRANSIT_TO,2025-07-04 10:28:24,13808,2962,30-VM-07,POINT (-9.132920265197754 38.71152114868164)
2961_730,4959_20250601_198_0_10,198_0,0,38.73619842529297,-9.120050430297852,2,IN_TRANSIT_TO,2025-07-04 10:27:40,50050,2961,26-VD-02,POINT (-9.120050430297852 38.73619842529297)
4623_783,7839_20250601_203_0_6,203_0,1,38.74802017211914,-9.148619651794434,19,IN_TRANSIT_TO,2025-07-04 10:28:25,2006,4623,27-JO-12,POINT (-9.148619651794434 38.74802017211914)
510_15E,11540_20250601_76_0_7,76_0,1,38.702301025390625,-9.180669784545898,12,IN_TRANSIT_TO,2025-07-04 10:28:17,9503,510,,POINT (-9.180669784545898 38.702301025390625)
604_15E,11199_20250601_76_0_8,76_0,1,38.706329345703125,-9.148619651794434,19,IN_TRANSIT_TO,2025-07-04 10:28:30,7101,604,,POINT (-9.148619651794434 38.706329345703125)
2718_727,4506_20250601_103_0_4,103_0,1,38.738948822021484,-9.146069526672363,41,IN_TRANSIT_TO,2025-07-04 10:28:25,1805,2718,92-XQ-23,POINT (-9.146069526672363 38.738948822021484)
547_28E,15021_20250601_75_0_7,75_0,1,38.715450286865234,-9.13202953338623,0,IN_TRANSIT_TO,2025-07-04 10:28:14,,547,,POINT (-9.13202953338623 38.715450286865234)
6014_760,7107_20250601_171_0_8,171_0,1,38.71004867553711,-9.135120391845703,32,IN_TRANSIT_TO,2025-07-04 10:28:10,5519,6014,67-ZF-30,POINT (-9.135120391845703 38.71004867553711)
6049_760,7092_20250601_171_0_8,171_0,0,38.704219818115234,-9.173629760742188,17,IN_TRANSIT_TO,2025-07-04 10:28:22,4004,6049,BH-47-IR,POINT (-9.173629760742188 38.704219818115234)
2723_723,4143_20250601_121_0_7,121_0,0,38.71377944946289,-9.196399688720703,16,IN_TRANSIT_TO,2025-07-04 10:28:23,10315,2723,92-XQ-43,POINT (-9.196399688720703 38.71377944946289)
2827_748,6178_20250601_169_0_4,169_0,0,38.72560119628906,-9.151029586791992,1,IN_TRANSIT_TO,2025-07-04 10:28:03,1229,2827,BF-61-FZ,POINT (-9.151029586791992 38.72560119628906)
2347_731,4973_20250601_190_0_7,190_0,0,38.7398681640625,-9.167099952697754,1,IN_TRANSIT_TO,2025-07-04 10:28:38,50038,2347,53-61-ZJ,POINT (-9.167099952697754 38.7398681640625)
2741_720,4090_20250601_143_0_6,143_0,1,38.73225021362305,-9.142720222473145,19,IN_TRANSIT_TO,2025-07-04 10:28:10,1709,2741,AG-99-TG,POINT (-9.142720222473145 38.73225021362305)
2658_714,3634_20250601_102_0_8,102_0,1,38.70209884643555,-9.180870056152344,26,IN_TRANSIT_TO,2025-07-04 10:28:22,9503,2658,05-VZ-71,POINT (-9.180870056152344 38.70209884643555)
4634_783,7850_20250601_203_0_7,203_0,0,38.770450592041016,-9.123629570007324,20,IN_TRANSIT_TO,2025-07-04 10:28:22,7603,4634,11-JM-78,POINT (-9.123629570007324 38.770450592041016)
2493_708,3302_20250601_100_0_6,100_0,1,38.77437973022461,-9.0974702835083,13,IN_TRANSIT_TO,2025-07-04 10:27:52,7824,2493,88-BL-65,POINT (-9.0974702835083 38.77437973022461)
2288_758,6858_20250601_150_0_7,150_0,0,38.71778106689453,-9.151530265808105,6,IN_TRANSIT_TO,2025-07-04 10:28:28,10605,2288,92-59-ZM,POINT (-9.151530265808105 38.71778106689453)
2417_767,7265_20250601_112_0_6,112_0,1,38.758880615234375,-9.156169891357422,28,IN_TRANSIT_TO,2025-07-04 10:28:11,5808,2417,50-AL-06,POINT (-9.156169891357422 38.758880615234375)
608_15E,11225_20250601_76_0_8,76_0,1,38.695430755615234,-9.211799621582031,5,IN_TRANSIT_TO,2025-07-04 10:28:11,13205,608,,POINT (-9.211799621582031 38.695430755615234)
2979_702,3064_20250601_146_0_18,146_0,1,38.72563171386719,-9.150420188903809,13,IN_TRANSIT_TO,2025-07-04 10:28:30,50197,2979,30-VM-17,POINT (-9.150420188903809 38.72563171386719)
610_15E,11185_20250601_76_0_6,76_0,1,38.709320068359375,-9.13621997833252,22,IN_TRANSIT_TO,2025-07-04 10:28:32,5512,610,,POINT (-9.13621997833252 38.709320068359375)
2257_703,3132_20250601_165_0_7,165_0,0,38.76918029785156,-9.179149627685547,23,IN_TRANSIT_TO,2025-07-04 10:28:19,5934,2257,80-50-ZE,POINT (-9.179149627685547 38.76918029785156)
2628_781,7758_20250601_151_0_7,151_0,1,38.76055145263672,-9.111980438232422,15,IN_TRANSIT_TO,2025-07-04 10:28:15,8413,2628,52-VP-82,POINT (-9.111980438232422 38.76055145263672)
2301_793,7985_20250601_145_0_11,145_0,1,38.73942947387695,-9.12382984161377,6,IN_TRANSIT_TO,2025-07-04 10:27:06,8908,2301,83-12-ZM,POINT (-9.12382984161377 38.73942947387695)
6015_732,5086_20250601_107_0_5,107_0,1,38.711978912353516,-9.135880470275879,31,IN_TRANSIT_TO,2025-07-04 10:28:05,913,6015,69-ZF-01,POINT (-9.135880470275879 38.711978912353516)
271_76B,18629_20250601_219_0_11,219_0,0,38.70566940307617,-9.202400207519531,22,IN_TRANSIT_TO,2025-07-04 10:27:53,13113,271,AH-27-IN,POINT (-9.202400207519531 38.70566940307617)
6007_747,6116_20250601_177_0_9,177_0,0,38.76457977294922,-9.15701961517334,3,IN_TRANSIT_TO,2025-07-04 10:28:37,5811,6007,80-ZC-62,POINT (-9.15701961517334 38.76457977294922)
4601_750,6403_20250601_106_0_7,106_0,0,38.768348693847656,-9.104570388793945,1,IN_TRANSIT_TO,2025-07-04 10:28:20,7813,4601,96-GL-79,POINT (-9.104570388793945 38.768348693847656)
2765_712,3562_20250601_189_0_7,189_0,1,38.73268127441406,-9.134269714355469,23,IN_TRANSIT_TO,2025-07-04 10:28:06,505,2765,AH-37-ND,POINT (-9.134269714355469 38.73268127441406)
2978_79B,18660_20250601_221_0_5,221_0,0,38.712120056152344,-9.214529991149902,37,IN_TRANSIT_TO,2025-07-04 10:28:27,9714,2978,29-VM-92,POINT (-9.214529991149902 38.712120056152344)
4633_736,5302_20250601_199_0_6,199_0,1,38.74879837036133,-9.148920059204102,18,IN_TRANSIT_TO,2025-07-04 10:28:07,2006,4633,90-JI-94,POINT (-9.148920059204102 38.74879837036133)
2270_768,7340_20250601_111_0_8,111_0,0,38.749149322509766,-9.180100440979004,11,IN_TRANSIT_TO,2025-07-04 10:28:20,10710,2270,76-82-ZG,POINT (-9.180100440979004 38.749149322509766)
2430_747,6123_20250601_177_0_10,177_0,1,38.76436996459961,-9.166729927062988,16,IN_TRANSIT_TO,2025-07-04 10:28:10,50006,2430,29-AX-12,POINT (-9.166729927062988 38.76436996459961)
2779_712,3530_20250601_189_0_7,189_0,1,38.72758102416992,-9.161930084228516,12,IN_TRANSIT_TO,2025-07-04 10:28:21,6101,2779,AI-02-BT,POINT (-9.161930084228516 38.72758102416992)
2495_742,5723_20250601_114_0_5,114_0,1,38.72312927246094,-9.11476993560791,50,IN_TRANSIT_TO,2025-07-04 10:28:34,9805,2495,88-BL-69,POINT (-9.11476993560791 38.72312927246094)
6038_732,5035_20250601_107_0_4,107_0,0,38.704750061035156,-9.176950454711914,26,IN_TRANSIT_TO,2025-07-04 10:28:03,12102,6038,BG-46-LV,POINT (-9.176950454711914 38.704750061035156)
4833_736,5342_20250601_199_0_8,199_0,1,38.786800384521484,-9.180450439453125,2,IN_TRANSIT_TO,2025-07-04 10:28:28,15103,4833,20-VQ-65,POINT (-9.180450439453125 38.786800384521484)
6009_760,7064_20250601_171_0_7,171_0,0,38.708648681640625,-9.196069717407227,28,IN_TRANSIT_TO,2025-07-04 10:28:35,10304,6009,81-ZC-18,POINT (-9.196069717407227 38.708648681640625)
2345_724,4227_20250601_178_0_12,178_0,1,38.74502944946289,-9.198030471801758,12,IN_TRANSIT_TO,2025-07-04 10:28:23,2802,2345,53-59-ZJ,POINT (-9.198030471801758 38.74502944946289)
2965_45B,45289_20250601_277_0_7,277_0,1,38.77510070800781,-9.146829605102539,26,IN_TRANSIT_TO,2025-07-04 10:28:21,11501,2965,29-VM-97,POINT (-9.146829605102539 38.77510070800781)
6023_706,3233_20250601_147_0_3,147_0,0,38.7253303527832,-9.146069526672363,14,IN_TRANSIT_TO,2025-07-04 10:28:33,1218,6023,BF-03-BD,POINT (-9.146069526672363 38.7253303527832)
4815_751,6519_20250601_109_0_5,109_0,1,38.70943069458008,-9.173800468444824,26,IN_TRANSIT_TO,2025-07-04 10:28:14,9415,4815,34-VR-24,POINT (-9.173800468444824 38.70943069458008)
4821_736,5403_20250601_199_0_7,199_0,0,38.7338981628418,-9.14465045928955,7,IN_TRANSIT_TO,2025-07-04 10:28:12,1807,4821,20-VQ-68,POINT (-9.14465045928955 38.7338981628418)
2824_751,6511_20250601_109_0_7,109_0,0,38.69744873046875,-9.194720268249512,13,IN_TRANSIT_TO,2025-07-04 10:28:09,9508,2824,BF-67-FZ,POINT (-9.194720268249512 38.69744873046875)
2697_714,3675_20250601_102_0_8,102_0,1,38.72407150268555,-9.227529525756836,0,IN_TRANSIT_TO,2025-07-04 10:28:34,,2697,90-XF-59,POINT (-9.227529525756836 38.72407150268555)
2601_705,3189_20250601_176_0_7,176_0,0,38.77724838256836,-9.126850128173828,14,IN_TRANSIT_TO,2025-07-04 10:28:16,50101,2601,04-VA-70,POINT (-9.126850128173828 38.77724838256836)
2264_771,21931_20250601_248_0_11,248_0,1,38.709999084472656,-9.19474983215332,6,IN_TRANSIT_TO,2025-07-04 10:28:18,10304,2264,76-90-ZG,POINT (-9.19474983215332 38.709999084472656)
2706_727,4509_20250601_103_0_5,103_0,1,38.71969985961914,-9.155630111694336,33,IN_TRANSIT_TO,2025-07-04 10:28:18,6817,2706,92-XQ-46,POINT (-9.155630111694336 38.71969985961914)
2653_735,5250_20250601_172_0_7,172_0,0,38.73733139038086,-9.13366985321045,20,IN_TRANSIT_TO,2025-07-04 10:28:35,414,2653,05-VZ-52,POINT (-9.13366985321045 38.73733139038086)
4806_728,4616_20250601_204_0_7,204_0,1,38.77914810180664,-9.105030059814453,3,IN_TRANSIT_TO,2025-07-04 10:27:59,12619,4806,20-VQ-74,POINT (-9.105030059814453 38.77914810180664)
2988_774,7456_20250601_192_0_9,192_0,0,38.726768493652344,-9.144570350646973,12,IN_TRANSIT_TO,2025-07-04 10:28:37,6609,2988,29-VM-94,POINT (-9.144570350646973 38.726768493652344)
2743_755,6692_20250601_118_0_8,118_0,0,38.75392150878906,-9.156220436096191,35,IN_TRANSIT_TO,2025-07-04 10:28:19,5703,2743,AG-02-TH,POINT (-9.156220436096191 38.75392150878906)
2657_714,3692_20250601_102_0_5,102_0,0,38.72452926635742,-9.214420318603516,32,IN_TRANSIT_TO,2025-07-04 10:28:18,14006,2657,05-VZ-66,POINT (-9.214420318603516 38.72452926635742)
4830_736,5420_20250601_199_0_9,199_0,0,38.715118408203125,-9.141050338745117,1,IN_TRANSIT_TO,2025-07-04 10:28:13,901,4830,20-VQ-63,POINT (-9.141050338745117 38.715118408203125)
6005_706,3262_20250601_147_0_7,147_0,1,38.72272872924805,-9.149450302124023,22,IN_TRANSIT_TO,2025-07-04 10:28:32,1211,6005,81-ZC-91,POINT (-9.149450302124023 38.72272872924805)
2619_722,4126_20250601_196_0_7,196_0,0,38.75926971435547,-9.129779815673828,19,IN_TRANSIT_TO,2025-07-04 10:28:35,7507,2619,66-VI-37,POINT (-9.129779815673828 38.75926971435547)
2991_770,7363_20250601_191_0_10,191_0,0,38.742069244384766,-9.168299674987793,0,IN_TRANSIT_TO,2025-07-04 10:28:24,,2991,29-VM-89,POINT (-9.168299674987793 38.742069244384766)
4820_728,4592_20250601_204_0_7,204_0,1,38.7135009765625,-9.122779846191406,29,IN_TRANSIT_TO,2025-07-04 10:27:59,2114,4820,20-VQ-62,POINT (-9.122779846191406 38.7135009765625)
2704_727,4555_20250601_103_0_5,103_0,0,38.706451416015625,-9.15839958190918,22,IN_TRANSIT_TO,2025-07-04 10:28:25,50593,2704,92-XQ-18,POINT (-9.15839958190918 38.706451416015625)
573_28E,14957_20250601_75_0_6,75_0,0,38.71052169799805,-9.14348030090332,15,IN_TRANSIT_TO,2025-07-04 10:27:42,10512,573,,POINT (-9.14348030090332 38.71052169799805)
2737_720,4080_20250601_143_0_8,143_0,1,38.73817825317383,-9.121020317077637,31,IN_TRANSIT_TO,2025-07-04 10:28:22,8906,2737,AG-45-EI,POINT (-9.121020317077637 38.73817825317383)
2609_759,6972_20250601_144_0_7,144_0,0,38.773529052734375,-9.116379737854004,36,IN_TRANSIT_TO,2025-07-04 10:28:24,12210,2609,66-VI-36,POINT (-9.116379737854004 38.773529052734375)
2721_711,3448_20250601_101_0_8,101_0,1,38.74922180175781,-9.213020324707031,5,IN_TRANSIT_TO,2025-07-04 10:28:10,3018,2721,92-XQ-37,POINT (-9.213020324707031 38.74922180175781)
2981_72B,45264_20250601_279_0_6,279_0,0,38.74810028076172,-9.19137954711914,26,IN_TRANSIT_TO,2025-07-04 10:28:15,10803,2981,29-VM-86,POINT (-9.19137954711914 38.74810028076172)
2618_744,5834_20250601_200_0_7,200_0,0,38.74300003051758,-9.146820068359375,8,IN_TRANSIT_TO,2025-07-04 10:28:32,1901,2618,66-VI-42,POINT (-9.146820068359375 38.74300003051758)
548_28E,14905_20250601_75_0_5,75_0,1,38.715049743652344,-9.128769874572754,35,IN_TRANSIT_TO,2025-07-04 10:28:17,5602,548,,POINT (-9.128769874572754 38.715049743652344)
2733_735,5181_20250601_172_0_6,172_0,1,38.7086181640625,-9.133469581604004,33,IN_TRANSIT_TO,2025-07-04 10:28:19,4502,2733,AG-41-EI,POINT (-9.133469581604004 38.7086181640625)
2468_703,3165_20250601_165_0_6,165_0,1,38.756778717041016,-9.185529708862305,9,IN_TRANSIT_TO,2025-07-04 10:28:17,10813,2468,16-AZ-10,POINT (-9.185529708862305 38.756778717041016)
2664_738,5552_20250601_117_0_5,117_0,1,38.71181869506836,-9.163629531860352,9,IN_TRANSIT_TO,2025-07-04 10:27:15,10101,2664,05-VZ-68,POINT (-9.163629531860352 38.71181869506836)
2308_708,3305_20250601_100_0_6,100_0,1,38.7942008972168,-9.103599548339844,0,IN_TRANSIT_TO,2025-07-04 10:28:07,,2308,83-17-ZM,POINT (-9.103599548339844 38.7942008972168)
541_28E,14894_20250601_75_0_5,75_0,1,38.71443176269531,-9.168350219726562,0,IN_TRANSIT_TO,2025-07-04 10:28:13,,541,,POINT (-9.168350219726562 38.71443176269531)
2612_722,4115_20250601_196_0_7,196_0,1,38.7629508972168,-9.130020141601562,16,IN_TRANSIT_TO,2025-07-04 10:28:28,7602,2612,66-VI-29,POINT (-9.130020141601562 38.7629508972168)
2736_735,5266_20250601_172_0_7,172_0,0,38.720550537109375,-9.12382984161377,11,IN_TRANSIT_TO,2025-07-04 10:28:37,9113,2736,AG-47-EI,POINT (-9.12382984161377 38.720550537109375)
6042_706,3207_20250601_147_0_7,147_0,1,38.730918884277344,-9.127030372619629,10,IN_TRANSIT_TO,2025-07-04 10:28:29,7015,6042,BG-97-LU,POINT (-9.127030372619629 38.730918884277344)
542_28E,14995_20250601_75_0_5,75_0,1,38.71522903442383,-9.13599967956543,37,IN_TRANSIT_TO,2025-07-04 10:28:34,50620,542,,POINT (-9.13599967956543 38.71522903442383)
2713_711,3504_20250601_101_0_5,101_0,1,38.70983123779297,-9.138230323791504,33,IN_TRANSIT_TO,2025-07-04 10:28:18,5510,2713,92-XQ-34,POINT (-9.138230323791504 38.70983123779297)
2635_759,6900_20250601_144_0_5,144_0,0,38.72282028198242,-9.11538028717041,10,IN_TRANSIT_TO,2025-07-04 10:28:16,9813,2635,52-VP-90,POINT (-9.11538028717041 38.72282028198242)
2799_714,3656_20250601_102_0_8,102_0,1,38.710121154785156,-9.21522045135498,13,IN_TRANSIT_TO,2025-07-04 10:28:32,12401,2799,AJ-52-LI,POINT (-9.21522045135498 38.710121154785156)
2258_758,6842_20250601_150_0_7,150_0,0,38.74177932739258,-9.168680191040039,18,IN_TRANSIT_TO,2025-07-04 10:28:18,50472,2258,53-58-ZJ,POINT (-9.168680191040039 38.74177932739258)
2769_754,6580_20250601_201_0_7,201_0,1,38.73590087890625,-9.209449768066406,4,IN_TRANSIT_TO,2025-07-04 10:28:10,50254,2769,AH-19-ND,POINT (-9.209449768066406 38.73590087890625)
556_18E,12180_20250601_78_0_11,78_0,0,38.704750061035156,-9.177419662475586,0,IN_TRANSIT_TO,2025-07-04 10:28:27,,556,,POINT (-9.177419662475586 38.704750061035156)
571_25E,14262_20250601_79_0_9,79_0,1,38.71255111694336,-9.137450218200684,19,IN_TRANSIT_TO,2025-07-04 10:28:32,50621,571,,POINT (-9.137450218200684 38.71255111694336)
582_25E,14254_20250601_79_0_10,79_0,0,38.70756912231445,-9.161419868469238,9,IN_TRANSIT_TO,2025-07-04 10:28:10,10008,582,,POINT (-9.161419868469238 38.70756912231445)
2652_735,5262_20250601_172_0_7,172_0,0,38.74440002441406,-9.139269828796387,24,IN_TRANSIT_TO,2025-07-04 10:28:15,307,2652,05-VZ-61,POINT (-9.139269828796387 38.74440002441406)
2626_744,5845_20250601_200_0_5,200_0,1,38.74182891845703,-9.147080421447754,25,IN_TRANSIT_TO,2025-07-04 10:28:32,1902,2626,52-VP-86,POINT (-9.147080421447754 38.74182891845703)
2620_759,6936_20250601_144_0_6,144_0,1,38.71617126464844,-9.11987018585205,40,IN_TRANSIT_TO,2025-07-04 10:28:08,2128,2620,66-VI-33,POINT (-9.11987018585205 38.71617126464844)
2829_728,4704_20250601_204_0_6,204_0,0,38.70233154296875,-9.206649780273438,8,IN_TRANSIT_TO,2025-07-04 10:28:06,9605,2829,BF-58-FZ,POINT (-9.206649780273438 38.70233154296875)
2622_781,7750_20250601_151_0_7,151_0,1,38.708221435546875,-9.137120246887207,27,IN_TRANSIT_TO,2025-07-04 10:28:24,4502,2622,66-VI-21,POINT (-9.137120246887207 38.708221435546875)
2656_727,4533_20250601_103_0_5,103_0,1,38.70502853393555,-9.170419692993164,20,IN_TRANSIT_TO,2025-07-04 10:28:05,9418,2656,05-VZ-53,POINT (-9.170419692993164 38.70502853393555)
2975_730,4972_20250601_198_0_8,198_0,1,38.73318099975586,-9.132399559020996,12,IN_TRANSIT_TO,2025-07-04 10:28:17,504,2975,30-VM-11,POINT (-9.132399559020996 38.73318099975586)
2982_774,7429_20250601_192_0_15,192_0,0,38.717071533203125,-9.169569969177246,2,IN_TRANSIT_TO,2025-07-04 10:28:02,8012,2982,30-VM-23,POINT (-9.169569969177246 38.717071533203125)
2990_52B,21670_20250601_244_0_7,244_0,0,38.738731384277344,-9.144220352172852,13,IN_TRANSIT_TO,2025-07-04 10:28:09,50544,2990,30-VM-06,POINT (-9.144220352172852 38.738731384277344)
2976_34B,19140_20250601_226_0_6,226_0,0,38.727081298828125,-9.110819816589355,11,IN_TRANSIT_TO,2025-07-04 10:28:13,8301,2976,30-VM-00,POINT (-9.110819816589355 38.727081298828125)
2616_781,7719_20250601_151_0_8,151_0,1,38.790130615234375,-9.123900413513184,0,IN_TRANSIT_TO,2025-07-04 10:28:37,,2616,66-VI-44,POINT (-9.123900413513184 38.790130615234375)
2702_776,7488_20250601_193_0_21,193_0,1,38.701969146728516,-9.251449584960938,3,IN_TRANSIT_TO,2025-07-04 10:28:26,4307,2702,92-XQ-21,POINT (-9.251449584960938 38.701969146728516)
2604_781,7745_20250601_151_0_8,151_0,0,38.708370208740234,-9.136549949645996,2,IN_TRANSIT_TO,2025-07-04 10:28:38,3824,2604,66-VI-32,POINT (-9.136549949645996 38.708370208740234)
552_25E,14269_20250601_79_0_7,79_0,1,38.706329345703125,-9.148969650268555,14,IN_TRANSIT_TO,2025-07-04 10:28:29,3913,552,,POINT (-9.148969650268555 38.706329345703125)
2605_759,6971_20250601_144_0_7,144_0,0,38.77471923828125,-9.103930473327637,43,IN_TRANSIT_TO,2025-07-04 10:28:27,7812,2605,66-VI-35,POINT (-9.103930473327637 38.77471923828125)
2980_774,7449_20250601_192_0_14,192_0,1,38.72393035888672,-9.14717960357666,4,IN_TRANSIT_TO,2025-07-04 10:28:13,1217,2980,29-VM-90,POINT (-9.14717960357666 38.72393035888672)
2663_714,3697_20240914_102_0_16,102_0,1,38.72127151489258,-9.221500396728516,4,IN_TRANSIT_TO,2024-10-22 20:26:58,18703,2663,05-VZ-62,POINT (-9.221500396728516 38.72127151489258)
581_28E,14969_20250601_75_0_8,75_0,0,38.712520599365234,-9.13070011138916,5,IN_TRANSIT_TO,2025-07-04 10:28:27,13809,581,,POINT (-9.13070011138916 38.712520599365234)
6043_760,7021_20250601_171_0_6,171_0,1,38.703948974609375,-9.172980308532715,25,IN_TRANSIT_TO,2025-07-04 10:28:08,4001,6043,BG-93-LT,POINT (-9.172980308532715 38.703948974609375)
1714_701,2980_20250601_123_0_10,123_0,0,38.75381851196289,-9.168829917907715,11,IN_TRANSIT_TO,2025-07-04 10:28:33,13619,1714,69-AL-77,POINT (-9.168829917907715 38.75381851196289)
545_25E,14261_20250601_79_0_10,79_0,0,38.70787048339844,-9.159079551696777,7,IN_TRANSIT_TO,2025-07-04 10:28:12,50594,545,,POINT (-9.159079551696777 38.70787048339844)
2995_55B,21533_20250601_240_0_10,240_0,0,38.756500244140625,-9.186269760131836,18,IN_TRANSIT_TO,2025-07-04 10:28:23,12802,2995,30-VM-15,POINT (-9.186269760131836 38.756500244140625)
543_24E,17841_20250601_213_0_14,213_0,0,38.7105712890625,-9.143019676208496,0,IN_TRANSIT_TO,2025-07-04 10:28:16,,543,,POINT (-9.143019676208496 38.7105712890625)
4804_751,6450_20250601_109_0_12,109_0,1,38.7158203125,-9.235480308532715,0,IN_TRANSIT_TO,2025-07-04 10:28:19,,4804,53-VR-07,POINT (-9.235480308532715 38.7158203125)
550_28E,14983_20250601_75_0_6,75_0,0,38.71601867675781,-9.13284969329834,3,IN_TRANSIT_TO,2025-07-04 10:28:24,13824,550,,POINT (-9.13284969329834 38.71601867675781)
2708_738,5509_20250601_117_0_6,117_0,0,38.71138000488281,-9.16427993774414,27,IN_TRANSIT_TO,2025-07-04 10:28:16,8102,2708,92-XQ-32,POINT (-9.16427993774414 38.71138000488281)
4813_728,4712_20250601_204_0_5,204_0,1,38.70077133178711,-9.177619934082031,40,IN_TRANSIT_TO,2025-07-04 10:28:22,4002,4813,68-VQ-50,POINT (-9.177619934082031 38.70077133178711)
2696_711,3466_20250601_101_0_5,101_0,0,38.745269775390625,-9.203969955444336,20,IN_TRANSIT_TO,2025-07-04 10:28:31,8811,2696,90-XF-63,POINT (-9.203969955444336 38.745269775390625)
578_28E,15038_20250601_75_0_4,75_0,0,38.71670150756836,-9.13545036315918,1,IN_TRANSIT_TO,2025-06-06 13:01:53,819,578,,POINT (-9.13545036315918 38.71670150756836)
507_15E,11261_20250601_76_0_8,76_0,0,38.69501876831055,-9.214619636535645,19,IN_TRANSIT_TO,2025-07-04 10:28:37,13206,507,,POINT (-9.214619636535645 38.69501876831055)
2427_767,7295_20250601_112_0_6,112_0,1,38.74687957763672,-9.216119766235352,3,IN_TRANSIT_TO,2025-07-04 10:28:19,3015,2427,29-AX-14,POINT (-9.216119766235352 38.74687957763672)
572_12E,11031_20250601_77_0_9,77_0,0,38.71223068237305,-9.130419731140137,6,IN_TRANSIT_TO,2025-07-04 10:27:56,13812,572,,POINT (-9.130419731140137 38.71223068237305)
264_734,5137_20250601_205_0_11,205_0,1,38.72563171386719,-9.133000373840332,12,IN_TRANSIT_TO,2025-07-04 10:28:30,603,264,AG-42-OV,POINT (-9.133000373840332 38.72563171386719)
2641_744,5842_20250601_200_0_6,200_0,1,38.71553039550781,-9.141900062561035,33,IN_TRANSIT_TO,2025-07-04 10:23:43,1002,2641,75-VS-49,POINT (-9.141900062561035 38.71553039550781)
268_734,5136_20250601_205_0_11,205_0,0,38.71992111206055,-9.13556957244873,2,IN_TRANSIT_TO,2025-07-04 10:28:38,803,268,AH-56-CZ,POINT (-9.13556957244873 38.71992111206055)
4817_728,4636_20250601_204_0_6,204_0,0,38.783668518066406,-9.113980293273926,52,IN_TRANSIT_TO,2025-07-04 10:28:09,12610,4817,00-VV-37,POINT (-9.113980293273926 38.783668518066406)
2987_730,4955_20250601_198_0_8,198_0,0,38.72283172607422,-9.138480186462402,20,IN_TRANSIT_TO,2025-07-04 10:28:36,9201,2987,29-VM-99,POINT (-9.138480186462402 38.72283172607422)
2660_713,3571_20250601_122_0_8,122_0,1,38.72468185424805,-9.173069953918457,2,IN_TRANSIT_TO,2025-07-04 10:28:19,2704,2660,05-VZ-60,POINT (-9.173069953918457 38.72468185424805)
2655_709,3404_20250601_148_0_11,148_0,1,38.72251892089844,-9.147820472717285,8,IN_TRANSIT_TO,2025-07-04 10:28:21,1216,2655,05-VZ-67,POINT (-9.147820472717285 38.72251892089844)
269_28E,44754_20250601_75_8_24,75_8,0,38.715171813964844,-9.136329650878906,0,IN_TRANSIT_TO,2025-07-04 10:28:17,,269,AG-25-NH,POINT (-9.136329650878906 38.715171813964844)
2650_709,3389_20250601_148_0_14,148_0,0,38.71437072753906,-9.161970138549805,9,IN_TRANSIT_TO,2025-07-04 10:27:50,8104,2650,75-VS-50,POINT (-9.161970138549805 38.71437072753906)
4644_728,4696_20250601_204_0_4,204_0,0,38.70732879638672,-9.140830039978027,20,IN_TRANSIT_TO,2025-07-04 10:28:16,3824,4644,27-JO-11,POINT (-9.140830039978027 38.70732879638672)
2740_756,6736_20250601_175_0_9,175_0,1,38.74208068847656,-9.141469955444336,15,IN_TRANSIT_TO,2025-07-04 10:28:20,1908,2740,AG-43-EI,POINT (-9.141469955444336 38.74208068847656)
2984_774,7436_20250601_192_0_14,192_0,1,38.72105026245117,-9.161979675292969,10,IN_TRANSIT_TO,2025-07-04 10:28:34,8519,2984,30-VM-04,POINT (-9.161979675292969 38.72105026245117)
2630_722,4109_20250601_196_0_6,196_0,1,38.72262954711914,-9.14799976348877,32,IN_TRANSIT_TO,2025-07-04 10:28:28,1206,2630,52-VP-89,POINT (-9.14799976348877 38.72262954711914)
2651_735,5203_20250601_172_0_6,172_0,1,38.73109817504883,-9.127900123596191,18,IN_TRANSIT_TO,2025-07-04 10:28:11,7004,2651,05-VZ-54,POINT (-9.127900123596191 38.73109817504883)
2645_759,6933_20250601_144_0_4,144_0,1,38.71446990966797,-9.12168025970459,40,IN_TRANSIT_TO,2025-07-04 10:28:12,2128,2645,87-VS-49,POINT (-9.12168025970459 38.71446990966797)
2983_71B,45257_20250601_278_0_6,278_0,0,38.74473190307617,-9.198869705200195,7,IN_TRANSIT_TO,2025-07-04 10:27:39,2805,2983,30-VM-08,POINT (-9.198869705200195 38.74473190307617)
2627_705,3179_20250601_176_0_8,176_0,1,38.7752799987793,-9.110919952392578,19,IN_TRANSIT_TO,2025-07-04 10:28:19,12308,2627,52-VP-83,POINT (-9.110919952392578 38.7752799987793)
274_73B,18772_20250601_220_0_18,220_0,0,38.716148376464844,-9.23134994506836,36,IN_TRANSIT_TO,2025-07-04 01:00:32,50380,274,AH-14-TB,POINT (-9.23134994506836 38.716148376464844)
2742_720,4058_20250601_143_0_6,143_0,0,38.73265075683594,-9.14109992980957,10,IN_TRANSIT_TO,2025-07-04 10:28:34,11105,2742,AG-94-TG,POINT (-9.14109992980957 38.73265075683594)
2725_727,4525_20250601_103_0_5,103_0,1,38.70854949951172,-9.150569915771484,27,IN_TRANSIT_TO,2025-07-04 10:28:13,3922,2725,92-XQ-30,POINT (-9.150569915771484 38.70854949951172)
2608_744,5812_20250601_200_0_8,200_0,1,38.77186965942383,-9.101380348205566,0,IN_TRANSIT_TO,2025-07-04 10:28:36,,2608,66-VI-39,POINT (-9.101380348205566 38.77186965942383)
2719_746,5994_20250601_108_0_6,108_0,1,38.73337936401367,-9.153220176696777,21,IN_TRANSIT_TO,2025-07-04 10:28:04,1404,2719,92-XQ-17,POINT (-9.153220176696777 38.73337936401367)
2631_705,3185_20250601_176_0_7,176_0,0,38.743919372558594,-9.13401985168457,25,IN_TRANSIT_TO,2025-07-04 10:28:36,308,2631,52-VP-80,POINT (-9.13401985168457 38.743919372558594)
2722_711,3514_20250601_101_0_8,101_0,1,38.743778228759766,-9.205750465393066,11,IN_TRANSIT_TO,2025-07-04 10:28:28,8814,2722,92-XQ-36,POINT (-9.205750465393066 38.743778228759766)
2735_720,4097_20250601_143_0_9,143_0,1,38.70452880859375,-9.184900283813477,2,IN_TRANSIT_TO,2025-07-04 10:28:10,12003,2735,AG-37-EI,POINT (-9.184900283813477 38.70452880859375)
6045_760,7041_20250601_171_0_8,171_0,1,38.70772171020508,-9.196720123291016,14,IN_TRANSIT_TO,2025-07-04 10:28:33,10303,6045,BH-32-IQ,POINT (-9.196720123291016 38.70772171020508)
2274_731,5006_20250601_190_0_5,190_0,1,38.78396987915039,-9.111350059509277,4,IN_TRANSIT_TO,2025-07-04 10:22:23,50121,2274,76-79-ZG,POINT (-9.111350059509277 38.78396987915039)
2247_731,4995_20250601_190_0_6,190_0,1,38.76203155517578,-9.123579978942871,20,IN_TRANSIT_TO,2025-07-04 10:26:38,7506,2247,22-34-ZB,POINT (-9.123579978942871 38.76203155517578)
2330_796,8139_20250601_174_0_15,174_0,0,38.781978607177734,-9.162850379943848,8,IN_TRANSIT_TO,2025-07-04 10:28:25,7217,2330,67-52-ZJ,POINT (-9.162850379943848 38.781978607177734)
2428_767,7273_20250601_112_0_6,112_0,1,38.76165008544922,-9.165180206298828,26,IN_TRANSIT_TO,2025-07-04 10:28:20,50014,2428,29-AX-13,POINT (-9.165180206298828 38.76165008544922)
2327_796,8143_20250601_174_0_17,174_0,0,38.76118087768555,-9.157230377197266,0,IN_TRANSIT_TO,2025-07-04 10:28:38,,2327,67-53-ZJ,POINT (-9.157230377197266 38.76118087768555)
2310_742,5740_20250601_114_0_7,114_0,1,38.72867965698242,-9.15958023071289,31,IN_TRANSIT_TO,2025-07-04 10:28:32,6106,2310,83-07-ZM,POINT (-9.15958023071289 38.72867965698242)
253_58B,19290_20250601_227_0_9,227_0,0,38.74020004272461,-9.173419952392578,19,IN_TRANSIT_TO,2025-07-04 10:28:03,50417,253,AF-88-NU,POINT (-9.173419952392578 38.74020004272461)
2443_726,4266_20250601_116_0_6,116_0,1,38.759578704833984,-9.190670013427734,5,IN_TRANSIT_TO,2025-07-04 10:28:14,12813,2443,29-AX-05,POINT (-9.190670013427734 38.759578704833984)
2490_794,8074_20250601_115_0_8,115_0,1,38.753021240234375,-9.105520248413086,6,IN_TRANSIT_TO,2025-07-04 10:28:10,2312,2490,55-BH-01,POINT (-9.105520248413086 38.753021240234375)
2750_756,6721_20250601_175_0_10,175_0,0,38.739078521728516,-9.126079559326172,3,IN_TRANSIT_TO,2025-07-04 10:28:36,8905,2750,AG-10-TH,POINT (-9.126079559326172 38.739078521728516)
2780_727,4448_20250601_103_0_4,103_0,0,38.730899810791016,-9.146499633789062,11,IN_TRANSIT_TO,2025-07-04 10:28:23,1704,2780,AI-06-BT,POINT (-9.146499633789062 38.730899810791016)
2785_723,4162_20250601_121_0_7,121_0,0,38.72536849975586,-9.148550033569336,6,IN_TRANSIT_TO,2025-07-04 10:28:03,1202,2785,AI-05-BT,POINT (-9.148550033569336 38.72536849975586)
2471_729,4781_20250601_104_0_5,104_0,0,38.755531311035156,-9.19480037689209,9,IN_TRANSIT_TO,2025-07-04 10:27:09,12821,2471,74-BC-70,POINT (-9.19480037689209 38.755531311035156)
2709_727,4540_20250601_103_0_5,103_0,1,38.70153045654297,-9.202619552612305,10,IN_TRANSIT_TO,2025-07-04 10:28:37,13309,2709,92-XQ-42,POINT (-9.202619552612305 38.70153045654297)
2286_724,4197_20250601_178_0_11,178_0,0,38.76422882080078,-9.197420120239258,27,IN_TRANSIT_TO,2025-07-04 10:28:28,13912,2286,67-42-ZJ,POINT (-9.197420120239258 38.76422882080078)
2299_708,3280_20250601_100_0_7,100_0,1,38.76158142089844,-9.121780395507812,28,IN_TRANSIT_TO,2025-07-04 10:28:26,7504,2299,83-14-ZM,POINT (-9.121780395507812 38.76158142089844)
6013_732,5045_20250601_107_0_5,107_0,0,38.70637130737305,-9.147250175476074,20,IN_TRANSIT_TO,2025-07-04 10:28:09,3802,6013,68-ZF-53,POINT (-9.147250175476074 38.70637130737305)
2478_703,3157_20250601_165_0_8,165_0,0,38.7817497253418,-9.158699989318848,13,IN_TRANSIT_TO,2025-07-04 10:28:12,5931,2478,91-BE-80,POINT (-9.158699989318848 38.7817497253418)
1778_720,4039_20250601_143_0_9,143_0,0,38.71686935424805,-9.157950401306152,18,IN_TRANSIT_TO,2025-07-04 10:28:33,6802,1778,63-HX-30,POINT (-9.157950401306152 38.71686935424805)
1751_794,8044_20250601_115_0_5,115_0,1,38.7351188659668,-9.11715030670166,28,IN_TRANSIT_TO,2025-07-04 10:26:24,3601,1751,34-HU-17,POINT (-9.11715030670166 38.7351188659668)
2812_718,3970_20250601_105_0_8,105_0,0,38.73775100708008,-9.103050231933594,13,IN_TRANSIT_TO,2025-07-04 10:26:07,12510,2812,90-II-61,POINT (-9.103050231933594 38.73775100708008)
2496_701,2977_20250601_123_0_6,123_0,0,38.7252311706543,-9.163579940795898,27,IN_TRANSIT_TO,2025-07-04 10:28:37,8507,2496,88-BL-70,POINT (-9.163579940795898 38.7252311706543)
2814_718,3932_20250601_105_0_7,105_0,1,38.735801696777344,-9.104029655456543,19,IN_TRANSIT_TO,2025-07-04 10:27:50,12505,2814,90-II-54,POINT (-9.104029655456543 38.735801696777344)
2819_718,3965_20250601_105_0_8,105_0,0,38.725521087646484,-9.11870002746582,22,IN_TRANSIT_TO,2025-07-04 10:27:59,9802,2819,90-II-59,POINT (-9.11870002746582 38.725521087646484)
2970_737,5501_20250601_173_0_11,173_0,0,38.71049880981445,-9.135950088500977,1,IN_TRANSIT_TO,2025-07-04 10:28:14,912,2970,29-VM-87,POINT (-9.135950088500977 38.71049880981445)
1747_717,3769_20250601_170_0_8,170_0,1,38.77439880371094,-9.152050018310547,17,IN_TRANSIT_TO,2025-07-04 10:28:21,11505,1747,92-HR-04,POINT (-9.152050018310547 38.77439880371094)
2969_702,3058_20250601_146_0_13,146_0,0,38.728981018066406,-9.165849685668945,6,IN_TRANSIT_TO,2025-07-04 10:28:07,6109,2969,30-VM-09,POINT (-9.165849685668945 38.728981018066406)
1746_742,5754_20250601_114_0_5,114_0,1,38.70343017578125,-9.191699981689453,15,IN_TRANSIT_TO,2025-07-04 10:28:20,13405,1746,92-HR-03,POINT (-9.191699981689453 38.70343017578125)
4636_736,5411_20250601_199_0_7,199_0,0,38.74536895751953,-9.147350311279297,9,IN_TRANSIT_TO,2025-07-04 10:28:19,1901,4636,90-JI-97,POINT (-9.147350311279297 38.74536895751953)
2802_725,4251_20250601_197_0_15,197_0,0,38.774879455566406,-9.105400085449219,5,IN_TRANSIT_TO,2025-07-04 10:23:48,7908,2802,01-IH-91,POINT (-9.105400085449219 38.774879455566406)
2807_718,3943_20250601_105_0_9,105_0,1,38.73310089111328,-9.132280349731445,5,IN_TRANSIT_TO,2025-07-04 10:28:34,522,2807,01-IH-96,POINT (-9.132280349731445 38.73310089111328)
2968_71B,45256_20250601_278_0_7,278_0,0,38.733028411865234,-9.205920219421387,12,IN_TRANSIT_TO,2025-07-04 10:28:32,50612,2968,30-VM-24,POINT (-9.205920219421387 38.733028411865234)
2806_749,6204_20250601_195_0_11,195_0,1,38.74602127075195,-9.110480308532715,7,IN_TRANSIT_TO,2025-07-04 10:28:22,2219,2806,01-IH-95,POINT (-9.110480308532715 38.74602127075195)
2960_40B,17557_20250601_212_0_8,212_0,0,38.77886962890625,-9.159729957580566,23,IN_TRANSIT_TO,2025-07-04 10:28:07,5927,2960,27-GU-75,POINT (-9.159729957580566 38.77886962890625)
2453_729,4762_20250601_104_0_6,104_0,0,38.72132873535156,-9.197230339050293,22,IN_TRANSIT_TO,2025-07-04 10:28:03,21301,2453,16-AZ-13,POINT (-9.197230339050293 38.72132873535156)
2459_729,4759_20250601_104_0_5,104_0,0,38.69578170776367,-9.210729598999023,36,IN_TRANSIT_TO,2025-07-04 10:28:33,13210,2459,74-BC-74,POINT (-9.210729598999023 38.69578170776367)
401_67B,28214_20250601_253_0_7,253_0,0,38.713321685791016,-9.162070274353027,2,IN_TRANSIT_TO,2025-07-04 10:27:59,8102,401,BF-60-TR,POINT (-9.162070274353027 38.713321685791016)
4640_736,5386_20250601_199_0_7,199_0,0,38.774600982666016,-9.161820411682129,20,IN_TRANSIT_TO,2025-07-04 10:28:05,5907,4640,02-JN-87,POINT (-9.161820411682129 38.774600982666016)
1752_717,3861_20250601_170_0_8,170_0,1,38.73762893676758,-9.133819580078125,38,IN_TRANSIT_TO,2025-07-04 10:28:10,404,1752,34-HU-18,POINT (-9.133819580078125 38.73762893676758)
231_17B,21712_20250601_247_0_6,247_0,0,38.724971771240234,-9.14037036895752,9,IN_TRANSIT_TO,2025-07-04 10:28:14,6901,231,84-47-XQ,POINT (-9.14037036895752 38.724971771240234)
2455_729,4806_20250601_104_0_7,104_0,1,38.74977111816406,-9.194299697875977,31,IN_TRANSIT_TO,2025-07-04 10:23:52,10835,2455,16-AZ-12,POINT (-9.194299697875977 38.74977111816406)
2411_768,7320_20250601_111_2_10,111_2,1,38.75920104980469,-9.187350273132324,35,IN_TRANSIT_TO,2025-06-19 13:58:49,13509,2411,62-AL-11,POINT (-9.187350273132324 38.75920104980469)
2700_764,7134_20250601_168_0_8,168_0,1,38.74441909790039,-9.197400093078613,15,IN_TRANSIT_TO,2025-07-04 10:28:03,2811,2700,92-XQ-26,POINT (-9.197400093078613 38.74441909790039)
2311_796,8112_20250601_174_0_16,174_0,1,38.778228759765625,-9.164270401000977,9,IN_TRANSIT_TO,2025-07-04 10:28:18,7214,2311,72-23-XN,POINT (-9.164270401000977 38.778228759765625)
2667_754,6614_20250601_201_0_7,201_0,0,38.74259948730469,-9.146699905395508,2,IN_TRANSIT_TO,2025-07-04 10:28:25,1904,2667,87-XB-45,POINT (-9.146699905395508 38.74259948730469)
2251_747,6085_20250601_177_0_8,177_0,1,38.7641487121582,-9.176630020141602,13,IN_TRANSIT_TO,2025-07-04 10:28:27,50022,2251,22-31-ZB,POINT (-9.176630020141602 38.7641487121582)
2410_726,4310_20250601_116_0_7,116_0,0,38.726680755615234,-9.136480331420898,4,IN_TRANSIT_TO,2025-07-04 10:28:19,605,2410,92-AO-46,POINT (-9.136480331420898 38.726680755615234)
2280_758,6798_20250601_150_0_6,150_0,1,38.75204849243164,-9.205479621887207,3,IN_TRANSIT_TO,2025-07-04 10:28:22,10901,2280,67-40-ZJ,POINT (-9.205479621887207 38.75204849243164)
2794_714,3631_20250601_102_0_8,102_0,1,38.706478118896484,-9.150400161743164,36,IN_TRANSIT_TO,2025-07-04 10:28:10,3927,2794,AJ-60-LI,POINT (-9.150400161743164 38.706478118896484)
4608_728,4720_20250601_204_4_2,204_4,1,38.708370208740234,-9.133330345153809,5,IN_TRANSIT_TO,2025-07-04 10:28:16,4502,4608,96-GL-85,POINT (-9.133330345153809 38.708370208740234)
2777_712,3544_20250601_189_0_7,189_0,0,38.71902084350586,-9.171219825744629,30,IN_TRANSIT_TO,2025-07-04 10:28:09,8010,2777,AI-01-BT,POINT (-9.171219825744629 38.71902084350586)
2762_712,3560_20250601_189_0_6,189_0,1,38.71792984008789,-9.122949600219727,33,IN_TRANSIT_TO,2025-07-04 10:28:05,9124,2762,AH-38-ND,POINT (-9.122949600219727 38.71792984008789)
2710_723,4179_20250601_121_0_6,121_0,1,38.698631286621094,-9.227399826049805,0,IN_TRANSIT_TO,2025-07-04 10:28:35,,2710,92-XQ-19,POINT (-9.227399826049805 38.698631286621094)
2623_781,7735_20250601_151_0_7,151_0,0,38.757720947265625,-9.109530448913574,15,IN_TRANSIT_TO,2025-07-04 10:28:36,2302,2623,66-VI-26,POINT (-9.109530448913574 38.757720947265625)
2734_720,4091_20250601_143_0_8,143_0,1,38.71205139160156,-9.163370132446289,10,IN_TRANSIT_TO,2025-07-04 10:27:29,10103,2734,AG-50-EI,POINT (-9.163370132446289 38.71205139160156)
2450_778,18643_20250601_179_0_8,179_0,0,38.7529296875,-9.189519882202148,23,IN_TRANSIT_TO,2025-07-04 10:28:31,50403,2450,44-BC-36,POINT (-9.189519882202148 38.7529296875)
2746_755,6656_20250601_118_0_9,118_0,1,38.75400161743164,-9.144550323486328,10,IN_TRANSIT_TO,2025-07-04 10:28:38,104,2746,AG-97-TG,POINT (-9.144550323486328 38.75400161743164)
2483_703,3099_20250601_165_0_8,165_0,1,38.74974822998047,-9.19752025604248,5,IN_TRANSIT_TO,2025-07-04 10:28:27,2803,2483,74-BC-66,POINT (-9.19752025604248 38.74974822998047)
1711_701,2951_20250601_123_0_11,123_0,1,38.75,-9.172699928283691,14,IN_TRANSIT_TO,2025-07-04 10:23:04,12709,1711,69-AL-74,POINT (-9.172699928283691 38.75)
2300_708,3324_20250601_100_0_6,100_0,0,38.774330139160156,-9.097149848937988,30,IN_TRANSIT_TO,2025-07-04 10:27:08,7823,2300,83-13-ZM,POINT (-9.097149848937988 38.774330139160156)
1721_794,8098_20250601_115_0_8,115_0,0,38.751949310302734,-9.115900039672852,27,IN_TRANSIT_TO,2025-07-04 10:28:36,24378,1721,25-AS-33,POINT (-9.115900039672852 38.751949310302734)
1773_756,6737_20250601_175_0_11,175_0,1,38.73387145996094,-9.16372013092041,10,IN_TRANSIT_TO,2025-07-04 10:28:27,6125,1773,53-HX-06,POINT (-9.16372013092041 38.73387145996094)
2284_747,6107_20250601_177_0_10,177_0,0,38.765968322753906,-9.19832992553711,19,IN_TRANSIT_TO,2025-07-04 10:28:14,14111,2284,67-36-ZJ,POINT (-9.19832992553711 38.765968322753906)
1706_717,3791_20250601_170_0_8,170_0,1,38.79827880859375,-9.146550178527832,0,IN_TRANSIT_TO,2025-07-04 10:28:25,,1706,69-AL-69,POINT (-9.146550178527832 38.79827880859375)
1710_701,2933_20250601_123_0_11,123_0,1,38.75931930541992,-9.154820442199707,29,IN_TRANSIT_TO,2025-07-04 10:28:27,5805,1710,69-AL-73,POINT (-9.154820442199707 38.75931930541992)
1713_783,7824_20250601_203_0_8,203_0,1,38.72507858276367,-9.154729843139648,28,IN_TRANSIT_TO,2025-07-04 10:28:38,1209,1713,69-AL-76,POINT (-9.154729843139648 38.72507858276367)
2480_716,3720_20250601_164_0_12,164_0,1,38.749568939208984,-9.203300476074219,0,IN_TRANSIT_TO,2025-07-04 10:28:22,,2480,91-BE-75,POINT (-9.203300476074219 38.749568939208984)
217_13B,21590_20250601_243_0_9,243_0,0,38.72119903564453,-9.127030372619629,21,IN_TRANSIT_TO,2025-07-04 10:28:04,9111,217,29-98-XM,POINT (-9.127030372619629 38.72119903564453)
2767_727,4549_20250601_103_0_5,103_0,0,38.69779968261719,-9.20460033416748,37,IN_TRANSIT_TO,2025-07-04 10:28:26,9604,2767,AH-34-ND,POINT (-9.20460033416748 38.69779968261719)
2454_703,3106_20250601_165_0_6,165_0,0,38.74946975708008,-9.192319869995117,34,IN_TRANSIT_TO,2025-07-04 10:15:59,10804,2454,16-AZ-18,POINT (-9.192319869995117 38.74946975708008)
2482_726,4330_20250601_116_0_6,116_0,1,38.73324966430664,-9.141280174255371,26,IN_TRANSIT_TO,2025-07-04 10:28:07,11105,2482,55-BH-02,POINT (-9.141280174255371 38.73324966430664)
2801_725,4241_20250601_197_0_16,197_0,1,38.77375030517578,-9.104780197143555,11,IN_TRANSIT_TO,2025-07-04 10:25:25,7812,2801,38-HU-27,POINT (-9.104780197143555 38.77375030517578)
1780_735,5270_20250601_172_0_4,172_0,1,38.70804977416992,-9.13325023651123,32,IN_TRANSIT_TO,2025-07-04 10:28:09,8202,1780,63-HX-18,POINT (-9.13325023651123 38.70804977416992)
1769_742,5726_20250601_114_0_4,114_0,1,38.725399017333984,-9.163379669189453,29,IN_TRANSIT_TO,2025-07-04 10:28:23,8508,1769,63-HX-24,POINT (-9.163379669189453 38.725399017333984)
1767_742,5765_20250601_114_0_4,114_0,0,38.70838165283203,-9.196020126342773,50,IN_TRANSIT_TO,2025-07-04 10:28:09,10304,1767,63-HX-29,POINT (-9.196020126342773 38.70838165283203)
2255_724,4198_20250601_178_0_7,178_0,0,38.74457931518555,-9.195480346679688,15,IN_TRANSIT_TO,2025-07-04 10:28:10,2809,2255,80-54-ZE,POINT (-9.195480346679688 38.74457931518555)
2768_738,5520_20250601_117_0_7,117_0,0,38.72024917602539,-9.153969764709473,23,IN_TRANSIT_TO,2025-07-04 10:28:28,6806,2768,AH-25-ND,POINT (-9.153969764709473 38.72024917602539)
2666_714,3702_20250601_102_0_7,102_0,0,38.704750061035156,-9.177630424499512,13,IN_TRANSIT_TO,2025-07-04 10:28:37,12121,2666,87-XB-39,POINT (-9.177630424499512 38.704750061035156)
1759_735,5229_20250601_172_0_8,172_0,1,38.75505065917969,-9.150779724121094,4,IN_TRANSIT_TO,2025-07-04 10:28:36,5706,1759,34-HU-25,POINT (-9.150779724121094 38.75505065917969)
1757_717,3813_20250601_170_0_7,170_0,0,38.77727127075195,-9.146479606628418,29,IN_TRANSIT_TO,2025-07-04 10:28:13,11511,1757,34-HU-23,POINT (-9.146479606628418 38.77727127075195)
2433_778,7528_20250601_179_0_11,179_0,0,38.76163101196289,-9.166569709777832,3,IN_TRANSIT_TO,2025-07-04 10:27:53,50013,2433,44-BC-28,POINT (-9.166569709777832 38.76163101196289)
2239_731,5021_20250601_190_0_7,190_0,0,38.74720001220703,-9.156700134277344,10,IN_TRANSIT_TO,2025-07-04 10:28:13,3311,2239,06-30-XX,POINT (-9.156700134277344 38.74720001220703)
2774_711,3488_20250601_101_0_7,101_0,0,38.724369049072266,-9.149230003356934,6,IN_TRANSIT_TO,2025-07-04 10:28:15,1103,2774,AH-22-ND,POINT (-9.149230003356934 38.724369049072266)
405_734,5147_20250601_205_0_11,205_0,1,38.71712875366211,-9.12975025177002,5,IN_TRANSIT_TO,2025-07-04 10:28:24,14801,405,BF-14-TU,POINT (-9.12975025177002 38.71712875366211)
2469_703,3161_20250601_165_0_8,165_0,1,38.77967071533203,-9.159819602966309,28,IN_TRANSIT_TO,2025-07-04 10:28:16,5922,2469,16-AZ-09,POINT (-9.159819602966309 38.77967071533203)
2747_756,6720_20250601_175_0_10,175_0,0,38.733821868896484,-9.163949966430664,15,IN_TRANSIT_TO,2025-07-04 10:28:38,1514,2747,AG-09-TH,POINT (-9.163949966430664 38.733821868896484)
1704_701,2969_20250601_123_0_8,123_0,1,38.72404861450195,-9.165399551391602,5,IN_TRANSIT_TO,2025-07-04 10:28:22,8610,1704,35-AL-14,POINT (-9.165399551391602 38.72404861450195)
1772_793,7975_20250601_145_0_10,145_0,1,38.74203109741211,-9.10824966430664,22,IN_TRANSIT_TO,2025-07-04 10:27:21,50173,1772,63-HX-22,POINT (-9.10824966430664 38.74203109741211)
1718_783,7840_20250601_203_0_8,203_0,1,38.78042984008789,-9.120180130004883,5,IN_TRANSIT_TO,2025-07-04 10:26:40,12602,1718,69-AL-81,POINT (-9.120180130004883 38.78042984008789)
2467_726,4288_20250601_116_0_7,116_0,0,38.760250091552734,-9.182820320129395,24,IN_TRANSIT_TO,2025-07-04 10:27:52,12804,2467,16-AZ-14,POINT (-9.182820320129395 38.760250091552734)
1760_755,6693_20250601_118_0_8,118_0,0,38.746219635009766,-9.104630470275879,6,IN_TRANSIT_TO,2025-07-04 10:28:16,2207,1760,34-HU-26,POINT (-9.104630470275879 38.746219635009766)
2757_746,5983_20250601_108_0_9,108_0,0,38.73231887817383,-9.152170181274414,3,IN_TRANSIT_TO,2025-07-04 10:28:30,1401,2757,AH-32-ND,POINT (-9.152170181274414 38.73231887817383)
2823_753,18784_20250601_167_0_11,167_0,0,38.725250244140625,-9.152179718017578,4,IN_TRANSIT_TO,2025-07-04 10:28:10,1209,2823,BF-64-FZ,POINT (-9.152179718017578 38.725250244140625)
2473_729,4826_20250601_104_0_7,104_0,1,38.69736862182617,-9.20365047454834,6,IN_TRANSIT_TO,2025-07-04 10:28:11,9603,2473,74-BC-68,POINT (-9.20365047454834 38.69736862182617)
1758_794,8032_20250601_115_0_8,115_0,0,38.71931838989258,-9.11633014678955,4,IN_TRANSIT_TO,2025-07-04 10:28:09,2127,1758,34-HU-24,POINT (-9.11633014678955 38.71931838989258)
2333_793,8006_20250601_145_0_10,145_0,0,38.740631103515625,-9.10906982421875,9,IN_TRANSIT_TO,2025-07-04 10:28:11,50172,2333,62-97-ZG,POINT (-9.10906982421875 38.740631103515625)
2422_767,7296_20250601_112_0_5,112_0,0,38.753448486328125,-9.19618034362793,34,IN_TRANSIT_TO,2025-07-04 10:28:19,10912,2422,29-AU-17,POINT (-9.19618034362793 38.753448486328125)
2285_771,21939_20250601_248_0_10,248_0,0,38.73072052001953,-9.162480354309082,6,IN_TRANSIT_TO,2025-07-04 10:28:33,6124,2285,67-55-ZJ,POINT (-9.162480354309082 38.73072052001953)
2423_771,21927_20250601_248_0_9,248_0,1,38.72412872314453,-9.181480407714844,15,IN_TRANSIT_TO,2025-07-04 10:27:00,50324,2423,29-AU-18,POINT (-9.181480407714844 38.72412872314453)
218_773,7412_20250601_124_0_14,124_0,1,38.71352005004883,-9.159629821777344,12,IN_TRANSIT_TO,2025-07-04 10:28:27,8111,218,11-13-XO,POINT (-9.159629821777344 38.71352005004883)
2833_753,6574_20250601_167_0_11,167_0,0,38.69533157348633,-9.17846965789795,7,IN_TRANSIT_TO,2025-07-04 10:28:12,8607,2833,BF-65-FZ,POINT (-9.17846965789795 38.69533157348633)
1766_717,3812_20250601_170_0_4,170_0,0,38.79861831665039,-9.147529602050781,40,IN_TRANSIT_TO,2025-07-04 10:28:34,16002,1766,63-HX-33,POINT (-9.147529602050781 38.79861831665039)
2465_716,3749_20250601_164_0_10,164_0,1,38.737979888916016,-9.156920433044434,17,IN_TRANSIT_TO,2025-07-04 10:28:11,1508,2465,55-BH-00,POINT (-9.156920433044434 38.737979888916016)
2271_763,46417_20250601_282_0_9,282_0,0,38.764671325683594,-9.19944953918457,17,IN_TRANSIT_TO,2025-07-04 10:28:16,13909,2271,92-54-ZM,POINT (-9.19944953918457 38.764671325683594)
1776_717,3835_20250601_170_0_8,170_0,0,38.75455093383789,-9.138799667358398,9,IN_TRANSIT_TO,2025-07-04 10:28:27,11201,1776,53-HX-09,POINT (-9.138799667358398 38.75455093383789)
4603_750,6266_20250601_106_0_7,106_0,1,38.762481689453125,-9.130049705505371,30,IN_TRANSIT_TO,2025-07-04 10:28:36,7501,4603,96-GL-81,POINT (-9.130049705505371 38.762481689453125)
1761_755,6637_20250601_118_0_6,118_0,1,38.75804901123047,-9.12304973602295,22,IN_TRANSIT_TO,2025-07-04 10:28:37,14706,1761,63-HX-19,POINT (-9.12304973602295 38.75804901123047)
4605_728,4726_20250601_204_4_3,204_4,1,38.703521728515625,-9.164629936218262,11,IN_TRANSIT_TO,2025-07-04 10:28:07,3906,4605,31-GN-72,POINT (-9.164629936218262 38.703521728515625)
2477_729,4803_20250601_104_0_7,104_0,1,38.7692985534668,-9.189220428466797,42,IN_TRANSIT_TO,2025-07-04 10:28:27,14106,2477,91-BE-73,POINT (-9.189220428466797 38.7692985534668)
2484_726,4343_20250601_116_0_6,116_0,1,38.73780059814453,-9.155599594116211,21,IN_TRANSIT_TO,2025-07-04 10:28:08,1504,2484,91-BE-76,POINT (-9.155599594116211 38.73780059814453)
601_15E,11312_20250601_76_0_9,76_0,0,38.713069915771484,-9.137829780578613,0,IN_TRANSIT_TO,2025-07-04 10:28:35,,601,,POINT (-9.137829780578613 38.713069915771484)
605_15E,11300_20250601_76_0_7,76_0,0,38.709228515625,-9.135330200195312,1,IN_TRANSIT_TO,2025-07-04 10:28:03,50620,605,,POINT (-9.135330200195312 38.709228515625)
2240_768,7336_20250601_111_0_10,111_0,0,38.766448974609375,-9.197919845581055,21,IN_TRANSIT_TO,2025-07-04 10:28:36,13906,2240,06-31-XX,POINT (-9.197919845581055 38.766448974609375)
2786_713,3597_20250601_122_0_5,122_0,0,38.72943115234375,-9.15863037109375,8,IN_TRANSIT_TO,2025-07-04 10:28:10,6117,2786,AI-52-TL,POINT (-9.15863037109375 38.72943115234375)
2838_751,6439_20250601_109_0_9,109_0,1,38.70180130004883,-9.219200134277344,13,IN_TRANSIT_TO,2025-07-04 10:28:14,9710,2838,BF-59-FZ,POINT (-9.219200134277344 38.70180130004883)
2401_726,4327_20250601_116_0_4,116_0,1,38.728431701660156,-9.134730339050293,32,IN_TRANSIT_TO,2025-07-04 10:28:12,505,2401,50-AL-14,POINT (-9.134730339050293 38.728431701660156)
2485_726,4269_20250601_116_0_5,116_0,0,38.767818450927734,-9.204580307006836,30,IN_TRANSIT_TO,2025-07-04 10:24:17,13902,2485,91-BE-77,POINT (-9.204580307006836 38.767818450927734)
2408_778,18639_20250601_179_0_12,179_0,1,38.76816940307617,-9.169599533081055,16,IN_TRANSIT_TO,2025-07-04 10:28:15,50028,2408,50-AL-08,POINT (-9.169599533081055 38.76816940307617)
2776_727,4445_20250601_103_0_5,103_0,0,38.720001220703125,-9.155150413513184,16,IN_TRANSIT_TO,2025-07-04 10:28:11,6810,2776,AI-07-BT,POINT (-9.155150413513184 38.720001220703125)
606_15E,11209_20250601_76_0_8,76_0,1,38.70011901855469,-9.183520317077637,11,IN_TRANSIT_TO,2025-07-04 10:28:37,9505,606,,POINT (-9.183520317077637 38.70011901855469)
2748_755,6678_20250601_118_0_6,118_0,1,38.7418212890625,-9.16882038116455,0,IN_TRANSIT_TO,2025-07-04 10:28:20,,2748,AG-96-TG,POINT (-9.16882038116455 38.7418212890625)
4840_783,7804_20250601_203_0_7,203_0,0,38.725128173828125,-9.151470184326172,3,IN_TRANSIT_TO,2025-07-04 10:28:18,50197,4840,45-VX-93,POINT (-9.151470184326172 38.725128173828125)
4609_728,4656_20250601_204_0_4,204_0,0,38.769981384277344,-9.104350090026855,44,IN_TRANSIT_TO,2025-07-04 10:28:30,7803,4609,96-GL-86,POINT (-9.104350090026855 38.769981384277344)
204_49B,22212_20250601_251_0_8,251_0,0,38.745418548583984,-9.135169982910156,17,IN_TRANSIT_TO,2025-07-04 10:28:32,50109,204,89-71-XD,POINT (-9.135169982910156 38.745418548583984)
1724_717,3834_20250601_170_0_8,170_0,0,38.773529052734375,-9.161600112915039,19,IN_TRANSIT_TO,2025-07-04 10:28:19,5903,1724,25-AS-36,POINT (-9.161600112915039 38.773529052734375)
2753_751,6482_20250601_109_0_9,109_0,0,38.70132827758789,-9.227100372314453,24,IN_TRANSIT_TO,2025-07-04 10:28:32,4202,2753,AG-08-TH,POINT (-9.227100372314453 38.70132827758789)
2941_29B,17533_20250601_209_0_7,209_0,0,38.777950286865234,-9.117899894714355,20,IN_TRANSIT_TO,2025-07-04 10:28:29,50349,2941,51-GL-81,POINT (-9.117899894714355 38.777950286865234)
2289_731,5013_20250601_190_0_5,190_0,0,38.77473068237305,-9.103619575500488,29,IN_TRANSIT_TO,2025-06-20 07:26:48,7807,2289,92-60-ZM,POINT (-9.103619575500488 38.77473068237305)
2451_703,3121_20250601_165_0_7,165_0,0,38.757598876953125,-9.18552017211914,31,IN_TRANSIT_TO,2025-07-04 10:28:16,12824,2451,75-AQ-16,POINT (-9.18552017211914 38.757598876953125)
2405_767,7186_20250601_112_0_5,112_0,0,38.75577163696289,-9.15155029296875,17,IN_TRANSIT_TO,2025-07-04 10:28:20,5707,2405,50-AL-10,POINT (-9.15155029296875 38.75577163696289)
2788_754,6600_20250601_201_0_7,201_0,0,38.74822998046875,-9.180919647216797,13,IN_TRANSIT_TO,2025-07-04 10:28:30,10702,2788,AI-51-TL,POINT (-9.180919647216797 38.74822998046875)
2434_767,7232_20250601_112_0_4,112_0,1,38.7287712097168,-9.14033031463623,41,IN_TRANSIT_TO,2025-07-04 10:27:36,6903,2434,29-AU-24,POINT (-9.14033031463623 38.7287712097168)
2464_716,3736_20250601_164_0_7,164_0,0,38.73992919921875,-9.150199890136719,6,IN_TRANSIT_TO,2025-07-04 10:28:38,1407,2464,91-BE-71,POINT (-9.150199890136719 38.73992919921875)
223_773,7405_20250601_124_0_14,124_0,1,38.710819244384766,-9.158829689025879,16,IN_TRANSIT_TO,2025-07-04 10:28:29,10006,223,84-38-XQ,POINT (-9.158829689025879 38.710819244384766)
206_46B,21508_20250601_239_0_6,239_0,0,38.75912857055664,-9.137120246887207,13,IN_TRANSIT_TO,2025-07-04 10:28:11,11316,206,33-49-XH,POINT (-9.137120246887207 38.75912857055664)
2773_712,3546_20250601_189_0_7,189_0,0,38.72673034667969,-9.134920120239258,17,IN_TRANSIT_TO,2025-07-04 10:28:24,610,2773,AH-39-ND,POINT (-9.134920120239258 38.72673034667969)
6012_732,5056_20250601_107_0_5,107_0,0,38.72291946411133,-9.148070335388184,13,IN_TRANSIT_TO,2025-07-04 10:28:27,1212,6012,67-ZF-26,POINT (-9.148070335388184 38.72291946411133)
4838_736,5322_20250601_199_0_8,199_0,1,38.77616882324219,-9.163479804992676,8,IN_TRANSIT_TO,2025-07-04 10:28:18,5910,4838,34-VR-22,POINT (-9.163479804992676 38.77616882324219)
2438_767,7197_20250601_112_0_5,112_0,0,38.74224853515625,-9.138079643249512,10,IN_TRANSIT_TO,2025-07-04 10:28:30,6405,2438,44-BC-29,POINT (-9.138079643249512 38.74224853515625)
2825_753,6562_20250601_167_0_12,167_0,1,38.721229553222656,-9.17300033569336,2,IN_TRANSIT_TO,2025-07-04 10:28:26,14602,2825,BF-53-FZ,POINT (-9.17300033569336 38.721229553222656)
2276_799,8214_20250601_120_0_10,120_0,0,38.73691940307617,-9.222519874572754,21,IN_TRANSIT_TO,2025-07-04 10:28:17,18122,2276,53-57-ZJ,POINT (-9.222519874572754 38.73691940307617)
2418_732,5087_20250601_107_0_3,107_0,1,38.7046012878418,-9.177980422973633,21,IN_TRANSIT_TO,2025-07-04 10:27:57,12111,2418,92-AO-54,POINT (-9.177980422973633 38.7046012878418)
2466_729,4818_20250601_104_0_7,104_0,1,38.743370056152344,-9.197930335998535,23,IN_TRANSIT_TO,2025-07-04 10:28:23,2809,2466,16-AZ-16,POINT (-9.197930335998535 38.743370056152344)
2668_754,6619_20250601_201_0_6,201_0,1,38.74129867553711,-9.170149803161621,28,IN_TRANSIT_TO,2025-07-04 10:28:20,1615,2668,87-XB-36,POINT (-9.170149803161621 38.74129867553711)
2956_40B,19261_20250601_212_0_8,212_0,1,38.77954864501953,-9.159850120544434,6,IN_TRANSIT_TO,2025-07-04 10:28:35,5921,2956,27-GU-71,POINT (-9.159850120544434 38.77954864501953)
208_41B,19386_20250601_232_0_4,232_0,1,38.78403091430664,-9.163450241088867,7,IN_TRANSIT_TO,2025-06-09 10:47:59,5905,208,33-47-XH,POINT (-9.163450241088867 38.78403091430664)
2770_727,4467_20250601_103_0_5,103_0,0,38.749019622802734,-9.141719818115234,3,IN_TRANSIT_TO,2025-07-04 10:28:33,201,2770,AH-30-ND,POINT (-9.141719818115234 38.749019622802734)
212_41B,19374_20250601_232_0_10,232_0,0,38.7781982421875,-9.163350105285645,19,IN_TRANSIT_TO,2025-07-04 10:28:23,5909,212,44-11-XL,POINT (-9.163350105285645 38.7781982421875)
2209_742,5773_20250601_114_0_6,114_0,0,38.72671890258789,-9.162300109863281,0,IN_TRANSIT_TO,2025-07-04 10:28:09,,2209,01-68-XO,POINT (-9.162300109863281 38.72671890258789)
564_24E,17851_20250601_213_0_6,213_0,0,38.72629928588867,-9.160980224609375,10,IN_TRANSIT_TO,2025-07-04 10:28:10,8509,564,,POINT (-9.160980224609375 38.72629928588867)
2210_717,3790_20250601_170_0_8,170_0,1,38.77814865112305,-9.145620346069336,12,IN_TRANSIT_TO,2025-07-04 10:28:22,6013,2210,01-66-XO,POINT (-9.145620346069336 38.77814865112305)
2789_727,4541_20250601_103_0_2,103_0,0,38.71149826049805,-9.208569526672363,44,IN_TRANSIT_TO,2025-07-04 10:28:13,12912,2789,AI-53-TL,POINT (-9.208569526672363 38.71149826049805)
2215_742,5661_20250601_114_0_7,114_0,0,38.73706817626953,-9.14663028717041,23,IN_TRANSIT_TO,2025-07-04 10:24:13,1811,2215,08-01-XS,POINT (-9.14663028717041 38.73706817626953)
2781_738,5551_20250601_117_0_6,117_0,1,38.738121032714844,-9.145770072937012,21,IN_TRANSIT_TO,2025-07-04 10:28:29,1805,2781,AI-00-BT,POINT (-9.145770072937012 38.738121032714844)
2208_742,5679_20250601_114_0_6,114_0,0,38.73503112792969,-9.140020370483398,20,IN_TRANSIT_TO,2025-07-04 10:28:24,11106,2208,01-69-XO,POINT (-9.140020370483398 38.73503112792969)
2206_794,8055_20250601_115_0_7,115_0,1,38.7510986328125,-9.12483024597168,21,IN_TRANSIT_TO,2025-07-04 10:26:35,14725,2206,01-67-XO,POINT (-9.12483024597168 38.7510986328125)
2712_764,7161_20250601_168_0_6,168_0,1,38.748069763183594,-9.165820121765137,30,IN_TRANSIT_TO,2025-07-04 10:28:31,12703,2712,92-XQ-33,POINT (-9.165820121765137 38.748069763183594)
2223_742,5764_20250601_114_0_5,114_0,0,38.70716857910156,-9.196619987487793,49,IN_TRANSIT_TO,2025-07-04 10:28:21,13312,2223,08-16-XS,POINT (-9.196619987487793 38.70716857910156)
229_773,7384_20250601_124_0_9,124_0,0,38.71271896362305,-9.166899681091309,19,IN_TRANSIT_TO,2025-07-04 10:28:21,10107,229,97-24-XT,POINT (-9.166899681091309 38.71271896362305)
563_28E,15009_20250601_75_0_5,75_0,1,38.710121154785156,-9.132479667663574,35,IN_TRANSIT_TO,2025-07-04 10:28:20,5602,563,,POINT (-9.132479667663574 38.710121154785156)
566_28E,15035_20250601_75_0_3,75_0,1,38.71242904663086,-9.130579948425293,35,IN_TRANSIT_TO,2025-07-04 10:28:28,5602,566,,POINT (-9.130579948425293 38.71242904663086)
568_28E,14943_20250601_75_0_6,75_0,0,38.7109489440918,-9.150250434875488,18,IN_TRANSIT_TO,2025-07-04 10:28:11,9904,568,,POINT (-9.150250434875488 38.7109489440918)
2228_742,5701_20250601_114_0_6,114_0,1,38.73347091674805,-9.133769989013672,41,IN_TRANSIT_TO,2025-07-04 10:26:50,517,2228,06-24-XX,POINT (-9.133769989013672 38.73347091674805)
2222_708,3343_20250601_100_0_8,100_0,0,38.7369499206543,-9.133720397949219,8,IN_TRANSIT_TO,2025-07-04 10:28:32,413,2222,08-17-XS,POINT (-9.133720397949219 38.7369499206543)
2836_748,6185_20250601_169_0_3,169_0,1,38.72536849975586,-9.191570281982422,6,IN_TRANSIT_TO,2025-07-04 10:28:36,14311,2836,BF-70-FZ,POINT (-9.191570281982422 38.72536849975586)
2207_708,3355_20250601_100_0_4,100_0,1,38.732078552246094,-9.134380340576172,38,IN_TRANSIT_TO,2025-07-04 10:28:22,506,2207,01-70-XO,POINT (-9.134380340576172 38.732078552246094)
560_18E,12193_20250601_78_0_11,78_0,0,38.70423126220703,-9.173749923706055,6,IN_TRANSIT_TO,2025-07-04 10:28:15,4004,560,,POINT (-9.173749923706055 38.70423126220703)
2233_758,6855_20250601_150_0_7,150_0,0,38.73191833496094,-9.162349700927734,14,IN_TRANSIT_TO,2025-07-04 10:28:37,6121,2233,06-38-XX,POINT (-9.162349700927734 38.73191833496094)
2231_768,7327_20250601_111_0_10,111_0,1,38.74367141723633,-9.176079750061035,17,IN_TRANSIT_TO,2025-07-04 10:28:25,10705,2231,06-28-XX,POINT (-9.176079750061035 38.74367141723633)
6008_729,4875_20250601_104_0_4,104_0,1,38.75577163696289,-9.194350242614746,34,IN_TRANSIT_TO,2025-07-04 10:28:38,50242,6008,81-ZC-08,POINT (-9.194350242614746 38.75577163696289)
230_37B,18838_20250601_224_0_10,224_0,0,38.72687911987305,-9.13012981414795,11,IN_TRANSIT_TO,2025-07-04 10:28:13,7006,230,13-33-XZ,POINT (-9.13012981414795 38.72687911987305)
414_10B,21748_20250601_242_0_11,242_0,0,38.707218170166016,-9.133899688720703,1,IN_TRANSIT_TO,2025-07-04 10:28:35,4504,414,BF-95-TP,POINT (-9.133899688720703 38.707218170166016)
2242_758,6807_20250601_150_0_8,150_0,1,38.752628326416016,-9.209420204162598,0,IN_TRANSIT_TO,2025-07-04 10:28:23,,2242,22-42-ZB,POINT (-9.209420204162598 38.752628326416016)
407_67B,28215_20250601_253_0_6,253_0,0,38.70872116088867,-9.150580406188965,20,IN_TRANSIT_TO,2025-07-04 10:28:11,3922,407,BF-55-TT,POINT (-9.150580406188965 38.70872116088867)
2287_758,6882_20250601_150_0_6,150_0,1,38.72393035888672,-9.160770416259766,21,IN_TRANSIT_TO,2025-07-04 10:28:23,6120,2287,92-58-ZM,POINT (-9.160770416259766 38.72393035888672)
2265_758,6879_20250601_150_0_8,150_0,1,38.7140998840332,-9.14408016204834,30,IN_TRANSIT_TO,2025-07-04 10:28:16,10602,2265,76-91-ZG,POINT (-9.14408016204834 38.7140998840332)
2273_767,7210_20250601_112_0_5,112_0,0,38.73271942138672,-9.141030311584473,5,IN_TRANSIT_TO,2025-07-04 10:28:07,6502,2273,76-81-ZG,POINT (-9.141030311584473 38.73271942138672)
303_744,5820_20250601_200_0_7,200_0,0,38.76826858520508,-9.104169845581055,24,IN_TRANSIT_TO,2025-07-04 10:28:15,7711,303,22-SP-90,POINT (-9.104169845581055 38.76826858520508)
2267_771,21935_20250601_248_0_8,248_0,0,38.71372985839844,-9.196419715881348,16,IN_TRANSIT_TO,2025-07-04 10:25:38,12928,2267,76-86-ZG,POINT (-9.196419715881348 38.71372985839844)
2266_763,46416_20250601_282_0_8,282_0,1,38.75725173950195,-9.193929672241211,2,IN_TRANSIT_TO,2025-07-04 10:28:14,50242,2266,76-92-ZG,POINT (-9.193929672241211 38.75725173950195)
