id,trip_id,route_id,direction_id,latitude,longitude,current_stop_sequence,current_status,timestamp,stop_id,vehicle_id,license_plate,geometry
6032_732,5077_20250601_107_0_8,107_0,1,38.70296859741211,-9.195369720458984,14,IN_TRANSIT_TO,2025-07-09 15:57:32,13305,6032,BF-93-BC,POINT (-9.195369720458984 38.70296859741211)
2689_714,3675_20250601_102_0_13,102_0,0,38.706119537353516,-9.159049987792969,6,IN_TRANSIT_TO,2025-07-09 15:57:45,3910,2689,93-XA-45,POINT (-9.159049987792969 38.706119537353516)
4648_750,6266_20250601_106_0_12,106_0,0,38.75012969970703,-9.19552993774414,23,IN_TRANSIT_TO,2025-07-09 15:57:42,10806,4648,98-JO-47,POINT (-9.19552993774414 38.75012969970703)
2793_738,5525_20250601_117_0_12,117_0,1,38.753021240234375,-9.150050163269043,0,IN_TRANSIT_TO,2025-07-09 15:57:26,,2793,AJ-58-LI,POINT (-9.150050163269043 38.753021240234375)
2302_793,7996_20250601_145_0_18,145_0,0,38.74980163574219,-9.119569778442383,20,IN_TRANSIT_TO,2025-07-09 15:57:41,3713,2302,83-08-ZM,POINT (-9.119569778442383 38.74980163574219)
2253_706,3233_20250601_147_0_9,147_0,0,38.72652053833008,-9.145000457763672,15,IN_TRANSIT_TO,2025-07-09 15:57:44,6609,2253,80-52-ZE,POINT (-9.145000457763672 38.72652053833008)
4606_750,6263_20250601_106_0_9,106_0,0,38.73334884643555,-9.207779884338379,32,IN_TRANSIT_TO,2025-07-09 15:57:44,8804,4606,96-GL-83,POINT (-9.207779884338379 38.73334884643555)
2254_758,6842_20250601_150_0_13,150_0,0,38.72037887573242,-9.158169746398926,8,IN_TRANSIT_TO,2025-07-09 15:57:41,6812,2254,80-51-ZE,POINT (-9.158169746398926 38.72037887573242)
6022_732,5056_20250601_107_0_8,107_0,1,38.73041915893555,-9.143670082092285,36,IN_TRANSIT_TO,2025-07-09 15:57:22,6601,6022,BF-48-BB,POINT (-9.143670082092285 38.73041915893555)
2992_774,7449_20250601_192_0_24,192_0,1,38.71928024291992,-9.16427993774414,15,IN_TRANSIT_TO,2025-07-09 15:57:30,8013,2992,29-VM-95,POINT (-9.16427993774414 38.71928024291992)
2448_767,7210_20250601_112_0_9,112_0,0,38.759220123291016,-9.157879829406738,19,IN_TRANSIT_TO,2025-07-09 15:57:50,5825,2448,44-BC-34,POINT (-9.157879829406738 38.759220123291016)
558_28E,15021_20250601_75_0_12,75_0,0,38.709449768066406,-9.137920379638672,11,IN_TRANSIT_TO,2025-07-09 15:57:27,5604,558,,POINT (-9.137920379638672 38.709449768066406)
2317_742,5764_20250601_114_0_10,114_0,1,38.7135009765625,-9.195899963378906,2,IN_TRANSIT_TO,2025-07-09 15:57:23,12928,2317,61-86-ZB,POINT (-9.195899963378906 38.7135009765625)
2250_731,19403_20240727_190_0_8,190_0,1,38.78303146362305,-9.114009857177734,3,IN_TRANSIT_TO,2024-08-10 10:41:27,12610,2250,80-41-ZE,POINT (-9.114009857177734 38.78303146362305)
4602_728,4726_20250601_204_4_11,204_4,1,38.69768142700195,-9.20442008972168,15,IN_TRANSIT_TO,2025-07-09 15:57:23,4102,4602,96-GL-80,POINT (-9.20442008972168 38.69768142700195)
2292_731,5017_20250601_190_0_12,190_0,1,38.741981506347656,-9.168399810791016,33,IN_TRANSIT_TO,2025-07-09 15:57:36,1612,2292,83-16-ZM,POINT (-9.168399810791016 38.741981506347656)
612_15E,11235_20250601_76_0_14,76_0,1,38.69736862182617,-9.20341968536377,7,IN_TRANSIT_TO,2025-07-09 15:57:51,9609,612,,POINT (-9.20341968536377 38.69736862182617)
2321_742,5661_20250601_114_0_11,114_0,0,38.707618713378906,-9.172450065612793,37,IN_TRANSIT_TO,2025-07-09 15:57:44,9403,2321,04-47-ZF,POINT (-9.172450065612793 38.707618713378906)
2256_729,4759_20250601_104_0_10,104_0,1,38.76927947998047,-9.189200401306152,40,IN_TRANSIT_TO,2025-07-09 15:57:51,14106,2256,80-53-ZE,POINT (-9.189200401306152 38.76927947998047)
2494_735,5266_20250601_172_0_12,172_0,1,38.705318450927734,-9.143779754638672,35,IN_TRANSIT_TO,2025-07-09 15:57:36,3820,2494,88-BL-68,POINT (-9.143779754638672 38.705318450927734)
4620_728,4656_20250601_204_0_8,204_0,0,38.70623016357422,-9.143879890441895,19,IN_TRANSIT_TO,2025-07-09 15:57:41,3803,4620,22-GP-54,POINT (-9.143879890441895 38.70623016357422)
2955_40B,17567_20250601_212_0_17,212_0,0,38.77436828613281,-9.15822982788086,26,IN_TRANSIT_TO,2025-07-09 15:57:48,5930,2955,27-GU-70,POINT (-9.15822982788086 38.77436828613281)
2954_798,8201_20250601_194_0_3,194_0,0,38.76422119140625,-9.15353012084961,4,IN_TRANSIT_TO,2025-07-09 15:57:23,5832,2954,62-GQ-56,POINT (-9.15353012084961 38.76422119140625)
2624_759,6971_20250601_144_0_12,144_0,1,38.762271881103516,-9.116829872131348,16,IN_TRANSIT_TO,2025-07-09 15:57:49,8404,2624,72-VP-82,POINT (-9.116829872131348 38.762271881103516)
4642_750,6375_20250601_106_0_12,106_0,1,38.744869232177734,-9.199729919433594,13,IN_TRANSIT_TO,2025-07-09 15:57:25,2812,4642,90-JI-99,POINT (-9.199729919433594 38.744869232177734)
2950_29B,17533_20250601_209_0_15,209_0,0,38.7640495300293,-9.118949890136719,31,IN_TRANSIT_TO,2025-07-09 15:57:18,8404,2950,62-GQ-51,POINT (-9.118949890136719 38.7640495300293)
4626_783,7850_20250601_203_0_12,203_0,1,38.72492980957031,-9.15587043762207,29,IN_TRANSIT_TO,2025-07-09 15:57:52,1223,4626,90-JI-93,POINT (-9.15587043762207 38.72492980957031)
4631_783,7850_20250601_203_0_12,203_0,1,38.770118713378906,-9.126720428466797,10,IN_TRANSIT_TO,2025-06-30 15:27:01,12202,4631,02-JN-86,POINT (-9.126720428466797 38.770118713378906)
4818_728,4652_20250601_204_0_2,204_0,0,38.71403121948242,-9.121970176696777,24,IN_TRANSIT_TO,2025-07-09 15:57:26,2111,4818,42-VT-57,POINT (-9.121970176696777 38.71403121948242)
4627_783,7823_20250601_203_0_12,203_0,1,38.76987838745117,-9.124899864196777,10,IN_TRANSIT_TO,2025-07-09 15:56:41,12202,4627,11-JM-76,POINT (-9.124899864196777 38.76987838745117)
2688_723,4140_20250601_121_0_13,121_0,0,38.716400146484375,-9.214130401611328,31,IN_TRANSIT_TO,2025-07-09 15:57:28,4206,2688,93-XA-35,POINT (-9.214130401611328 38.716400146484375)
2692_713,3597_20250601_122_0_11,122_0,0,38.73466873168945,-9.153050422668457,6,IN_TRANSIT_TO,2025-07-09 15:57:21,1413,2692,90-XF-62,POINT (-9.153050422668457 38.73466873168945)
2690_714,3631_20250601_102_0_13,102_0,0,38.72433090209961,-9.215200424194336,32,IN_TRANSIT_TO,2025-07-09 15:57:40,14006,2690,99-XE-57,POINT (-9.215200424194336 38.72433090209961)
2693_727,4549_20250601_103_0_9,103_0,0,38.71152114868164,-9.209369659423828,44,IN_TRANSIT_TO,2025-07-09 15:57:28,12912,2693,90-XF-46,POINT (-9.209369659423828 38.71152114868164)
2669_727,4522_20250601_103_0_2,103_0,1,38.72439956665039,-9.150349617004395,36,IN_TRANSIT_TO,2025-07-09 15:57:37,1207,2669,87-XB-34,POINT (-9.150349617004395 38.72439956665039)
4836_736,5342_20250601_199_0_13,199_0,0,38.719600677490234,-9.144929885864258,3,IN_TRANSIT_TO,2025-07-09 15:57:23,1103,4836,34-VR-23,POINT (-9.144929885864258 38.719600677490234)
2705_764,7134_20250601_168_0_14,168_0,1,38.745418548583984,-9.169300079345703,29,IN_TRANSIT_TO,2025-07-09 15:57:48,12708,2705,92-XQ-29,POINT (-9.169300079345703 38.745418548583984)
2684_712,3544_20250601_189_0_12,189_0,1,38.72597122192383,-9.147780418395996,15,IN_TRANSIT_TO,2025-07-09 15:57:47,1212,2684,99-XE-59,POINT (-9.147780418395996 38.72597122192383)
2683_713,3602_20250601_122_0_13,122_0,0,38.736968994140625,-9.13634967803955,0,IN_TRANSIT_TO,2025-07-09 15:57:37,,2683,99-XE-55,POINT (-9.13634967803955 38.736968994140625)
2682_764,7161_20250601_168_0_13,168_0,0,38.74953079223633,-9.19124984741211,16,IN_TRANSIT_TO,2025-07-09 15:57:33,10804,2682,93-XA-42,POINT (-9.19124984741211 38.74953079223633)
6047_760,7108_20250601_171_0_6,171_0,0,38.70433044433594,-9.174050331115723,17,IN_TRANSIT_TO,2025-07-09 15:57:20,4004,6047,BH-20-IP,POINT (-9.174050331115723 38.70433044433594)
6046_760,7021_20250601_171_0_11,171_0,0,38.72193145751953,-9.139169692993164,5,IN_TRANSIT_TO,2025-07-09 15:57:42,9214,6046,BH-73-IR,POINT (-9.139169692993164 38.72193145751953)
4618_750,6306_20250601_106_0_12,106_0,0,38.756229400634766,-9.147419929504395,13,IN_TRANSIT_TO,2025-07-09 15:57:36,11301,4618,22-GP-52,POINT (-9.147419929504395 38.756229400634766)
2947_26B,17509_20250601_208_0_17,208_0,0,38.75603103637695,-9.096949577331543,22,IN_TRANSIT_TO,2025-07-09 15:57:49,50291,2947,51-GL-84,POINT (-9.096949577331543 38.75603103637695)
2946_29B,17523_20250601_209_0_17,209_0,0,38.76285171508789,-9.109319686889648,9,IN_TRANSIT_TO,2025-07-09 15:57:34,8423,2946,75-GO-15,POINT (-9.109319686889648 38.76285171508789)
2952_40B,19261_20250601_212_0_17,212_0,0,38.792781829833984,-9.15198040008545,5,IN_TRANSIT_TO,2025-07-09 15:57:36,11616,2952,62-GQ-54,POINT (-9.15198040008545 38.792781829833984)
2948_765,7177_20250601_110_0_42,110_0,1,38.75284957885742,-9.18970012664795,9,IN_TRANSIT_TO,2025-07-09 15:57:48,10917,2948,51-GL-85,POINT (-9.18970012664795 38.75284957885742)
4643_750,6310_20250601_106_0_12,106_0,0,38.7598991394043,-9.103619575500488,4,IN_TRANSIT_TO,2025-07-09 15:57:36,2320,4643,98-JO-45,POINT (-9.103619575500488 38.7598991394043)
2676_711,3469_20250601_101_0_2,101_0,1,38.71390151977539,-9.139749526977539,32,IN_TRANSIT_TO,2025-07-09 15:57:33,902,2676,87-XB-40,POINT (-9.139749526977539 38.71390151977539)
2677_714,3656_20250601_102_0_13,102_0,0,38.70716857910156,-9.173870086669922,11,IN_TRANSIT_TO,2025-07-09 15:57:23,9417,2677,87-XB-41,POINT (-9.173870086669922 38.70716857910156)
2671_713,3609_20250601_122_0_4,122_0,1,38.73112869262695,-9.156100273132324,29,IN_TRANSIT_TO,2025-07-09 15:57:46,6116,2671,87-XB-43,POINT (-9.156100273132324 38.73112869262695)
2681_738,5551_20250601_117_0_12,117_0,1,38.7023811340332,-9.187999725341797,0,IN_TRANSIT_TO,2025-07-09 15:57:28,,2681,93-XA-41,POINT (-9.187999725341797 38.7023811340332)
2679_714,3694_20250601_102_0_12,102_0,1,38.69742965698242,-9.194950103759766,22,IN_TRANSIT_TO,2025-07-09 15:57:25,4113,2679,93-XA-34,POINT (-9.194950103759766 38.69742965698242)
2672_738,5552_20250601_117_0_10,117_0,0,38.70492935180664,-9.177080154418945,33,IN_TRANSIT_TO,2025-07-09 15:57:44,12102,2672,87-XB-44,POINT (-9.177080154418945 38.70492935180664)
2670_723,4173_20250601_121_0_14,121_0,1,38.724151611328125,-9.160550117492676,27,IN_TRANSIT_TO,2025-07-09 15:57:27,8502,2670,87-XB-32,POINT (-9.160550117492676 38.724151611328125)
2675_738,5536_20250601_117_0_10,117_0,1,38.72657012939453,-9.149120330810547,16,IN_TRANSIT_TO,2025-07-09 15:57:47,1207,2675,87-XB-35,POINT (-9.149120330810547 38.72657012939453)
2964_730,4955_20250601_198_0_15,198_0,1,38.73242950439453,-9.129369735717773,13,IN_TRANSIT_TO,2025-07-09 15:57:28,502,2964,30-VM-19,POINT (-9.129369735717773 38.73242950439453)
2961_770,7363_20250601_191_0_19,191_0,0,38.73933029174805,-9.177550315856934,9,IN_TRANSIT_TO,2025-07-09 15:57:45,10723,2961,26-VD-02,POINT (-9.177550315856934 38.73933029174805)
4623_736,5302_20250601_199_0_11,199_0,0,38.759281158447266,-9.154749870300293,15,IN_TRANSIT_TO,2025-07-09 15:57:26,5805,4623,27-JO-12,POINT (-9.154749870300293 38.759281158447266)
6031_732,5063_20250601_107_0_8,107_0,1,38.73265075683594,-9.145400047302246,37,IN_TRANSIT_TO,2025-07-09 15:57:43,1709,6031,BF-87-AX,POINT (-9.145400047302246 38.73265075683594)
604_15E,11277_20250601_76_0_15,76_0,0,38.69878005981445,-9.225350379943848,21,IN_TRANSIT_TO,2025-07-09 15:57:40,4208,604,,POINT (-9.225350379943848 38.69878005981445)
4819_751,6496_20250601_109_0_14,109_0,1,38.70684814453125,-9.176230430603027,25,IN_TRANSIT_TO,2025-07-09 15:57:51,12105,4819,34-VR-16,POINT (-9.176230430603027 38.70684814453125)
6014_732,5102_20250601_107_0_2,107_0,0,38.74769973754883,-9.151769638061523,2,IN_TRANSIT_TO,2025-07-09 15:57:25,13502,6014,67-ZF-30,POINT (-9.151769638061523 38.74769973754883)
6049_760,7063_20250601_171_0_4,171_0,1,38.70627975463867,-9.145000457763672,30,IN_TRANSIT_TO,2025-07-09 15:57:31,3803,6049,BH-47-IR,POINT (-9.145000457763672 38.70627975463867)
2347_771,21927_20250601_248_0_18,248_0,0,38.70502853393555,-9.199299812316895,21,IN_TRANSIT_TO,2025-07-09 15:57:44,10301,2347,53-61-ZJ,POINT (-9.199299812316895 38.70502853393555)
2741_756,6745_20250601_175_0_17,175_0,1,38.70425033569336,-9.178580284118652,2,IN_TRANSIT_TO,2025-07-09 15:57:23,12107,2741,AG-99-TG,POINT (-9.178580284118652 38.70425033569336)
2658_713,3616_20250601_122_0_14,122_0,1,38.7287712097168,-9.172380447387695,2,IN_TRANSIT_TO,2025-07-09 15:57:38,2704,2658,05-VZ-71,POINT (-9.172380447387695 38.7287712097168)
2479_726,4330_20250601_116_0_12,116_0,1,38.73514938354492,-9.147000312805176,24,IN_TRANSIT_TO,2025-07-09 15:57:38,1412,2479,91-BE-74,POINT (-9.147000312805176 38.73514938354492)
2493_720,4039_20250601_143_0_15,143_0,0,38.7411003112793,-9.127969741821289,4,IN_TRANSIT_TO,2025-07-09 15:56:17,8910,2493,88-BL-65,POINT (-9.127969741821289 38.7411003112793)
2414_767,7197_20250601_112_0_9,112_0,0,38.757381439208984,-9.18554973602295,28,IN_TRANSIT_TO,2025-07-09 15:57:34,12824,2414,92-AO-51,POINT (-9.18554973602295 38.757381439208984)
2288_768,7321_20250601_111_0_19,111_0,0,38.74993133544922,-9.165249824523926,2,IN_TRANSIT_TO,2025-07-09 15:57:45,13508,2288,92-59-ZM,POINT (-9.165249824523926 38.74993133544922)
2295_724,4228_20250601_178_0_12,178_0,1,38.72438049316406,-9.193900108337402,21,IN_TRANSIT_TO,2025-07-09 15:57:34,8702,2295,92-53-ZM,POINT (-9.193900108337402 38.72438049316406)
2763_727,4467_20250601_103_0_9,103_0,0,38.726348876953125,-9.1496000289917,13,IN_TRANSIT_TO,2025-07-09 15:57:32,1206,2763,AH-23-ND,POINT (-9.1496000289917 38.726348876953125)
2417_771,21939_20250601_248_0_19,248_0,1,38.72288131713867,-9.161120414733887,16,IN_TRANSIT_TO,2025-07-09 15:57:33,8608,2417,50-AL-06,POINT (-9.161120414733887 38.72288131713867)
608_15E,11209_20250601_76_0_16,76_0,1,38.7045783996582,-9.178000450134277,13,IN_TRANSIT_TO,2025-07-09 15:57:51,12111,608,,POINT (-9.178000450134277 38.7045783996582)
2257_767,7310_20250601_112_1_9,112_1,0,38.74961853027344,-9.191229820251465,13,IN_TRANSIT_TO,2025-07-09 15:57:36,10804,2257,80-50-ZE,POINT (-9.191229820251465 38.74961853027344)
2282_758,6785_20250601_150_0_3,150_0,0,38.75178146362305,-9.204529762268066,29,IN_TRANSIT_TO,2025-07-09 15:57:25,10904,2282,67-35-ZJ,POINT (-9.204529762268066 38.75178146362305)
2281_731,5021_20250601_190_0_12,190_0,1,38.75912094116211,-9.138400077819824,22,IN_TRANSIT_TO,2025-07-09 15:57:46,11308,2281,67-56-ZJ,POINT (-9.138400077819824 38.75912094116211)
2841_751,6505_20250601_109_0_8,109_0,1,38.6974983215332,-9.195429801940918,19,IN_TRANSIT_TO,2025-07-09 15:57:22,4109,2841,BF-55-FZ,POINT (-9.195429801940918 38.6974983215332)
1717_708,3305_20250601_100_0_10,100_0,1,38.7628288269043,-9.129949569702148,28,IN_TRANSIT_TO,2025-07-09 15:57:45,7504,1717,69-AL-80,POINT (-9.129949569702148 38.7628288269043)
2717_764,7165_20250601_168_0_3,168_0,0,38.75012969970703,-9.164529800415039,3,IN_TRANSIT_TO,2025-07-09 15:57:27,13508,2717,92-XQ-16,POINT (-9.164529800415039 38.75012969970703)
271_61B,21529_20250601_241_0_21,241_0,0,38.73236846923828,-9.172579765319824,17,IN_TRANSIT_TO,2025-07-09 15:57:39,50085,271,AH-27-IN,POINT (-9.172579765319824 38.73236846923828)
4811_728,4576_20250601_204_0_11,204_0,1,38.761131286621094,-9.096349716186523,12,IN_TRANSIT_TO,2025-07-09 15:57:35,2403,4811,34-VR-20,POINT (-9.096349716186523 38.761131286621094)
306_744,5806_20250601_200_0_11,200_0,0,38.736549377441406,-9.145380020141602,6,IN_TRANSIT_TO,2025-07-09 15:57:34,1807,306,73-ST-81,POINT (-9.145380020141602 38.736549377441406)
6007_706,3244_20250601_147_0_14,147_0,0,38.71910095214844,-9.155599594116211,11,IN_TRANSIT_TO,2025-07-09 15:57:51,6817,6007,80-ZC-62,POINT (-9.155599594116211 38.71910095214844)
6035_732,5087_20250601_107_0_6,107_0,0,38.70429992675781,-9.173919677734375,25,IN_TRANSIT_TO,2025-07-09 15:57:42,4004,6035,BG-76-LX,POINT (-9.173919677734375 38.70429992675781)
2765_727,4448_20250601_103_0_8,103_0,0,38.72032165527344,-9.153949737548828,15,IN_TRANSIT_TO,2025-07-09 15:57:39,6806,2765,AH-37-ND,POINT (-9.153949737548828 38.72032165527344)
2978_79B,18670_20250601_221_0_9,221_0,0,38.708770751953125,-9.207770347595215,37,IN_TRANSIT_TO,2025-07-09 15:57:50,9714,2978,29-VM-92,POINT (-9.207770347595215 38.708770751953125)
4633_796,8147_20250601_174_0_14,174_0,0,38.76498031616211,-9.157099723815918,2,IN_TRANSIT_TO,2025-07-09 15:57:47,5811,4633,90-JI-94,POINT (-9.157099723815918 38.76498031616211)
2270_758,6863_20250601_150_0_2,150_0,1,38.717201232910156,-9.149800300598145,28,IN_TRANSIT_TO,2025-07-09 15:56:48,10608,2270,76-82-ZG,POINT (-9.149800300598145 38.717201232910156)
2430_716,3742_20250601_164_0_18,164_0,1,38.73942184448242,-9.16748046875,13,IN_TRANSIT_TO,2025-07-09 15:57:47,1620,2430,29-AX-12,POINT (-9.16748046875 38.73942184448242)
2703_738,5509_20250601_117_0_12,117_0,0,38.749629974365234,-9.149530410766602,12,IN_TRANSIT_TO,2025-07-09 15:57:28,2008,2703,92-XQ-24,POINT (-9.149530410766602 38.749629974365234)
6038_760,7084_20250601_171_0_10,171_0,1,38.702999114990234,-9.194519996643066,18,IN_TRANSIT_TO,2025-07-09 15:57:44,13401,6038,BG-46-LV,POINT (-9.194519996643066 38.702999114990234)
6009_706,19505_20250601_147_0_2,147_0,1,38.73128128051758,-9.136099815368652,15,IN_TRANSIT_TO,2025-07-09 15:57:31,510,6009,81-ZC-18,POINT (-9.136099815368652 38.73128128051758)
4839_736,5322_20250601_199_0_13,199_0,0,38.7475700378418,-9.147850036621094,11,IN_TRANSIT_TO,2025-07-09 15:57:24,2011,4839,53-VR-08,POINT (-9.147850036621094 38.7475700378418)
2997_774,7436_20250601_192_0_26,192_0,1,38.72774887084961,-9.142849922180176,1,IN_TRANSIT_TO,2025-07-09 15:53:50,6907,2997,34-VN-03,POINT (-9.142849922180176 38.72774887084961)
2607_781,7719_20250601_151_0_14,151_0,1,38.790199279785156,-9.12405014038086,0,IN_TRANSIT_TO,2025-07-09 15:57:24,,2607,AA-95-TQ,POINT (-9.12405014038086 38.790199279785156)
6023_732,5070_20250601_107_0_2,107_0,1,38.70362854003906,-9.171480178833008,23,IN_TRANSIT_TO,2025-07-09 15:57:51,4001,6023,BF-03-BD,POINT (-9.171480178833008 38.70362854003906)
4815_728,4592_20250601_204_0_11,204_0,1,38.774871826171875,-9.104080200195312,6,IN_TRANSIT_TO,2025-07-09 15:57:38,7908,4815,34-VR-24,POINT (-9.104080200195312 38.774871826171875)
2821_748,6131_20250601_169_0_13,169_0,0,38.71596908569336,-9.235380172729492,10,IN_TRANSIT_TO,2025-07-09 15:57:40,50059,2821,BF-71-FZ,POINT (-9.235380172729492 38.71596908569336)
2613_759,6936_20250601_144_0_11,144_0,0,38.71992874145508,-9.117449760437012,9,IN_TRANSIT_TO,2025-07-09 15:57:41,2131,2613,66-VI-22,POINT (-9.117449760437012 38.71992874145508)
2601_705,3194_20250601_176_0_13,176_0,0,38.77143096923828,-9.09749984741211,3,IN_TRANSIT_TO,2025-07-09 15:57:30,7821,2601,04-VA-70,POINT (-9.09749984741211 38.77143096923828)
2264_799,8228_20250601_120_0_14,120_0,0,38.74502182006836,-9.200630187988281,8,IN_TRANSIT_TO,2025-07-09 15:57:44,2806,2264,76-90-ZG,POINT (-9.200630187988281 38.74502182006836)
2706_727,4533_20250601_103_0_9,103_0,1,38.70764923095703,-9.154029846191406,27,IN_TRANSIT_TO,2025-07-09 15:57:33,3922,2706,92-XQ-46,POINT (-9.154029846191406 38.70764923095703)
2602_781,7740_20250601_151_0_11,151_0,0,38.7357292175293,-9.103580474853516,8,IN_TRANSIT_TO,2025-07-09 15:57:43,12513,2602,16-VF-81,POINT (-9.103580474853516 38.7357292175293)
2988_730,4939_20250601_198_0_16,198_0,0,38.733280181884766,-9.132519721984863,16,IN_TRANSIT_TO,2025-07-09 15:57:23,503,2988,29-VM-94,POINT (-9.132519721984863 38.733280181884766)
2657_713,3610_20250601_122_0_14,122_0,1,38.70927047729492,-9.161870002746582,16,IN_TRANSIT_TO,2025-07-09 15:57:29,10006,2657,05-VZ-66,POINT (-9.161870002746582 38.70927047729492)
2637_782,7783_20250601_152_0_10,152_0,0,38.74919891357422,-9.10492992401123,11,IN_TRANSIT_TO,2025-07-09 15:57:23,2208,2637,87-VS-51,POINT (-9.10492992401123 38.74919891357422)
4830_736,20048_20250601_199_0_13,199_0,0,38.78704833984375,-9.170780181884766,27,IN_TRANSIT_TO,2025-07-09 15:49:02,7211,4830,20-VQ-63,POINT (-9.170780181884766 38.78704833984375)
2638_759,6964_20250601_144_0_9,144_0,1,38.7227783203125,-9.115579605102539,37,IN_TRANSIT_TO,2025-07-09 15:57:39,9808,2638,87-VS-48,POINT (-9.115579605102539 38.7227783203125)
6037_732,5095_20250601_107_0_7,107_0,0,38.72608184814453,-9.147549629211426,11,IN_TRANSIT_TO,2025-07-09 15:57:27,6602,6037,BG-37-LT,POINT (-9.147549629211426 38.72608184814453)
2617_744,17811_20250601_200_0_10,200_0,0,38.74462127685547,-9.147279739379883,8,IN_TRANSIT_TO,2025-07-09 15:57:48,1901,2617,66-VI-28,POINT (-9.147279739379883 38.74462127685547)
2633_759,6951_20250601_144_0_10,144_0,0,38.713829040527344,-9.139820098876953,2,IN_TRANSIT_TO,2025-07-09 15:57:22,902,2633,52-VP-79,POINT (-9.139820098876953 38.713829040527344)
6005_706,3249_20250601_147_0_2,147_0,0,38.70637130737305,-9.147250175476074,2,IN_TRANSIT_TO,2025-07-09 15:57:47,50339,6005,81-ZC-91,POINT (-9.147250175476074 38.70637130737305)
2648_755,6656_20250601_118_0_14,118_0,0,38.7424201965332,-9.167730331420898,41,IN_TRANSIT_TO,2025-07-09 15:57:52,12702,2648,75-VS-46,POINT (-9.167730331420898 38.7424201965332)
2619_722,4123_20250601_196_0_12,196_0,0,38.719749450683594,-9.145000457763672,2,IN_TRANSIT_TO,2025-07-09 15:57:18,1103,2619,66-VI-37,POINT (-9.145000457763672 38.719749450683594)
2698_754,6594_20250601_201_0_3,201_0,1,38.733001708984375,-9.216580390930176,6,IN_TRANSIT_TO,2025-07-09 15:57:52,18113,2698,92-XQ-20,POINT (-9.216580390930176 38.733001708984375)
6039_732,5086_20250601_107_0_10,107_0,0,38.704750061035156,-9.207269668579102,38,IN_TRANSIT_TO,2025-07-09 15:57:37,13108,6039,BG-96-LU,POINT (-9.207269668579102 38.704750061035156)
2991_765,7178_20250601_110_0_37,110_0,0,38.75537109375,-9.204850196838379,7,IN_TRANSIT_TO,2025-07-09 15:57:27,13702,2991,29-VM-89,POINT (-9.204850196838379 38.75537109375)
4820_751,6450_20250601_109_0_19,109_0,0,38.69752883911133,-9.204219818115234,15,IN_TRANSIT_TO,2025-07-09 15:57:23,4112,4820,20-VQ-62,POINT (-9.204219818115234 38.69752883911133)
2704_723,4179_20250601_121_0_12,121_0,1,38.71512985229492,-9.205269813537598,13,IN_TRANSIT_TO,2025-07-09 15:57:34,10406,2704,92-XQ-18,POINT (-9.205269813537598 38.71512985229492)
2647_759,6962_20250601_144_0_12,144_0,1,38.72291946411133,-9.115220069885254,37,IN_TRANSIT_TO,2025-07-09 15:57:23,9808,2647,75-VS-45,POINT (-9.115220069885254 38.72291946411133)
2826_753,6571_20250601_167_0_11,167_0,0,38.71908187866211,-9.17615032196045,7,IN_TRANSIT_TO,2025-07-09 15:57:30,8607,2826,BF-74-FZ,POINT (-9.17615032196045 38.71908187866211)
2642_782,7788_20250601_152_0_10,152_0,0,38.71318054199219,-9.12285041809082,4,IN_TRANSIT_TO,2025-07-09 15:57:40,4505,2642,75-VS-51,POINT (-9.12285041809082 38.71318054199219)
2724_711,3448_20250601_101_0_13,101_0,0,38.725399017333984,-9.186519622802734,10,IN_TRANSIT_TO,2025-07-09 15:57:45,8607,2724,92-XQ-40,POINT (-9.186519622802734 38.725399017333984)
2609_781,7750_20250601_151_0_13,151_0,1,38.70695114135742,-9.141679763793945,29,IN_TRANSIT_TO,2025-07-09 15:57:46,3820,2609,66-VI-36,POINT (-9.141679763793945 38.70695114135742)
2611_781,7745_20250601_151_0_14,151_0,0,38.708778381347656,-9.134679794311523,3,IN_TRANSIT_TO,2025-07-09 15:57:47,5501,2611,66-VI-38,POINT (-9.134679794311523 38.708778381347656)
2721_754,6621_20250601_201_0_9,201_0,1,38.747318267822266,-9.154569625854492,30,IN_TRANSIT_TO,2025-07-09 15:57:28,13502,2721,92-XQ-37,POINT (-9.154569625854492 38.747318267822266)
2632_718,3970_20250601_105_0_15,105_0,1,38.7275505065918,-9.119569778442383,10,IN_TRANSIT_TO,2025-07-09 15:57:26,11704,2632,52-VP-88,POINT (-9.119569778442383 38.7275505065918)
2618_759,6914_20250601_144_0_11,144_0,0,38.74821853637695,-9.11316967010498,25,IN_TRANSIT_TO,2025-07-09 15:57:41,3713,2618,66-VI-42,POINT (-9.11316967010498 38.74821853637695)
548_28E,14917_20250601_75_0_11,75_0,1,38.71302032470703,-9.129679679870605,23,IN_TRANSIT_TO,2025-07-09 15:57:27,13811,548,,POINT (-9.129679679870605 38.71302032470703)
2643_781,19527_20250601_151_0_2,151_0,1,38.762550354003906,-9.10966968536377,13,IN_TRANSIT_TO,2025-07-09 15:57:21,7718,2643,75-VS-44,POINT (-9.10966968536377 38.762550354003906)
2733_735,5188_20250601_172_0_10,172_0,0,38.71215057373047,-9.124329566955566,5,IN_TRANSIT_TO,2025-07-09 15:57:24,8201,2733,AG-41-EI,POINT (-9.124329566955566 38.71215057373047)
2468_726,4288_20250601_116_0_13,116_0,0,38.737831115722656,-9.155900001525879,13,IN_TRANSIT_TO,2025-07-09 15:57:28,1503,2468,16-AZ-10,POINT (-9.155900001525879 38.737831115722656)
2664_727,4540_20250601_103_0_9,103_0,1,38.70254898071289,-9.180350303649902,18,IN_TRANSIT_TO,2025-07-09 15:57:49,12111,2664,05-VZ-68,POINT (-9.180350303649902 38.70254898071289)
2308_742,5740_20250601_114_0_11,114_0,1,38.73514938354492,-9.143819808959961,37,IN_TRANSIT_TO,2025-07-09 15:57:40,1806,2308,83-17-ZM,POINT (-9.143819808959961 38.73514938354492)
2640_744,5826_20250601_200_0_2,200_0,1,38.752899169921875,-9.138070106506348,19,IN_TRANSIT_TO,2025-07-09 15:57:45,7411,2640,75-VS-43,POINT (-9.138070106506348 38.752899169921875)
2707_711,3514_20250601_101_0_13,101_0,0,38.75288009643555,-9.20835018157959,24,IN_TRANSIT_TO,2025-07-09 15:57:29,50170,2707,92-XQ-39,POINT (-9.20835018157959 38.75288009643555)
2612_744,5845_20250601_200_0_10,200_0,0,38.76313018798828,-9.129019737243652,17,IN_TRANSIT_TO,2025-07-09 15:57:46,7513,2612,66-VI-29,POINT (-9.129019737243652 38.76313018798828)
2736_720,4098_20250601_143_0_8,143_0,0,38.72597885131836,-9.147769927978516,13,IN_TRANSIT_TO,2025-07-09 15:57:34,6602,2736,AG-47-EI,POINT (-9.147769927978516 38.72597885131836)
6042_799,8218_20250601_120_0_2,120_0,1,38.74156951904297,-9.207169532775879,13,IN_TRANSIT_TO,2025-07-09 15:57:48,8815,6042,BG-97-LU,POINT (-9.207169532775879 38.74156951904297)
542_28E,14969_20250601_75_0_13,75_0,1,38.710479736328125,-9.143779754638672,13,IN_TRANSIT_TO,2025-07-09 15:57:28,10513,542,,POINT (-9.143779754638672 38.710479736328125)
574_24E,17841_20250601_213_0_27,213_0,1,38.720298767089844,-9.155550003051758,4,IN_TRANSIT_TO,2025-07-09 15:57:40,6823,574,,POINT (-9.155550003051758 38.720298767089844)
2996_45B,45289_20250601_277_0_15,277_0,1,38.76667022705078,-9.155699729919434,18,IN_TRANSIT_TO,2025-07-09 15:57:47,5838,2996,30-VM-03,POINT (-9.155699729919434 38.76667022705078)
2769_754,6619_20250601_201_0_13,201_0,0,38.74742126464844,-9.147930145263672,5,IN_TRANSIT_TO,2025-07-09 15:57:30,2001,2769,AH-19-ND,POINT (-9.147930145263672 38.74742126464844)
556_12E,11031_20250601_77_0_22,77_0,0,38.71284866333008,-9.130620002746582,5,IN_TRANSIT_TO,2025-07-09 15:57:31,13809,556,,POINT (-9.130620002746582 38.71284866333008)
549_28E,14931_20250601_75_0_10,75_0,0,38.715049743652344,-9.12874984741211,22,IN_TRANSIT_TO,2025-07-09 15:57:23,6718,549,,POINT (-9.12874984741211 38.715049743652344)
571_28E,14995_20250601_75_0_10,75_0,0,38.71044921875,-9.142069816589355,14,IN_TRANSIT_TO,2025-07-09 15:57:44,10514,571,,POINT (-9.142069816589355 38.71044921875)
582_28E,14983_20250601_75_0_11,75_0,1,38.712249755859375,-9.155070304870605,8,IN_TRANSIT_TO,2025-07-09 15:57:09,6721,582,,POINT (-9.155070304870605 38.712249755859375)
2652_755,6692_20250601_118_0_13,118_0,1,38.754249572753906,-9.124799728393555,36,IN_TRANSIT_TO,2025-07-09 15:57:39,2211,2652,05-VZ-61,POINT (-9.124799728393555 38.754249572753906)
2626_705,3185_20250601_176_0_16,176_0,1,38.744529724121094,-9.133399963378906,1,IN_TRANSIT_TO,2025-07-09 15:57:45,50099,2626,52-VP-86,POINT (-9.133399963378906 38.744529724121094)
2620_722,4115_20250601_196_0_12,196_0,0,38.742401123046875,-9.136730194091797,12,IN_TRANSIT_TO,2025-07-09 15:57:37,304,2620,66-VI-33,POINT (-9.136730194091797 38.742401123046875)
2829_753,18784_20250601_167_0_21,167_0,0,38.73006820678711,-9.143569946289062,0,IN_TRANSIT_TO,2025-07-09 15:57:36,,2829,BF-58-FZ,POINT (-9.143569946289062 38.73006820678711)
2649_776,7475_20250601_193_0_45,193_0,1,38.70037078857422,-9.247420310974121,4,IN_TRANSIT_TO,2025-07-09 15:56:50,4303,2649,75-VS-42,POINT (-9.247420310974121 38.70037078857422)
2975_72B,45263_20250601_279_0_14,279_0,0,38.74237060546875,-9.203550338745117,14,IN_TRANSIT_TO,2025-07-09 15:56:59,8814,2975,30-VM-11,POINT (-9.203550338745117 38.74237060546875)
2985_52B,21660_20250601_244_0_16,244_0,0,38.7451286315918,-9.155019760131836,7,IN_TRANSIT_TO,2025-07-09 15:57:31,50543,2985,30-VM-14,POINT (-9.155019760131836 38.7451286315918)
2701_754,6600_20250601_201_0_13,201_0,0,38.736080169677734,-9.21720027923584,26,IN_TRANSIT_TO,2025-07-09 15:57:27,18110,2701,92-XQ-35,POINT (-9.21720027923584 38.736080169677734)
2982_52B,21670_20250601_244_0_15,244_0,0,38.7351188659668,-9.154549598693848,17,IN_TRANSIT_TO,2025-07-09 15:57:39,1403,2982,30-VM-23,POINT (-9.154549598693848 38.7351188659668)
2990_71B,45257_20250601_278_0_13,278_0,0,38.73596954345703,-9.201399803161621,13,IN_TRANSIT_TO,2025-07-09 15:57:48,8826,2990,30-VM-06,POINT (-9.201399803161621 38.73596954345703)
2711_746,5983_20250601_108_0_16,108_0,1,38.74087142944336,-9.168120384216309,16,IN_TRANSIT_TO,2025-07-09 15:57:33,1610,2711,92-XQ-44,POINT (-9.168120384216309 38.74087142944336)
2976_702,3058_20250601_146_0_24,146_0,1,38.732521057128906,-9.172220230102539,1,IN_TRANSIT_TO,2025-07-09 15:57:38,50086,2976,30-VM-00,POINT (-9.172220230102539 38.732521057128906)
2616_781,7758_20250601_151_0_13,151_0,1,38.72090148925781,-9.115130424499512,25,IN_TRANSIT_TO,2025-07-09 15:57:41,8310,2616,66-VI-44,POINT (-9.115130424499512 38.72090148925781)
2702_738,5520_20250601_117_0_13,117_0,0,38.754920959472656,-9.175919532775879,0,IN_TRANSIT_TO,2025-07-09 15:57:40,,2702,92-XQ-21,POINT (-9.175919532775879 38.754920959472656)
2634_759,6933_20250601_144_0_8,144_0,1,38.755130767822266,-9.11343002319336,43,IN_TRANSIT_TO,2025-07-09 15:57:42,8202,2634,52-VP-85,POINT (-9.11343002319336 38.755130767822266)
2605_759,6972_20250601_144_0_11,144_0,0,38.766971588134766,-9.098719596862793,46,IN_TRANSIT_TO,2025-07-09 15:57:23,7822,2605,66-VI-35,POINT (-9.098719596862793 38.766971588134766)
2980_702,3071_20250601_146_0_13,146_0,0,38.72766876220703,-9.161979675292969,3,IN_TRANSIT_TO,2025-07-09 15:57:33,6103,2980,29-VM-90,POINT (-9.161979675292969 38.72766876220703)
2663_714,3697_20240914_102_0_16,102_0,1,38.72127151489258,-9.221500396728516,4,IN_TRANSIT_TO,2024-10-22 20:26:58,18703,2663,05-VZ-62,POINT (-9.221500396728516 38.72127151489258)
576_28E,15009_20250601_75_0_10,75_0,0,38.71432876586914,-9.169380187988281,28,IN_TRANSIT_TO,2025-07-09 15:57:46,8017,576,,POINT (-9.169380187988281 38.71432876586914)
581_18E,12193_20250601_78_0_20,78_0,1,38.70473098754883,-9.177749633789062,14,IN_TRANSIT_TO,2025-07-09 15:57:40,12115,581,,POINT (-9.177749633789062 38.70473098754883)
2615_759,6953_20250601_144_0_10,144_0,1,38.71316909790039,-9.138299942016602,45,IN_TRANSIT_TO,2025-07-09 15:57:42,913,2615,66-VI-27,POINT (-9.138299942016602 38.71316909790039)
6043_760,7041_20250601_171_0_12,171_0,1,38.72101974487305,-9.139049530029297,37,IN_TRANSIT_TO,2025-07-09 15:57:29,812,6043,BG-93-LT,POINT (-9.139049530029297 38.72101974487305)
2732_735,5181_20250601_172_0_12,172_0,1,38.74592971801758,-9.140170097351074,9,IN_TRANSIT_TO,2025-07-09 15:57:27,202,2732,AG-39-EI,POINT (-9.140170097351074 38.74592971801758)
1714_717,3768_20250601_170_0_13,170_0,0,38.79751968383789,-9.143549919128418,40,IN_TRANSIT_TO,2025-07-09 15:57:51,16002,1714,69-AL-77,POINT (-9.143549919128418 38.79751968383789)
545_25E,14261_20250601_79_0_24,79_0,0,38.70664978027344,-9.156049728393555,6,IN_TRANSIT_TO,2025-07-09 15:57:44,3912,545,,POINT (-9.156049728393555 38.70664978027344)
4804_728,4612_20250601_204_0_10,204_0,0,38.7747688293457,-9.10254955291748,45,IN_TRANSIT_TO,2025-07-09 15:57:16,7807,4804,53-VR-07,POINT (-9.10254955291748 38.7747688293457)
2963_737,5474_20250601_173_0_34,173_0,1,38.713619232177734,-9.138150215148926,6,IN_TRANSIT_TO,2025-07-09 15:57:43,913,2963,29-VM-88,POINT (-9.138150215148926 38.713619232177734)
2687_746,5978_20250601_108_0_18,108_0,1,38.72610092163086,-9.150369644165039,25,IN_TRANSIT_TO,2025-07-09 15:57:47,1206,2687,93-XA-44,POINT (-9.150369644165039 38.72610092163086)
4813_751,6524_20250601_109_0_3,109_0,0,38.71485137939453,-9.231030464172363,31,IN_TRANSIT_TO,2025-07-09 15:57:38,14306,4813,68-VQ-50,POINT (-9.231030464172363 38.71485137939453)
2696_711,3515_20250601_101_0_2,101_0,0,38.75117111206055,-9.206270217895508,23,IN_TRANSIT_TO,2025-07-09 15:57:24,50231,2696,90-XF-63,POINT (-9.206270217895508 38.75117111206055)
2644_782,7773_20250601_152_0_9,152_0,1,38.75611877441406,-9.103219985961914,8,IN_TRANSIT_TO,2025-07-09 15:57:30,2320,2644,87-VS-52,POINT (-9.103219985961914 38.75611877441406)
2662_722,4131_20250601_196_0_11,196_0,1,38.7642707824707,-9.129480361938477,16,IN_TRANSIT_TO,2025-07-09 15:57:51,7602,2662,05-VZ-51,POINT (-9.129480361938477 38.7642707824707)
2977_737,5501_20250601_173_0_33,173_0,0,38.71152877807617,-9.130900382995605,5,IN_TRANSIT_TO,2025-07-09 15:57:26,13807,2977,30-VM-21,POINT (-9.130900382995605 38.71152877807617)
2427_716,3736_20250601_164_0_15,164_0,0,38.75082015991211,-9.201499938964844,23,IN_TRANSIT_TO,2025-07-09 15:57:34,10904,2427,29-AX-14,POINT (-9.201499938964844 38.75082015991211)
6003_760,51288_20250601_171_0_3,171_0,0,38.70899963378906,-9.135270118713379,10,IN_TRANSIT_TO,2025-07-09 15:57:37,5502,6003,82-ZC-02,POINT (-9.135270118713379 38.70899963378906)
572_28E,15035_20250601_75_0_8,75_0,0,38.70991897583008,-9.135820388793945,10,IN_TRANSIT_TO,2025-07-09 15:57:47,5602,572,,POINT (-9.135820388793945 38.70991897583008)
4824_736,5386_20250601_199_0_12,199_0,1,38.731170654296875,-9.146550178527832,24,IN_TRANSIT_TO,2025-07-09 15:57:43,1714,4824,34-VR-19,POINT (-9.146550178527832 38.731170654296875)
2778_712,3546_20250601_189_0_12,189_0,1,38.707298278808594,-9.172719955444336,2,IN_TRANSIT_TO,2025-07-09 15:57:32,9402,2778,AI-03-BT,POINT (-9.172719955444336 38.707298278808594)
2641_782,7768_20250601_152_0_10,152_0,1,38.71588134765625,-9.120149612426758,17,IN_TRANSIT_TO,2025-07-09 15:57:37,8310,2641,75-VS-49,POINT (-9.120149612426758 38.71588134765625)
270_28E,44754_20250601_75_8_45,75_8,1,38.71501922607422,-9.136630058288574,10,IN_TRANSIT_TO,2025-07-09 15:49:45,804,270,AH-54-CZ,POINT (-9.136630058288574 38.71501922607422)
2974_730,4959_20250601_198_0_17,198_0,1,38.728599548339844,-9.134830474853516,9,IN_TRANSIT_TO,2025-07-09 15:57:29,50657,2974,30-VM-22,POINT (-9.134830474853516 38.728599548339844)
4817_728,4596_20250601_204_0_8,204_0,0,38.78392028808594,-9.109569549560547,50,IN_TRANSIT_TO,2025-07-09 15:57:09,12617,4817,00-VV-37,POINT (-9.109569549560547 38.78392028808594)
2987_774,7429_20250601_192_0_26,192_0,1,38.720218658447266,-9.16469955444336,11,IN_TRANSIT_TO,2025-07-09 15:57:49,8025,2987,29-VM-99,POINT (-9.16469955444336 38.720218658447266)
575_25E,14253_20250601_79_0_23,79_0,1,38.71202087402344,-9.160369873046875,7,IN_TRANSIT_TO,2025-07-09 15:57:31,8113,575,,POINT (-9.160369873046875 38.71202087402344)
6006_760,7083_20250601_171_0_6,171_0,1,38.70602035522461,-9.180919647216797,22,IN_TRANSIT_TO,2025-07-09 15:57:43,12013,6006,82-ZC-09,POINT (-9.180919647216797 38.70602035522461)
2660_714,3702_20250601_102_0_12,102_0,1,38.70280075073242,-9.179929733276367,27,IN_TRANSIT_TO,2025-07-09 15:57:32,12111,2660,05-VZ-60,POINT (-9.179929733276367 38.70280075073242)
4807_751,6497_20250601_109_0_17,109_0,1,38.6974983215332,-9.19497013092041,19,IN_TRANSIT_TO,2025-07-09 15:56:27,4109,4807,20-VQ-69,POINT (-9.19497013092041 38.6974983215332)
2782_712,3562_20250601_189_0_12,189_0,0,38.72959899902344,-9.128049850463867,11,IN_TRANSIT_TO,2025-07-09 15:57:30,7009,2782,AI-99-BS,POINT (-9.128049850463867 38.72959899902344)
4644_750,6349_20250601_106_0_11,106_0,1,38.75736999511719,-9.177669525146484,20,IN_TRANSIT_TO,2025-07-09 15:57:51,10809,4644,27-JO-11,POINT (-9.177669525146484 38.75736999511719)
277_734,5136_20250601_205_0_24,205_0,1,38.72208023071289,-9.128780364990234,8,IN_TRANSIT_TO,2025-07-09 15:57:36,9128,277,AH-13-TB,POINT (-9.128780364990234 38.72208023071289)
4805_728,4616_20250601_204_0_10,204_0,0,38.766048431396484,-9.097929954528809,41,IN_TRANSIT_TO,2025-07-09 15:57:38,2402,4805,20-VQ-66,POINT (-9.097929954528809 38.766048431396484)
2740_720,4080_20250601_143_0_14,143_0,1,38.723548889160156,-9.151020050048828,15,IN_TRANSIT_TO,2025-07-09 15:57:28,6809,2740,AG-43-EI,POINT (-9.151020050048828 38.723548889160156)
2984_797,8158_20250601_163_0_36,163_0,0,38.734779357910156,-9.133769989013672,2,IN_TRANSIT_TO,2025-07-09 15:57:47,402,2984,30-VM-04,POINT (-9.133769989013672 38.734779357910156)
2744_720,4091_20250601_143_0_13,143_0,0,38.70936965942383,-9.166569709777832,22,IN_TRANSIT_TO,2025-07-09 15:57:21,10102,2744,AG-13-TH,POINT (-9.166569709777832 38.70936965942383)
4803_728,4572_20250601_204_0_9,204_0,1,38.71107864379883,-9.12677001953125,30,IN_TRANSIT_TO,2025-07-09 15:57:22,8204,4803,77-VP-16,POINT (-9.12677001953125 38.71107864379883)
2651_720,4097_20250601_143_0_14,143_0,0,38.715370178222656,-9.160699844360352,19,IN_TRANSIT_TO,2025-07-09 15:56:41,8104,2651,05-VZ-54,POINT (-9.160699844360352 38.715370178222656)
2720_711,3504_20250601_101_0_11,101_0,1,38.739898681640625,-9.202369689941406,12,IN_TRANSIT_TO,2025-07-09 15:57:48,8836,2720,92-XQ-28,POINT (-9.202369689941406 38.739898681640625)
2665_713,3587_20250601_122_0_15,122_0,0,38.71657180786133,-9.158129692077637,15,IN_TRANSIT_TO,2025-07-09 15:57:41,6802,2665,87-XB-33,POINT (-9.158129692077637 38.71657180786133)
272_734,5147_20250601_205_0_24,205_0,0,38.71165084838867,-9.125300407409668,16,IN_TRANSIT_TO,2025-07-09 15:57:36,2110,272,AH-26-IN,POINT (-9.125300407409668 38.71165084838867)
2983_774,7456_20250601_192_0_20,192_0,1,38.71704864501953,-9.169569969177246,15,IN_TRANSIT_TO,2025-07-09 15:57:21,8013,2983,30-VM-08,POINT (-9.169569969177246 38.71704864501953)
2627_759,6900_20250601_144_0_9,144_0,0,38.76765060424805,-9.10004997253418,47,IN_TRANSIT_TO,2025-07-09 15:57:28,7825,2627,52-VP-83,POINT (-9.10004997253418 38.76765060424805)
4635_783,7849_20250601_203_0_13,203_0,0,38.72480010986328,-9.156970024108887,1,IN_TRANSIT_TO,2025-07-09 15:57:48,50309,4635,90-JI-95,POINT (-9.156970024108887 38.72480010986328)
274_28E,48754_20250601_75_8_46,75_8,0,38.71522903442383,-9.136119842529297,0,IN_TRANSIT_TO,2025-07-09 15:56:52,,274,AH-14-TB,POINT (-9.136119842529297 38.71522903442383)
2742_735,5262_20250601_172_1_13,172_1,0,38.7135009765625,-9.123519897460938,5,IN_TRANSIT_TO,2025-07-09 15:57:44,8201,2742,AG-94-TG,POINT (-9.123519897460938 38.7135009765625)
2725_727,4489_20250601_103_0_10,103_0,0,38.736820220947266,-9.145649909973145,9,IN_TRANSIT_TO,2025-07-09 15:57:28,1810,2725,92-XQ-30,POINT (-9.145649909973145 38.736820220947266)
2715_723,4162_20250601_121_0_13,121_0,0,38.717079162597656,-9.21107006072998,22,IN_TRANSIT_TO,2025-07-09 15:57:39,10404,2715,92-XQ-22,POINT (-9.21107006072998 38.717079162597656)
2608_722,4126_20250601_196_0_12,196_0,1,38.717620849609375,-9.143369674682617,33,IN_TRANSIT_TO,2025-07-09 15:57:38,1102,2608,66-VI-39,POINT (-9.143369674682617 38.717620849609375)
2966_702,3064_20250601_146_0_29,146_0,0,38.73093032836914,-9.17335033416748,12,IN_TRANSIT_TO,2025-07-09 15:57:46,50085,2966,30-VM-20,POINT (-9.17335033416748 38.73093032836914)
2631_744,5812_20250601_200_0_12,200_0,1,38.71541976928711,-9.141799926757812,33,IN_TRANSIT_TO,2025-07-09 15:57:31,1002,2631,52-VP-80,POINT (-9.141799926757812 38.71541976928711)
2722_711,3488_20250601_101_0_12,101_0,1,38.72417068481445,-9.160499572753906,27,IN_TRANSIT_TO,2025-07-09 15:57:45,8502,2722,92-XQ-36,POINT (-9.160499572753906 38.72417068481445)
2735_717,3882_20250601_170_4_15,170_4,0,38.77455139160156,-9.148880004882812,8,IN_TRANSIT_TO,2025-07-09 15:57:41,11507,2735,AG-37-EI,POINT (-9.148880004882812 38.77455139160156)
267_76B,18629_20250601_219_0_21,219_0,0,38.70977020263672,-9.203470230102539,19,IN_TRANSIT_TO,2025-07-09 15:57:48,12913,267,AG-41-OV,POINT (-9.203470230102539 38.70977020263672)
6045_760,7092_20250601_171_0_13,171_0,1,38.713050842285156,-9.210550308227539,4,IN_TRANSIT_TO,2025-07-09 15:57:37,50169,6045,BH-32-IQ,POINT (-9.210550308227539 38.713050842285156)
2428_703,3132_20250601_165_0_12,165_0,1,38.745269775390625,-9.197919845581055,28,IN_TRANSIT_TO,2025-07-09 15:57:40,5922,2428,29-AX-13,POINT (-9.197919845581055 38.745269775390625)
2327_742,5743_20250601_114_0_8,114_0,1,38.73337173461914,-9.154529571533203,34,IN_TRANSIT_TO,2025-07-09 15:57:44,1406,2327,67-53-ZJ,POINT (-9.154529571533203 38.73337173461914)
2310_742,5772_20250601_114_0_11,114_0,0,38.711280822753906,-9.192350387573242,52,IN_TRANSIT_TO,2025-07-09 15:57:29,10308,2310,83-07-ZM,POINT (-9.192350387573242 38.711280822753906)
253_58B,19290_20250601_227_0_19,227_0,0,38.74163055419922,-9.168020248413086,1,IN_TRANSIT_TO,2025-07-09 15:57:25,1619,253,AF-88-NU,POINT (-9.168020248413086 38.74163055419922)
2402_767,7265_20250601_112_0_10,112_0,1,38.722930908203125,-9.140179634094238,43,IN_TRANSIT_TO,2025-07-09 15:57:50,9207,2402,50-AL-13,POINT (-9.140179634094238 38.722930908203125)
2443_767,7273_20250601_112_0_10,112_0,1,38.7559700012207,-9.147899627685547,30,IN_TRANSIT_TO,2025-07-09 15:57:44,5706,2443,29-AX-05,POINT (-9.147899627685547 38.7559700012207)
6044_706,3264_20250601_147_0_7,147_0,1,38.71997833251953,-9.155269622802734,24,IN_TRANSIT_TO,2025-07-09 15:57:44,6810,6044,BG-87-LX,POINT (-9.155269622802734 38.71997833251953)
2750_756,6721_20250601_175_0_18,175_0,0,38.7421989440918,-9.132329940795898,6,IN_TRANSIT_TO,2025-07-09 15:57:49,301,2750,AG-10-TH,POINT (-9.132329940795898 38.7421989440918)
2471_729,4781_20250601_104_0_10,104_0,1,38.74440002441406,-9.194129943847656,24,IN_TRANSIT_TO,2025-07-09 15:57:43,10831,2471,74-BC-70,POINT (-9.194129943847656 38.74440002441406)
2404_767,7232_20250601_112_0_9,112_0,0,38.74134826660156,-9.137419700622559,10,IN_TRANSIT_TO,2025-07-09 15:57:44,6405,2404,50-AL-11,POINT (-9.137419700622559 38.74134826660156)
2709_714,3708_20250601_102_0_2,102_0,1,38.715431213378906,-9.22996997833252,0,IN_TRANSIT_TO,2025-07-09 15:57:35,,2709,92-XQ-42,POINT (-9.22996997833252 38.715431213378906)
1708_798,8189_20250601_194_0_26,194_0,1,38.77463150024414,-9.148920059204102,13,IN_TRANSIT_TO,2025-07-09 15:57:41,11505,1708,69-AL-71,POINT (-9.148920059204102 38.77463150024414)
2244_758,6855_20250601_150_0_12,150_0,1,38.706729888916016,-9.143500328063965,34,IN_TRANSIT_TO,2025-07-09 15:57:36,3826,2244,22-44-ZB,POINT (-9.143500328063965 38.706729888916016)
2822_748,6154_20250601_169_0_12,169_0,1,38.71323013305664,-9.22523021697998,5,IN_TRANSIT_TO,2025-07-09 15:57:40,14309,2822,BF-54-FZ,POINT (-9.22523021697998 38.71323013305664)
2286_768,7340_20250601_111_0_15,111_0,0,38.76042175292969,-9.183279991149902,16,IN_TRANSIT_TO,2025-07-09 15:57:32,12804,2286,67-42-ZJ,POINT (-9.183279991149902 38.76042175292969)
6013_747,6085_20250601_177_0_18,177_0,1,38.76123046875,-9.197070121765137,7,IN_TRANSIT_TO,2025-07-09 15:57:28,14108,6013,68-ZF-53,POINT (-9.197070121765137 38.76123046875)
2478_729,4826_20250601_104_0_12,104_0,0,38.74905014038086,-9.202930450439453,15,IN_TRANSIT_TO,2025-07-09 15:57:45,10921,2478,91-BE-80,POINT (-9.202930450439453 38.74905014038086)
1778_735,5257_20250601_172_0_10,172_0,0,38.727569580078125,-9.128250122070312,14,IN_TRANSIT_TO,2025-07-09 15:57:25,9107,1778,63-HX-30,POINT (-9.128250122070312 38.727569580078125)
4814_751,6461_20250601_109_0_14,109_0,0,38.71257019042969,-9.175470352172852,6,IN_TRANSIT_TO,2025-07-09 15:57:51,9412,4814,68-VQ-52,POINT (-9.175470352172852 38.71257019042969)
2496_735,5229_20250601_172_0_13,172_0,0,38.75294876098633,-9.143699645996094,27,IN_TRANSIT_TO,2025-07-09 15:57:25,101,2496,88-BL-70,POINT (-9.143699645996094 38.75294876098633)
2815_718,3965_20250601_105_0_6,105_0,0,38.75682067871094,-9.113019943237305,0,IN_TRANSIT_TO,2025-07-09 08:21:51,,2815,90-II-55,POINT (-9.113019943237305 38.75682067871094)
2813_718,3932_20250601_105_0_14,105_0,0,38.72768020629883,-9.119620323181152,23,IN_TRANSIT_TO,2025-07-09 15:57:43,11703,2813,90-II-53,POINT (-9.119620323181152 38.72768020629883)
1746_742,5773_20250601_114_0_10,114_0,0,38.70486831665039,-9.18844985961914,44,IN_TRANSIT_TO,2025-07-09 15:57:30,12006,1746,92-HR-03,POINT (-9.18844985961914 38.70486831665039)
2971_34B,19150_20250601_226_0_11,226_0,0,38.73271942138672,-9.105850219726562,25,IN_TRANSIT_TO,2025-07-09 15:57:37,8308,2971,29-VM-98,POINT (-9.105850219726562 38.73271942138672)
4636_783,7804_20250601_203_0_12,203_0,1,38.74504852294922,-9.147669792175293,21,IN_TRANSIT_TO,2025-07-09 15:57:50,2019,4636,90-JI-97,POINT (-9.147669792175293 38.74504852294922)
2811_749,6204_20250601_195_0_22,195_0,0,38.74967956542969,-9.105680465698242,9,IN_TRANSIT_TO,2025-07-09 15:57:29,2218,2811,02-IH-00,POINT (-9.105680465698242 38.74967956542969)
2803_725,4251_20250601_197_0_27,197_0,0,38.78350067138672,-9.124529838562012,11,IN_TRANSIT_TO,2025-07-09 15:52:14,16303,2803,01-IH-92,POINT (-9.124529838562012 38.78350067138672)
4802_728,4676_20250601_204_0_10,204_0,0,38.69755172729492,-9.187629699707031,13,IN_TRANSIT_TO,2025-07-09 15:57:25,9501,4802,77-VP-17,POINT (-9.187629699707031 38.69755172729492)
4812_728,4636_20250601_204_0_10,204_0,0,38.7239990234375,-9.112279891967773,26,IN_TRANSIT_TO,2025-07-09 15:57:34,9811,4812,20-VQ-70,POINT (-9.112279891967773 38.7239990234375)
2802_725,4241_20250601_197_0_29,197_0,0,38.77521896362305,-9.109350204467773,6,IN_TRANSIT_TO,2025-07-09 15:57:45,7804,2802,01-IH-91,POINT (-9.109350204467773 38.77521896362305)
2968_737,5486_20250601_173_0_38,173_0,1,38.71147155761719,-9.130970001220703,2,IN_TRANSIT_TO,2025-07-09 15:57:33,13808,2968,30-VM-24,POINT (-9.130970001220703 38.71147155761719)
2806_749,6200_20250601_195_0_23,195_0,1,38.74869918823242,-9.132019996643066,6,IN_TRANSIT_TO,2025-07-09 15:57:21,7302,2806,01-IH-95,POINT (-9.132019996643066 38.74869918823242)
2960_40B,17557_20250601_212_0_17,212_0,1,38.78031921386719,-9.151379585266113,10,IN_TRANSIT_TO,2025-07-09 15:57:28,6021,2960,27-GU-75,POINT (-9.151379585266113 38.78031921386719)
2459_729,4818_20250601_104_0_12,104_0,0,38.71377182006836,-9.19653034210205,26,IN_TRANSIT_TO,2025-07-09 15:57:43,10315,2459,74-BC-74,POINT (-9.19653034210205 38.71377182006836)
401_67B,28215_20250601_253_0_13,253_0,0,38.70912170410156,-9.171469688415527,6,IN_TRANSIT_TO,2025-07-09 15:57:45,50531,401,BF-60-TR,POINT (-9.171469688415527 38.70912170410156)
2804_718,3943_20250601_105_0_16,105_0,0,38.75217819213867,-9.105199813842773,8,IN_TRANSIT_TO,2025-07-09 15:57:30,24371,2804,01-IH-93,POINT (-9.105199813842773 38.75217819213867)
4831_736,5366_20250601_199_0_10,199_0,1,38.71659851074219,-9.142470359802246,27,IN_TRANSIT_TO,2025-07-09 15:57:26,1102,4831,20-VQ-61,POINT (-9.142470359802246 38.71659851074219)
1753_796,8126_20250601_174_0_30,174_0,1,38.77457046508789,-9.162300109863281,11,IN_TRANSIT_TO,2025-07-09 15:57:24,5908,1753,34-HU-19,POINT (-9.162300109863281 38.77457046508789)
2761_727,4525_20250601_103_0_9,103_0,1,38.7205810546875,-9.153429985046387,34,IN_TRANSIT_TO,2025-07-09 15:57:37,6805,2761,AH-33-ND,POINT (-9.153429985046387 38.7205810546875)
2455_767,7242_20250601_112_0_3,112_0,0,38.7223014831543,-9.139880180358887,0,IN_TRANSIT_TO,2025-07-09 15:57:44,,2455,16-AZ-12,POINT (-9.139880180358887 38.7223014831543)
2700_754,6580_20250601_201_0_13,201_0,1,38.74467849731445,-9.190779685974121,20,IN_TRANSIT_TO,2025-07-09 15:57:35,10838,2700,92-XQ-26,POINT (-9.190779685974121 38.74467849731445)
2311_793,8006_20250601_145_0_18,145_0,0,38.74095153808594,-9.10575008392334,0,IN_TRANSIT_TO,2025-07-09 15:57:16,,2311,72-23-XN,POINT (-9.10575008392334 38.74095153808594)
2667_714,17756_20250601_102_0_12,102_0,1,38.721900939941406,-9.218379974365234,5,IN_TRANSIT_TO,2025-07-09 15:57:44,18711,2667,87-XB-45,POINT (-9.218379974365234 38.721900939941406)
2410_716,3741_20250601_164_0_2,164_0,0,38.738651275634766,-9.163629531860352,10,IN_TRANSIT_TO,2025-07-09 15:57:34,1507,2410,92-AO-46,POINT (-9.163629531860352 38.738651275634766)
2280_724,4220_20250601_178_0_19,178_0,0,38.7445182800293,-9.194169998168945,16,IN_TRANSIT_TO,2025-07-09 15:57:40,10831,2280,67-40-ZJ,POINT (-9.194169998168945 38.7445182800293)
2794_714,3634_20250601_102_0_13,102_0,0,38.70616912841797,-9.212430000305176,25,IN_TRANSIT_TO,2025-07-09 15:57:50,13120,2794,AJ-60-LI,POINT (-9.212430000305176 38.70616912841797)
4608_728,4704_20250601_204_0_9,204_0,1,38.697269439697266,-9.199319839477539,42,IN_TRANSIT_TO,2025-07-09 15:57:36,4102,4608,96-GL-85,POINT (-9.199319839477539 38.697269439697266)
219_773,7393_20250601_124_0_3,124_0,0,38.715049743652344,-9.150830268859863,6,IN_TRANSIT_TO,2025-07-09 15:57:40,6716,219,11-12-XO,POINT (-9.150830268859863 38.715049743652344)
302_744,5820_20250601_200_0_12,200_0,1,38.73870086669922,-9.146120071411133,25,IN_TRANSIT_TO,2025-07-09 15:57:28,1902,302,22-SP-89,POINT (-9.146120071411133 38.73870086669922)
2710_714,3678_20250601_102_0_2,102_0,1,38.706451416015625,-9.154230117797852,35,IN_TRANSIT_TO,2025-07-09 15:57:26,3913,2710,92-XQ-19,POINT (-9.154230117797852 38.706451416015625)
2623_705,3179_20250601_176_0_16,176_0,1,38.78273010253906,-9.124580383300781,15,IN_TRANSIT_TO,2025-07-09 15:57:47,16302,2623,66-VI-26,POINT (-9.124580383300781 38.78273010253906)
2734_755,6678_20250601_118_0_11,118_0,0,38.75017166137695,-9.159270286560059,37,IN_TRANSIT_TO,2025-07-09 15:57:31,13507,2734,AG-50-EI,POINT (-9.159270286560059 38.75017166137695)
2790_754,6614_20250601_201_0_13,201_0,0,38.74776840209961,-9.188249588012695,16,IN_TRANSIT_TO,2025-07-09 15:57:51,10824,2790,AI-54-TL,POINT (-9.188249588012695 38.74776840209961)
215_17B,21702_20250601_247_0_13,247_0,0,38.722320556640625,-9.139229774475098,10,IN_TRANSIT_TO,2025-07-09 15:57:28,9211,215,44-42-XM,POINT (-9.139229774475098 38.722320556640625)
2450_716,3749_20250601_164_0_18,164_0,1,38.73889923095703,-9.150079727172852,18,IN_TRANSIT_TO,2025-07-09 15:57:51,33101,2450,44-BC-36,POINT (-9.150079727172852 38.73889923095703)
2746_720,4058_20250601_143_0_11,143_0,1,38.73752975463867,-9.124719619750977,29,IN_TRANSIT_TO,2025-07-09 15:57:38,9006,2746,AG-97-TG,POINT (-9.124719619750977 38.73752975463867)
2300_742,5765_20250601_114_0_8,114_0,0,38.709999084472656,-9.194580078125,51,IN_TRANSIT_TO,2025-07-09 15:57:44,10306,2300,83-13-ZM,POINT (-9.194580078125 38.709999084472656)
1775_717,3854_20250601_170_0_14,170_0,1,38.77281951904297,-9.161250114440918,21,IN_TRANSIT_TO,2025-07-09 15:57:48,5906,1775,53-HX-08,POINT (-9.161250114440918 38.77281951904297)
2797_713,3571_20250601_122_0_13,122_0,0,38.7156982421875,-9.175580024719238,32,IN_TRANSIT_TO,2025-07-09 15:57:37,11903,2797,AJ-57-LI,POINT (-9.175580024719238 38.7156982421875)
1773_717,3769_20250601_170_0_13,170_0,0,38.77431869506836,-9.152000427246094,23,IN_TRANSIT_TO,2025-07-09 15:57:24,11507,1773,53-HX-06,POINT (-9.152000427246094 38.77431869506836)
2759_709,3404_20250601_148_0_23,148_0,1,38.72306823730469,-9.148750305175781,8,IN_TRANSIT_TO,2025-07-09 15:57:35,1216,2759,AH-21-ND,POINT (-9.148750305175781 38.72306823730469)
2745_756,6720_20250601_175_0_18,175_0,0,38.73558044433594,-9.162070274353027,15,IN_TRANSIT_TO,2025-07-09 15:57:31,1514,2745,AG-06-TH,POINT (-9.162070274353027 38.73558044433594)
2784_712,3532_20250601_189_0_10,189_0,1,38.73323059082031,-9.132369995117188,24,IN_TRANSIT_TO,2025-07-09 15:57:32,504,2784,AI-09-BT,POINT (-9.132369995117188 38.73323059082031)
4628_736,5403_20250601_199_0_12,199_0,1,38.753929138183594,-9.152600288391113,16,IN_TRANSIT_TO,2025-07-09 15:57:35,5704,4628,27-JO-10,POINT (-9.152600288391113 38.753929138183594)
1770_742,5682_20250601_114_0_9,114_0,0,38.734718322753906,-9.13737964630127,18,IN_TRANSIT_TO,2025-07-09 15:57:23,518,1770,63-HX-17,POINT (-9.13737964630127 38.734718322753906)
2480_726,4313_20250601_116_0_2,116_0,1,38.730499267578125,-9.134469985961914,31,IN_TRANSIT_TO,2025-07-09 15:57:24,609,2480,91-BE-75,POINT (-9.134469985961914 38.730499267578125)
2252_760,7101_20250601_171_0_5,171_0,0,38.71369934082031,-9.198800086975098,31,IN_TRANSIT_TO,2025-07-09 15:57:41,10315,2252,80-40-ZE,POINT (-9.198800086975098 38.71369934082031)
217_773,7373_20250601_124_0_21,124_0,0,38.71028137207031,-9.17140007019043,21,IN_TRANSIT_TO,2025-07-09 15:57:34,9421,217,29-98-XM,POINT (-9.17140007019043 38.71028137207031)
2767_764,7150_20250601_168_0_15,168_0,1,38.74504852294922,-9.200530052185059,14,IN_TRANSIT_TO,2025-07-09 15:57:47,8813,2767,AH-34-ND,POINT (-9.200530052185059 38.74504852294922)
2413_771,21931_20250601_248_0_20,248_0,0,38.7227783203125,-9.168970108032227,11,IN_TRANSIT_TO,2025-07-09 15:57:51,8607,2413,92-AO-50,POINT (-9.168970108032227 38.7227783203125)
2454_729,4784_20250601_104_0_10,104_0,1,38.73228073120117,-9.198100090026855,21,IN_TRANSIT_TO,2025-07-09 15:57:30,8713,2454,16-AZ-18,POINT (-9.198100090026855 38.73228073120117)
2482_729,4762_20250601_104_0_11,104_0,1,38.74504852294922,-9.199799537658691,25,IN_TRANSIT_TO,2025-07-09 15:57:30,2806,2482,55-BH-02,POINT (-9.199799537658691 38.74504852294922)
1780_717,3812_20250601_170_0_10,170_0,0,38.74842071533203,-9.13092041015625,5,IN_TRANSIT_TO,2025-07-09 15:57:41,313,1780,63-HX-18,POINT (-9.13092041015625 38.74842071533203)
1769_708,3355_20250601_100_0_9,100_0,0,38.76462936401367,-9.123570442199707,15,IN_TRANSIT_TO,2025-07-09 15:57:45,7507,1769,63-HX-24,POINT (-9.123570442199707 38.76462936401367)
1767_755,6637_20250601_118_0_12,118_0,1,38.755828857421875,-9.145520210266113,9,IN_TRANSIT_TO,2025-07-09 15:57:28,11302,1767,63-HX-29,POINT (-9.145520210266113 38.755828857421875)
1768_717,3834_20250601_170_0_13,170_0,1,38.75627899169922,-9.139869689941406,30,IN_TRANSIT_TO,2025-07-09 15:57:31,11314,1768,63-HX-23,POINT (-9.139869689941406 38.75627899169922)
2255_763,46417_20250601_282_0_18,282_0,1,38.76084899902344,-9.196020126342773,4,IN_TRANSIT_TO,2025-07-09 15:57:48,12812,2255,80-54-ZE,POINT (-9.196020126342773 38.76084899902344)
1722_701,2977_20250601_123_0_13,123_0,1,38.721168518066406,-9.167400360107422,4,IN_TRANSIT_TO,2025-07-09 15:57:33,8011,1722,25-AS-34,POINT (-9.167400360107422 38.721168518066406)
1759_794,8032_20250601_115_0_13,115_0,1,38.756919860839844,-9.126520156860352,18,IN_TRANSIT_TO,2025-07-09 15:57:48,14707,1759,34-HU-25,POINT (-9.126520156860352 38.756919860839844)
1756_717,3835_20250601_170_0_13,170_0,1,38.7742805480957,-9.153579711914062,18,IN_TRANSIT_TO,2025-07-09 15:57:33,11510,1756,34-HU-22,POINT (-9.153579711914062 38.7742805480957)
2487_767,7288_20250601_112_0_2,112_0,1,38.758880615234375,-9.180179595947266,20,IN_TRANSIT_TO,2025-07-09 15:57:25,12803,2487,54-BH-97,POINT (-9.180179595947266 38.758880615234375)
1757_755,6693_20250601_118_0_14,118_0,0,38.749969482421875,-9.10457992553711,5,IN_TRANSIT_TO,2025-07-09 15:57:27,50228,1757,34-HU-23,POINT (-9.10457992553711 38.749969482421875)
2470_726,4327_20250601_116_0_10,116_0,1,38.72737121582031,-9.134849548339844,30,IN_TRANSIT_TO,2025-07-09 15:57:32,50657,2470,74-BC-71,POINT (-9.134849548339844 38.72737121582031)
2433_778,18639_20250601_179_0_22,179_0,1,38.764068603515625,-9.190119743347168,3,IN_TRANSIT_TO,2025-07-09 15:57:28,12822,2433,44-BC-28,POINT (-9.190119743347168 38.764068603515625)
2344_778,18647_20250601_179_0_3,179_0,0,38.76268005371094,-9.170780181884766,6,IN_TRANSIT_TO,2025-07-09 15:57:30,50007,2344,53-60-ZJ,POINT (-9.170780181884766 38.76268005371094)
2771_709,3392_20250601_148_0_28,148_0,0,38.72330093383789,-9.148469924926758,4,IN_TRANSIT_TO,2025-07-09 15:57:28,1103,2771,AH-20-ND,POINT (-9.148469924926758 38.72330093383789)
2412_767,7296_20250601_112_0_10,112_0,1,38.75297164916992,-9.206199645996094,7,IN_TRANSIT_TO,2025-07-09 15:57:21,50171,2412,92-AO-48,POINT (-9.206199645996094 38.75297164916992)
2469_729,4803_20250601_104_0_13,104_0,1,38.69504928588867,-9.215570449829102,4,IN_TRANSIT_TO,2025-07-09 15:57:34,13205,2469,16-AZ-09,POINT (-9.215570449829102 38.69504928588867)
2747_735,5274_20250601_172_1_2,172_1,1,38.731170654296875,-9.127820014953613,5,IN_TRANSIT_TO,2025-07-09 15:57:26,7004,2747,AG-09-TH,POINT (-9.127820014953613 38.731170654296875)
1704_794,8055_20250601_115_0_13,115_0,1,38.76810073852539,-9.099849700927734,0,IN_TRANSIT_TO,2025-07-09 15:57:49,,1704,35-AL-14,POINT (-9.099849700927734 38.76810073852539)
2268_758,6866_20250601_150_0_14,150_0,1,38.717750549316406,-9.15155029296875,27,IN_TRANSIT_TO,2025-07-09 15:57:46,6807,2268,76-87-ZG,POINT (-9.15155029296875 38.717750549316406)
2447_716,3720_20250601_164_0_20,164_0,1,38.74837875366211,-9.192749977111816,0,IN_TRANSIT_TO,2025-07-09 15:56:42,,2447,44-BC-33,POINT (-9.192749977111816 38.74837875366211)
1772_717,3869_20250601_170_0_9,170_0,1,38.79808044433594,-9.145380020141602,0,IN_TRANSIT_TO,2025-07-09 15:57:30,,1772,63-HX-22,POINT (-9.145380020141602 38.79808044433594)
4613_748,6139_20250601_169_0_13,169_0,0,38.72492980957031,-9.184200286865234,5,IN_TRANSIT_TO,2025-07-09 15:57:48,8607,4613,22-GP-48,POINT (-9.184200286865234 38.72492980957031)
1779_717,3790_20250601_170_0_13,170_0,0,38.77410125732422,-9.154580116271973,22,IN_TRANSIT_TO,2025-07-09 15:57:32,5913,1779,63-HX-20,POINT (-9.154580116271973 38.77410125732422)
1718_756,6751_20250601_175_0_2,175_0,0,38.70362854003906,-9.179280281066895,24,IN_TRANSIT_TO,2025-07-09 15:57:38,12122,1718,69-AL-81,POINT (-9.179280281066895 38.70362854003906)
202_49B,22213_20250601_251_0_16,251_0,0,38.73870086669922,-9.125699996948242,10,IN_TRANSIT_TO,2025-07-09 15:57:36,9002,202,89-58-XD,POINT (-9.125699996948242 38.73870086669922)
2772_727,4509_20250601_103_0_9,103_0,1,38.74578094482422,-9.140069961547852,46,IN_TRANSIT_TO,2025-07-09 15:57:32,202,2772,AH-24-ND,POINT (-9.140069961547852 38.74578094482422)
2467_703,3161_20250601_165_0_14,165_0,1,38.774349212646484,-9.16312026977539,28,IN_TRANSIT_TO,2025-07-09 15:57:33,5922,2467,16-AZ-14,POINT (-9.16312026977539 38.774349212646484)
2757_776,7488_20250601_193_0_40,193_0,0,38.70027160644531,-9.24092960357666,5,IN_TRANSIT_TO,2025-07-09 15:57:30,14906,2757,AH-32-ND,POINT (-9.24092960357666 38.70027160644531)
2473_703,3157_20250601_165_0_14,165_0,0,38.772701263427734,-9.163829803466797,18,IN_TRANSIT_TO,2025-07-09 15:57:37,5915,2473,74-BC-68,POINT (-9.163829803466797 38.772701263427734)
1758_717,3861_20250601_170_0_14,170_0,1,38.787349700927734,-9.1497802734375,6,IN_TRANSIT_TO,2025-07-09 15:57:28,11601,1758,34-HU-24,POINT (-9.1497802734375 38.787349700927734)
2461_778,7528_20250601_179_0_20,179_0,1,38.76057052612305,-9.167070388793945,21,IN_TRANSIT_TO,2025-07-09 15:57:37,50006,2461,55-BH-04,POINT (-9.167070388793945 38.76057052612305)
2775_714,3692_20250601_102_0_10,102_0,1,38.70452117919922,-9.164199829101562,32,IN_TRANSIT_TO,2025-07-09 15:57:26,10211,2775,AH-31-ND,POINT (-9.164199829101562 38.70452117919922)
2285_768,7336_20250601_111_0_19,111_0,1,38.763328552246094,-9.19771957397461,4,IN_TRANSIT_TO,2025-07-09 15:57:27,13909,2285,67-55-ZJ,POINT (-9.19771957397461 38.763328552246094)
2967_702,3035_20250601_146_0_24,146_0,1,38.727169036865234,-9.158880233764648,10,IN_TRANSIT_TO,2025-07-09 15:57:28,6101,2967,30-VM-05,POINT (-9.158880233764648 38.727169036865234)
1719_701,2969_20250601_123_0_14,123_0,1,38.75006866455078,-9.159979820251465,22,IN_TRANSIT_TO,2025-07-09 15:57:11,13620,1719,25-AS-31,POINT (-9.159979820251465 38.75006866455078)
2445_703,3121_20250601_165_0_13,165_0,0,38.74502182006836,-9.197979927062988,37,IN_TRANSIT_TO,2025-07-09 15:57:49,2804,2445,44-BC-31,POINT (-9.197979927062988 38.74502182006836)
2423_703,3169_20250601_165_0_2,165_0,1,38.77415084838867,-9.163649559020996,25,IN_TRANSIT_TO,2025-07-09 15:57:31,5915,2423,29-AU-18,POINT (-9.163649559020996 38.77415084838867)
2269_758,6807_20250601_150_0_13,150_0,0,38.73862838745117,-9.167220115661621,17,IN_TRANSIT_TO,2025-07-09 15:57:23,2713,2269,76-88-ZG,POINT (-9.167220115661621 38.73862838745117)
2758_723,4165_20250601_121_0_15,121_0,0,38.72494888305664,-9.15602970123291,8,IN_TRANSIT_TO,2025-07-09 15:57:42,1223,2758,AH-36-ND,POINT (-9.15602970123291 38.72494888305664)
218_773,7412_20250601_124_0_24,124_0,1,38.71202850341797,-9.16862964630127,8,IN_TRANSIT_TO,2025-07-09 15:57:45,10106,218,11-13-XO,POINT (-9.16862964630127 38.71202850341797)
2833_753,6538_20250601_167_0_3,167_0,1,38.724998474121094,-9.154020309448242,5,IN_TRANSIT_TO,2025-07-09 15:57:36,1224,2833,BF-65-FZ,POINT (-9.154020309448242 38.724998474121094)
1703_701,2933_20250601_123_0_18,123_0,0,38.75592041015625,-9.171199798583984,13,IN_TRANSIT_TO,2025-07-09 15:57:24,50177,1703,35-AL-13,POINT (-9.171199798583984 38.75592041015625)
1766_794,8044_20250601_115_0_11,115_0,1,38.754798889160156,-9.103130340576172,5,IN_TRANSIT_TO,2025-07-09 15:57:28,2310,1766,63-HX-33,POINT (-9.103130340576172 38.754798889160156)
1715_701,2951_20250601_123_0_18,123_0,0,38.75835037231445,-9.155670166015625,1,IN_TRANSIT_TO,2025-07-09 15:57:22,5829,1715,69-AL-78,POINT (-9.155670166015625 38.75835037231445)
2787_712,3560_20250601_189_0_11,189_0,0,38.727901458740234,-9.159449577331543,26,IN_TRANSIT_TO,2025-07-09 15:57:27,6103,2787,AI-55-TL,POINT (-9.159449577331543 38.727901458740234)
2307_793,7975_20250601_145_0_18,145_0,1,38.74803161621094,-9.112950325012207,13,IN_TRANSIT_TO,2025-07-09 15:57:35,3714,2307,83-20-ZM,POINT (-9.112950325012207 38.74803161621094)
2271_763,49569_20250601_282_0_3,282_0,0,38.77560043334961,-9.178549766540527,10,IN_TRANSIT_TO,2025-07-09 15:57:34,14109,2271,92-54-ZM,POINT (-9.178549766540527 38.77560043334961)
2305_783,7840_20250601_203_0_13,203_0,0,38.7484016418457,-9.147899627685547,11,IN_TRANSIT_TO,2025-07-09 15:57:32,2011,2305,83-18-ZM,POINT (-9.147899627685547 38.7484016418457)
2498_755,6634_20250601_118_0_13,118_0,1,38.75563049316406,-9.113679885864258,27,IN_TRANSIT_TO,2025-07-09 15:57:22,24367,2498,03-BM-57,POINT (-9.113679885864258 38.75563049316406)
1763_794,8074_20250601_115_0_13,115_0,0,38.759220123291016,-9.123570442199707,23,IN_TRANSIT_TO,2025-07-09 15:57:30,14706,1763,63-HX-25,POINT (-9.123570442199707 38.759220123291016)
1776_720,4083_20250601_143_0_2,143_0,1,38.7200813293457,-9.154470443725586,14,IN_TRANSIT_TO,2025-07-09 15:57:30,6805,1776,53-HX-09,POINT (-9.154470443725586 38.7200813293457)
1761_735,5270_20250601_172_0_10,172_0,1,38.708431243896484,-9.131279945373535,32,IN_TRANSIT_TO,2025-07-09 15:57:46,8202,1761,63-HX-19,POINT (-9.131279945373535 38.708431243896484)
4605_750,6327_20250601_106_0_10,106_0,1,38.757720947265625,-9.109700202941895,33,IN_TRANSIT_TO,2025-07-09 15:57:38,8409,4605,31-GN-72,POINT (-9.109700202941895 38.757720947265625)
2306_742,5679_20250601_114_0_10,114_0,0,38.736328125,-9.151869773864746,24,IN_TRANSIT_TO,2025-07-09 15:57:39,1409,2306,83-19-ZM,POINT (-9.151869773864746 38.736328125)
1712_717,3791_20250601_170_0_13,170_0,0,38.74911880493164,-9.136280059814453,7,IN_TRANSIT_TO,2025-07-09 15:57:52,11203,1712,69-AL-75,POINT (-9.136280059814453 38.74911880493164)
220_773,7405_20250601_124_0_19,124_0,0,38.710201263427734,-9.17134952545166,23,IN_TRANSIT_TO,2025-07-09 15:39:57,9419,220,11-07-XO,POINT (-9.17134952545166 38.710201263427734)
6011_767,21198_20250601_112_1_9,112_1,1,38.74903106689453,-9.191149711608887,16,IN_TRANSIT_TO,2025-07-09 15:57:34,10807,6011,65-ZF-82,POINT (-9.191149711608887 38.74903106689453)
225_37B,18838_20250601_224_0_19,224_0,0,38.737548828125,-9.127400398254395,16,IN_TRANSIT_TO,2025-07-09 15:57:51,9002,225,84-37-XQ,POINT (-9.127400398254395 38.737548828125)
605_15E,11185_20250601_76_0_17,76_0,0,38.702850341796875,-9.180020332336426,10,IN_TRANSIT_TO,2025-07-09 15:57:33,12116,605,,POINT (-9.180020332336426 38.702850341796875)
2240_778,18643_20250601_179_0_18,179_0,0,38.76448059082031,-9.189979553222656,21,IN_TRANSIT_TO,2025-07-09 15:57:44,12825,2240,06-31-XX,POINT (-9.189979553222656 38.76448059082031)
2297_731,4995_20250601_190_0_11,190_0,0,38.76268005371094,-9.129300117492676,19,IN_TRANSIT_TO,2025-07-09 15:57:26,7501,2297,83-06-ZM,POINT (-9.129300117492676 38.76268005371094)
2403_767,7295_20250601_112_0_10,112_0,1,38.748348236083984,-9.217650413513184,2,IN_TRANSIT_TO,2025-07-09 15:57:18,50336,2403,50-AL-12,POINT (-9.217650413513184 38.748348236083984)
2786_727,4555_20250601_103_0_9,103_0,0,38.69852066040039,-9.1879301071167,32,IN_TRANSIT_TO,2025-07-09 15:57:32,9504,2786,AI-52-TL,POINT (-9.1879301071167 38.69852066040039)
2426_726,4269_20250601_116_0_11,116_0,0,38.76066970825195,-9.194930076599121,27,IN_TRANSIT_TO,2025-07-09 15:57:39,12812,2426,29-AU-21,POINT (-9.194930076599121 38.76066970825195)
2401_703,3165_20250601_165_0_12,165_0,1,38.77980041503906,-9.148329734802246,33,IN_TRANSIT_TO,2025-07-09 15:57:50,6018,2401,50-AL-14,POINT (-9.148329734802246 38.77980041503906)
2485_726,4343_20250601_116_0_12,116_0,1,38.7504997253418,-9.17300033569336,11,IN_TRANSIT_TO,2025-07-09 15:57:28,13618,2485,91-BE-77,POINT (-9.17300033569336 38.7504997253418)
2309_708,3327_20250601_100_0_8,100_0,1,38.768070220947266,-9.108570098876953,16,IN_TRANSIT_TO,2025-07-09 15:57:46,7712,2309,83-15-ZM,POINT (-9.108570098876953 38.768070220947266)
2474_747,6123_20250601_177_0_20,177_0,1,38.76662826538086,-9.184720039367676,8,IN_TRANSIT_TO,2025-07-09 15:57:34,12831,2474,74-BC-67,POINT (-9.184720039367676 38.76662826538086)
2942_79B,18660_20250601_221_0_12,221_0,0,38.708030700683594,-9.206069946289062,28,IN_TRANSIT_TO,2025-07-09 15:57:24,50384,2942,51-GL-82,POINT (-9.206069946289062 38.708030700683594)
2283_724,4227_20250601_178_0_21,178_0,0,38.71992874145508,-9.185270309448242,5,IN_TRANSIT_TO,2025-07-09 15:57:50,11805,2283,67-39-ZJ,POINT (-9.185270309448242 38.71992874145508)
4840_783,7839_20250601_203_0_11,203_0,0,38.76805114746094,-9.128419876098633,19,IN_TRANSIT_TO,2025-07-09 15:57:32,7601,4840,45-VX-93,POINT (-9.128419876098633 38.76805114746094)
2335_742,5756_20250601_114_0_10,114_0,1,38.70235061645508,-9.180700302124023,18,IN_TRANSIT_TO,2025-07-09 15:57:24,12005,2335,62-98-ZG,POINT (-9.180700302124023 38.70235061645508)
2481_729,4806_20250601_104_0_12,104_0,0,38.69921875,-9.19968032836914,33,IN_TRANSIT_TO,2025-07-09 15:57:28,4106,2481,54-BH-99,POINT (-9.19968032836914 38.69921875)
609_15E,11225_20250601_76_0_16,76_0,1,38.703250885009766,-9.179670333862305,13,IN_TRANSIT_TO,2025-07-09 15:57:47,12111,609,,POINT (-9.179670333862305 38.703250885009766)
4609_751,21405_20250601_109_4_11,109_4,1,38.71588134765625,-9.17549991607666,11,IN_TRANSIT_TO,2025-07-09 15:57:38,11903,4609,96-GL-86,POINT (-9.17549991607666 38.71588134765625)
2941_26B,17519_20250601_208_0_16,208_0,1,38.775428771972656,-9.095049858093262,15,IN_TRANSIT_TO,2025-07-09 15:50:18,7910,2941,51-GL-81,POINT (-9.095049858093262 38.775428771972656)
2289_731,5013_20250601_190_0_5,190_0,0,38.77473068237305,-9.103619575500488,29,IN_TRANSIT_TO,2025-06-20 07:26:48,7807,2289,92-60-ZM,POINT (-9.103619575500488 38.77473068237305)
2788_712,3552_20250601_189_0_9,189_0,0,38.70732879638672,-9.172699928283691,35,IN_TRANSIT_TO,2025-07-09 15:57:23,9403,2788,AI-51-TL,POINT (-9.172699928283691 38.70732879638672)
2831_728,4720_20250601_204_4_11,204_4,0,38.706329345703125,-9.147970199584961,9,IN_TRANSIT_TO,2025-07-09 15:57:42,7101,2831,BF-72-FZ,POINT (-9.147970199584961 38.706329345703125)
2434_767,7186_20250601_112_0_9,112_0,0,38.750221252441406,-9.195799827575684,32,IN_TRANSIT_TO,2025-07-09 15:57:30,10802,2434,29-AU-24,POINT (-9.195799827575684 38.750221252441406)
2464_747,6107_20250601_177_0_20,177_0,0,38.76477813720703,-9.177120208740234,10,IN_TRANSIT_TO,2025-07-09 15:57:45,50021,2464,91-BE-71,POINT (-9.177120208740234 38.76477813720703)
1723_717,3874_20250601_170_4_15,170_4,0,38.795448303222656,-9.151180267333984,23,IN_TRANSIT_TO,2025-07-09 15:57:50,11610,1723,25-AS-35,POINT (-9.151180267333984 38.795448303222656)
223_773,7384_20250601_124_0_23,124_0,0,38.710350036621094,-9.16178035736084,12,IN_TRANSIT_TO,2025-07-09 15:57:27,10001,223,84-38-XQ,POINT (-9.16178035736084 38.710350036621094)
1726_794,8083_20250601_115_0_11,115_0,0,38.7453498840332,-9.116450309753418,13,IN_TRANSIT_TO,2025-07-09 15:56:11,3604,1726,25-AS-38,POINT (-9.116450309753418 38.7453498840332)
2291_724,4197_20250601_178_0_20,178_0,1,38.754371643066406,-9.195850372314453,7,IN_TRANSIT_TO,2025-07-09 15:57:25,10909,2291,92-56-ZM,POINT (-9.195850372314453 38.754371643066406)
206_41B,19384_20250601_232_0_22,232_0,1,38.78411865234375,-9.165929794311523,0,IN_TRANSIT_TO,2025-07-09 15:57:49,,206,33-49-XH,POINT (-9.165929794311523 38.78411865234375)
2610_781,7735_20250601_151_0_13,151_0,0,38.7859001159668,-9.123849868774414,27,IN_TRANSIT_TO,2025-07-09 15:57:34,16303,2610,66-VI-20,POINT (-9.123849868774414 38.7859001159668)
2290_716,3736_20250601_164_0_6,164_0,1,38.738250732421875,-9.159150123596191,14,IN_TRANSIT_TO,2025-07-09 09:55:46,1602,2290,92-55-ZM,POINT (-9.159150123596191 38.738250732421875)
2840_751,6482_20250601_109_0_17,109_0,0,38.73112869262695,-9.168279647827148,0,IN_TRANSIT_TO,2025-07-09 15:57:25,,2840,BF-75-FZ,POINT (-9.168279647827148 38.73112869262695)
1728_701,2986_20250601_123_0_2,123_0,0,38.72740173339844,-9.16232967376709,25,IN_TRANSIT_TO,2025-07-09 15:57:43,6122,1728,25-AS-40,POINT (-9.16232967376709 38.72740173339844)
4838_736,42809_20250601_199_0_13,199_0,0,38.78718185424805,-9.171250343322754,27,IN_TRANSIT_TO,2025-07-09 15:57:00,7211,4838,34-VR-22,POINT (-9.171250343322754 38.78718185424805)
2751_727,4445_20250601_103_0_9,103_0,0,38.708919525146484,-9.15310001373291,21,IN_TRANSIT_TO,2025-07-09 15:57:48,7104,2751,AG-12-TH,POINT (-9.15310001373291 38.708919525146484)
2249_758,6882_20250601_150_0_12,150_0,1,38.75075149536133,-9.201629638671875,3,IN_TRANSIT_TO,2025-07-09 15:57:40,10901,2249,22-32-ZB,POINT (-9.201629638671875 38.75075149536133)
2825_728,4692_20250601_204_0_2,204_0,0,38.705631256103516,-9.205069541931152,5,IN_TRANSIT_TO,2025-07-09 15:57:31,13115,2825,BF-53-FZ,POINT (-9.205069541931152 38.705631256103516)
6029_732,5094_20250601_107_0_8,107_0,0,38.71084976196289,-9.138649940490723,16,IN_TRANSIT_TO,2025-07-09 15:57:48,908,6029,BF-52-AX,POINT (-9.138649940490723 38.71084976196289)
2276_768,7327_20250601_111_0_18,111_0,1,38.744529724121094,-9.179380416870117,15,IN_TRANSIT_TO,2025-07-09 15:57:24,10701,2276,53-57-ZJ,POINT (-9.179380416870117 38.744529724121094)
2418_767,7287_20250601_112_0_10,112_0,1,38.757999420166016,-9.15546989440918,28,IN_TRANSIT_TO,2025-07-09 15:57:32,5808,2418,92-AO-54,POINT (-9.15546989440918 38.757999420166016)
2466_767,7251_20250601_112_0_8,112_0,1,38.7223014831543,-9.140219688415527,43,IN_TRANSIT_TO,2025-07-09 15:57:45,9207,2466,16-AZ-16,POINT (-9.140219688415527 38.7223014831543)
2668_723,4143_20250601_121_0_14,121_0,1,38.71704864501953,-9.210729598999023,12,IN_TRANSIT_TO,2025-07-09 15:57:22,10404,2668,87-XB-36,POINT (-9.210729598999023 38.71704864501953)
208_41B,19386_20250601_232_0_4,232_0,1,38.78403091430664,-9.163450241088867,7,IN_TRANSIT_TO,2025-06-09 10:47:59,5905,208,33-47-XH,POINT (-9.163450241088867 38.78403091430664)
4834_755,6681_20250601_118_0_2,118_0,0,38.75114822387695,-9.124670028686523,26,IN_TRANSIT_TO,2025-07-09 15:57:43,14726,4834,20-VQ-71,POINT (-9.124670028686523 38.75114822387695)
2770_746,5953_20250601_108_0_17,108_0,0,38.750831604003906,-9.201720237731934,20,IN_TRANSIT_TO,2025-07-09 15:57:28,10904,2770,AH-30-ND,POINT (-9.201720237731934 38.750831604003906)
212_49B,22212_20250601_251_0_16,251_0,0,38.74549865722656,-9.135080337524414,17,IN_TRANSIT_TO,2025-07-09 15:51:13,50109,212,44-11-XL,POINT (-9.135080337524414 38.74549865722656)
2209_742,5754_20250601_114_0_9,114_0,1,38.72328186035156,-9.166250228881836,27,IN_TRANSIT_TO,2025-07-09 15:57:48,8011,2209,01-68-XO,POINT (-9.166250228881836 38.72328186035156)
2235_799,8214_20250601_120_0_21,120_0,1,38.749881744384766,-9.197480201721191,19,IN_TRANSIT_TO,2025-07-09 15:57:28,2803,2235,06-32-XX,POINT (-9.197480201721191 38.749881744384766)
2224_793,7985_20250601_145_0_19,145_0,1,38.74327850341797,-9.132800102233887,2,IN_TRANSIT_TO,2025-07-09 15:57:43,308,2224,08-15-XS,POINT (-9.132800102233887 38.74327850341797)
2210_720,4090_20250601_143_0_12,143_0,1,38.703651428222656,-9.179280281066895,4,IN_TRANSIT_TO,2025-07-09 15:57:30,12107,2210,01-66-XO,POINT (-9.179280281066895 38.703651428222656)
2213_794,8064_20250601_115_0_12,115_0,0,38.766868591308594,-9.10398006439209,37,IN_TRANSIT_TO,2025-07-09 15:57:33,2315,2213,08-04-XS,POINT (-9.10398006439209 38.766868591308594)
2215_708,3354_20250601_100_0_12,100_0,0,38.786048889160156,-9.096420288085938,36,IN_TRANSIT_TO,2025-07-09 15:56:17,50300,2215,08-01-XS,POINT (-9.096420288085938 38.786048889160156)
2781_727,4492_20250601_103_0_2,103_0,0,38.74578094482422,-9.137029647827148,2,IN_TRANSIT_TO,2025-07-09 15:57:42,11211,2781,AI-00-BT,POINT (-9.137029647827148 38.74578094482422)
2208_708,3340_20250601_100_0_13,100_0,1,38.786048889160156,-9.096879959106445,6,IN_TRANSIT_TO,2025-07-09 15:55:48,50305,2208,01-69-XO,POINT (-9.096879959106445 38.786048889160156)
2206_708,3280_20250601_100_0_12,100_0,0,38.72357177734375,-9.135100364685059,4,IN_TRANSIT_TO,2025-07-09 15:57:20,701,2206,01-67-XO,POINT (-9.135100364685059 38.72357177734375)
411_734,5148_20250601_205_0_15,205_0,0,38.722869873046875,-9.135370254516602,3,IN_TRANSIT_TO,2025-07-09 15:57:49,701,411,BF-51-TD,POINT (-9.135370254516602 38.722869873046875)
563_24E,17851_20250601_213_0_20,213_0,0,38.725521087646484,-9.16016960144043,10,IN_TRANSIT_TO,2025-07-09 15:57:36,8509,563,,POINT (-9.16016960144043 38.725521087646484)
561_28E,14894_20250601_75_0_10,75_0,0,38.712928771972656,-9.130620002746582,5,IN_TRANSIT_TO,2025-07-09 15:57:41,13809,561,,POINT (-9.130620002746582 38.712928771972656)
566_28E,14943_20250601_75_0_11,75_0,1,38.7128791809082,-9.129380226135254,35,IN_TRANSIT_TO,2025-07-09 15:57:29,5602,566,,POINT (-9.129380226135254 38.7128791809082)
568_28E,14957_20250601_75_0_11,75_0,1,38.71297073364258,-9.129549980163574,35,IN_TRANSIT_TO,2025-07-09 15:57:33,5602,568,,POINT (-9.129549980163574 38.71297073364258)
567_18E,12198_20250601_78_0_18,78_0,1,38.70606994628906,-9.182379722595215,12,IN_TRANSIT_TO,2025-07-09 15:57:52,12013,567,,POINT (-9.182379722595215 38.70606994628906)
2230_758,6798_20250601_150_0_11,150_0,0,38.74597930908203,-9.182279586791992,23,IN_TRANSIT_TO,2025-07-09 15:57:35,10702,2230,06-36-XX,POINT (-9.182279586791992 38.74597930908203)
2207_742,5701_20250601_114_0_11,114_0,0,38.737518310546875,-9.140600204467773,21,IN_TRANSIT_TO,2025-07-09 15:57:25,11107,2207,01-70-XO,POINT (-9.140600204467773 38.737518310546875)
4615_750,6373_20250601_106_0_2,106_0,1,38.75754928588867,-9.174599647521973,22,IN_TRANSIT_TO,2025-07-09 15:57:34,12806,4615,22-GP-49,POINT (-9.174599647521973 38.75754928588867)
560_18E,12180_20250601_78_0_22,78_0,1,38.70682144165039,-9.199080467224121,3,IN_TRANSIT_TO,2025-07-09 15:57:38,10310,560,,POINT (-9.199080467224121 38.70682144165039)
2233_758,6879_20250601_150_0_14,150_0,1,38.7409782409668,-9.168230056762695,15,IN_TRANSIT_TO,2025-07-09 15:57:32,1610,2233,06-38-XX,POINT (-9.168230056762695 38.7409782409668)
2231_771,21935_20250601_248_0_17,248_0,1,38.724281311035156,-9.160200119018555,17,IN_TRANSIT_TO,2025-07-09 15:57:20,8511,2231,06-28-XX,POINT (-9.160200119018555 38.724281311035156)
2232_799,8221_20250601_120_0_21,120_0,0,38.735530853271484,-9.218899726867676,17,IN_TRANSIT_TO,2025-07-09 15:57:43,18129,2232,06-23-XX,POINT (-9.218899726867676 38.735530853271484)
2237_716,3750_20250601_164_0_15,164_0,1,38.738651275634766,-9.164179801940918,14,IN_TRANSIT_TO,2025-07-09 15:57:23,1602,2237,06-27-XX,POINT (-9.164179801940918 38.738651275634766)
6008_706,3257_20250601_147_0_6,147_0,1,38.71192169189453,-9.153249740600586,27,IN_TRANSIT_TO,2025-07-09 15:57:22,6704,6008,81-ZC-08,POINT (-9.153249740600586 38.71192169189453)
2201_755,6700_20250601_118_0_9,118_0,1,38.74546813964844,-9.104419708251953,38,IN_TRANSIT_TO,2025-07-09 15:57:49,2213,2201,72-15-XN,POINT (-9.104419708251953 38.74546813964844)
230_773,7403_20250601_124_0_24,124_0,1,38.71699905395508,-9.14894962310791,23,IN_TRANSIT_TO,2025-07-09 15:57:40,10605,230,13-33-XZ,POINT (-9.14894962310791 38.71699905395508)
6027_706,3207_20250601_147_0_13,147_0,1,38.71337127685547,-9.122900009155273,0,IN_TRANSIT_TO,2025-07-09 15:57:37,,6027,BF-66-BA,POINT (-9.122900009155273 38.71337127685547)
615_15E,11251_20250601_76_0_18,76_0,1,38.69974899291992,-9.227649688720703,2,IN_TRANSIT_TO,2025-07-09 15:57:23,4219,615,,POINT (-9.227649688720703 38.69974899291992)
407_67B,28214_20250601_253_0_13,253_0,0,38.71139907836914,-9.153619766235352,23,IN_TRANSIT_TO,2025-07-09 15:57:43,6701,407,BF-55-TT,POINT (-9.153619766235352 38.71139907836914)
2241_758,6829_20250601_150_0_13,150_0,0,38.72304916381836,-9.16112995147705,10,IN_TRANSIT_TO,2025-07-09 15:57:52,8513,2241,22-37-ZB,POINT (-9.16112995147705 38.72304916381836)
2287_758,6858_20250601_150_0_12,150_0,1,38.7056999206543,-9.143919944763184,34,IN_TRANSIT_TO,2025-07-09 15:57:35,3826,2287,92-58-ZM,POINT (-9.143919944763184 38.7056999206543)
2832_753,6574_20250601_167_0_21,167_0,0,38.724979400634766,-9.155619621276855,5,IN_TRANSIT_TO,2025-07-09 15:57:30,1223,2832,BF-68-FZ,POINT (-9.155619621276855 38.724979400634766)
303_744,5834_20250601_200_0_12,200_0,1,38.76728057861328,-9.100119590759277,6,IN_TRANSIT_TO,2025-07-09 15:57:44,7825,303,22-SP-90,POINT (-9.100119590759277 38.76728057861328)
2266_758,6874_20250601_150_0_14,150_0,1,38.72724914550781,-9.162300109863281,20,IN_TRANSIT_TO,2025-07-09 15:57:40,6122,2266,76-92-ZG,POINT (-9.162300109863281 38.72724914550781)
