id,trip_id,route_id,direction_id,latitude,longitude,current_stop_sequence,current_status,timestamp,stop_id,vehicle_id,license_plate,geometry
2689_754,6581_20250601_201_2_9,201_2,0,38.73923110961914,-9.21442985534668,16,IN_TRANSIT_TO,2025-06-21 09:49:24,8820,2689,93-XA-45,POINT (-9.21442985534668 38.73923110961914)
4648_750,6328_20250601_106_0_7,106_0,0,38.76816940307617,-9.104249954223633,1,IN_TRANSIT_TO,2025-06-21 09:49:24,7813,4648,98-JO-47,POINT (-9.104249954223633 38.76816940307617)
557_24E,17833_20250601_213_0_12,213_0,0,38.72758102416992,-9.162300109863281,11,IN_TRANSIT_TO,2025-06-21 09:49:12,6129,557,,POINT (-9.162300109863281 38.72758102416992)
2302_742,5760_20250601_114_0_2,114_0,1,38.73160171508789,-9.11283016204834,55,IN_TRANSIT_TO,2025-06-21 09:49:25,17567,2302,83-08-ZM,POINT (-9.11283016204834 38.73160171508789)
2253_731,4975_20250601_190_0_8,190_0,1,38.74721908569336,-9.156970024108887,25,IN_TRANSIT_TO,2025-06-21 09:49:25,13507,2253,80-52-ZE,POINT (-9.156970024108887 38.74721908569336)
611_15E,11239_20250601_76_0_8,76_0,1,38.706329345703125,-9.148070335388184,19,IN_TRANSIT_TO,2025-06-21 09:49:30,7101,611,,POINT (-9.148070335388184 38.706329345703125)
304_744,5821_20250601_200_0_6,200_0,1,38.72465133666992,-9.150670051574707,31,IN_TRANSIT_TO,2025-06-21 09:49:43,1212,304,22-SP-91,POINT (-9.150670051574707 38.72465133666992)
2448_729,4763_20250601_104_0_7,104_0,1,38.71202087402344,-9.198969841003418,16,IN_TRANSIT_TO,2025-06-21 09:49:22,12923,2448,44-BC-34,POINT (-9.198969841003418 38.71202087402344)
603_15E,11187_20250601_76_0_5,76_0,0,38.69847869873047,-9.188079833984375,12,IN_TRANSIT_TO,2025-06-21 09:49:34,9504,603,,POINT (-9.188079833984375 38.69847869873047)
2250_731,19403_20240727_190_0_8,190_0,1,38.78303146362305,-9.114009857177734,3,IN_TRANSIT_TO,2024-08-10 10:41:27,12610,2250,80-41-ZE,POINT (-9.114009857177734 38.78303146362305)
2292_731,4990_20250601_190_0_8,190_0,1,38.78371810913086,-9.108929634094238,1,IN_TRANSIT_TO,2025-06-21 09:47:38,12617,2292,83-16-ZM,POINT (-9.108929634094238 38.78371810913086)
2256_758,6838_20250601_150_0_3,150_0,0,38.75022888183594,-9.196100234985352,27,IN_TRANSIT_TO,2025-06-21 09:49:34,10802,2256,80-53-ZE,POINT (-9.196100234985352 38.75022888183594)
2346_758,6788_20250601_150_0_7,150_0,0,38.71649932861328,-9.148130416870117,6,IN_TRANSIT_TO,2025-06-21 09:49:41,10605,2346,62-93-ZG,POINT (-9.148130416870117 38.71649932861328)
2951_26B,17511_20250601_208_2_9,208_2,0,38.761131286621094,-9.096329689025879,14,IN_TRANSIT_TO,2025-06-21 09:49:15,2401,2951,62-GQ-53,POINT (-9.096329689025879 38.761131286621094)
2954_40B,19269_20250601_212_0_7,212_0,0,38.78163146972656,-9.141329765319824,14,IN_TRANSIT_TO,2025-06-21 09:49:27,6011,2954,62-GQ-56,POINT (-9.141329765319824 38.78163146972656)
2624_783,7826_20250601_203_2_8,203_2,1,38.74617004394531,-9.148050308227539,20,IN_TRANSIT_TO,2025-06-21 09:49:32,2002,2624,72-VP-82,POINT (-9.148050308227539 38.74617004394531)
4642_750,6354_20250601_106_0_6,106_0,1,38.751651763916016,-9.187620162963867,19,IN_TRANSIT_TO,2025-06-21 09:49:16,10827,4642,90-JI-99,POINT (-9.187620162963867 38.751651763916016)
4816_751,6473_20250601_109_0_12,109_0,1,38.714881896972656,-9.233429908752441,1,IN_TRANSIT_TO,2025-06-21 09:49:27,29367,4816,34-VR-17,POINT (-9.233429908752441 38.714881896972656)
4616_750,6311_20250601_106_0_7,106_0,0,38.758399963378906,-9.14072036743164,11,IN_TRANSIT_TO,2025-06-21 09:48:57,11308,4616,22-GP-50,POINT (-9.14072036743164 38.758399963378906)
2943_29B,17525_20250601_209_0_7,209_0,0,38.772220611572266,-9.11769962310791,23,IN_TRANSIT_TO,2025-06-21 09:47:26,50079,2943,51-GL-83,POINT (-9.11769962310791 38.772220611572266)
2953_40B,17559_20250601_212_0_8,212_0,1,38.78876876831055,-9.161319732666016,29,IN_TRANSIT_TO,2025-06-21 09:49:17,50107,2953,62-GQ-55,POINT (-9.161319732666016 38.78876876831055)
4626_796,8114_20250601_174_0_16,174_0,1,38.77758026123047,-9.16431999206543,10,IN_TRANSIT_TO,2025-06-21 09:49:41,5910,4626,90-JI-93,POINT (-9.16431999206543 38.77758026123047)
2688_713,3588_20250601_122_0_6,122_0,1,38.71411895751953,-9.16077995300293,20,IN_TRANSIT_TO,2025-06-21 09:49:37,8114,2688,93-XA-35,POINT (-9.16077995300293 38.71411895751953)
2692_713,18726_20250601_122_0_5,122_0,0,38.71297073364258,-9.175419807434082,31,IN_TRANSIT_TO,2025-06-21 09:49:15,9411,2692,90-XF-62,POINT (-9.175419807434082 38.71297073364258)
2690_713,3572_20250601_122_0_6,122_0,0,38.722320556640625,-9.157279968261719,12,IN_TRANSIT_TO,2025-06-21 09:49:43,8516,2690,99-XE-57,POINT (-9.157279968261719 38.722320556640625)
2693_754,6601_20250601_201_2_8,201_2,1,38.733299255371094,-9.217169761657715,7,IN_TRANSIT_TO,2025-06-21 09:49:20,18101,2693,90-XF-46,POINT (-9.217169761657715 38.733299255371094)
6046_706,19500_20250601_147_0_8,147_0,0,38.72336959838867,-9.148530006408691,13,IN_TRANSIT_TO,2025-06-21 09:49:27,1216,6046,BH-73-IR,POINT (-9.148530006408691 38.72336959838867)
2676_748,6135_20250601_169_0_11,169_0,0,38.728248596191406,-9.212220191955566,6,IN_TRANSIT_TO,2025-06-21 09:49:30,18102,2676,87-XB-40,POINT (-9.212220191955566 38.728248596191406)
2671_738,5521_20250601_117_0_5,117_0,0,38.72317886352539,-9.151350021362305,22,IN_TRANSIT_TO,2025-06-21 09:49:35,1208,2671,87-XB-43,POINT (-9.151350021362305 38.72317886352539)
2672_738,5510_20250601_117_0_6,117_0,0,38.70431900024414,-9.174280166625977,32,IN_TRANSIT_TO,2025-06-21 09:49:31,4004,2672,87-XB-44,POINT (-9.174280166625977 38.70431900024414)
2674_738,5537_20250601_117_0_6,117_0,1,38.75077819824219,-9.158849716186523,29,IN_TRANSIT_TO,2025-06-21 09:49:42,13507,2674,87-XB-38,POINT (-9.158849716186523 38.75077819824219)
2675_746,5954_20250601_108_0_9,108_0,0,38.7471809387207,-9.188220024108887,15,IN_TRANSIT_TO,2025-06-21 09:49:35,10830,2675,87-XB-35,POINT (-9.188220024108887 38.7471809387207)
2964_737,5490_20250601_173_0_6,173_0,0,38.70998001098633,-9.134519577026367,2,IN_TRANSIT_TO,2025-06-21 09:49:08,5601,2964,30-VM-19,POINT (-9.134519577026367 38.70998001098633)
2962_774,7458_20250601_192_1_8,192_1,0,38.72114944458008,-9.15231990814209,27,IN_TRANSIT_TO,2025-06-21 09:49:41,6811,2962,30-VM-07,POINT (-9.15231990814209 38.72114944458008)
2961_52B,35053_20250601_244_0_6,244_0,0,38.74134826660156,-9.16802978515625,22,IN_TRANSIT_TO,2025-06-21 09:49:46,50472,2961,26-VD-02,POINT (-9.16802978515625 38.74134826660156)
4623_736,5303_20250601_199_0_9,199_0,0,38.729679107666016,-9.147319793701172,5,IN_TRANSIT_TO,2025-06-21 09:49:22,1701,4623,27-JO-12,POINT (-9.147319793701172 38.729679107666016)
6031_760,7067_20250601_171_0_8,171_0,0,38.706199645996094,-9.143549919128418,11,IN_TRANSIT_TO,2025-06-21 09:49:34,3820,6031,BF-87-AX,POINT (-9.143549919128418 38.706199645996094)
604_15E,11290_20250601_76_0_9,76_0,0,38.695030212402344,-9.215049743652344,19,IN_TRANSIT_TO,2025-06-21 09:49:35,13206,604,,POINT (-9.215049743652344 38.695030212402344)
2718_727,4490_20250601_103_0_6,103_0,1,38.69742965698242,-9.194829940795898,13,IN_TRANSIT_TO,2025-06-21 09:49:18,4109,2718,92-XQ-23,POINT (-9.194829940795898 38.69742965698242)
547_28E,14973_20250601_75_0_7,75_0,1,38.712318420410156,-9.137519836425781,36,IN_TRANSIT_TO,2025-06-21 09:49:19,50621,547,,POINT (-9.137519836425781 38.712318420410156)
6049_706,19506_20250601_147_0_5,147_0,0,38.706298828125,-9.144619941711426,0,IN_TRANSIT_TO,2025-06-21 09:49:27,,6049,BH-47-IR,POINT (-9.144619941711426 38.706298828125)
2827_728,4593_20250601_204_0_5,204_0,1,38.70634841918945,-9.145369529724121,34,IN_TRANSIT_TO,2025-06-21 09:49:25,3820,2827,BF-61-FZ,POINT (-9.145369529724121 38.70634841918945)
2347_758,6832_20250601_150_0_8,150_0,1,38.7507209777832,-9.201470375061035,3,IN_TRANSIT_TO,2025-06-21 09:49:46,10901,2347,53-61-ZJ,POINT (-9.201470375061035 38.7507209777832)
2658_711,3449_20250601_101_0_6,101_0,1,38.71923065185547,-9.144829750061035,30,IN_TRANSIT_TO,2025-06-21 09:49:40,1102,2658,05-VZ-71,POINT (-9.144829750061035 38.71923065185547)
2414_767,7199_20250601_112_0_6,112_0,1,38.7523307800293,-9.206500053405762,6,IN_TRANSIT_TO,2025-06-21 09:49:37,11001,2414,92-AO-51,POINT (-9.206500053405762 38.7523307800293)
2844_751,6462_20250601_109_0_12,109_0,1,38.70132064819336,-9.216679573059082,13,IN_TRANSIT_TO,2025-06-21 09:49:17,9710,2844,BF-73-FZ,POINT (-9.216679573059082 38.70132064819336)
2295_724,4210_20250601_178_0_12,178_0,1,38.76131820678711,-9.196619987487793,2,IN_TRANSIT_TO,2025-06-21 09:49:35,13911,2295,92-53-ZM,POINT (-9.196619987487793 38.76131820678711)
2298_794,8056_20250601_115_0_8,115_0,0,38.75136947631836,-9.104069709777832,31,IN_TRANSIT_TO,2025-06-21 09:49:28,24371,2298,83-05-ZM,POINT (-9.104069709777832 38.75136947631836)
2979_737,5476_20250601_173_0_11,173_0,1,38.710269927978516,-9.134699821472168,5,IN_TRANSIT_TO,2025-06-21 09:49:45,13802,2979,30-VM-17,POINT (-9.134699821472168 38.710269927978516)
2257_768,7322_20250601_111_2_8,111_2,1,38.777828216552734,-9.173600196838379,9,IN_TRANSIT_TO,2025-06-21 09:49:38,7201,2257,80-50-ZE,POINT (-9.173600196838379 38.777828216552734)
2717_714,3632_20250601_102_0_7,102_0,0,38.7046012878418,-9.163419723510742,7,IN_TRANSIT_TO,2025-06-21 09:49:25,3908,2717,92-XQ-16,POINT (-9.163419723510742 38.7046012878418)
2629_708,3328_20250601_100_0_5,100_0,0,38.75505065917969,-9.130200386047363,14,IN_TRANSIT_TO,2025-06-21 09:49:24,7401,2629,52-VP-81,POINT (-9.130200386047363 38.75505065917969)
4624_796,8136_20250601_174_0_11,174_0,0,38.75917053222656,-9.156499862670898,1,IN_TRANSIT_TO,2025-06-21 09:49:23,5826,4624,11-JM-75,POINT (-9.156499862670898 38.75917053222656)
6035_732,5048_20250601_107_2_6,107_2,1,38.70970153808594,-9.13523006439209,30,IN_TRANSIT_TO,2025-06-21 09:49:29,5519,6035,BG-76-LX,POINT (-9.13523006439209 38.70970153808594)
2978_774,7473_20250601_192_1_3,192_1,0,38.7138786315918,-9.137330055236816,3,IN_TRANSIT_TO,2025-06-21 09:49:42,3821,2978,29-VM-92,POINT (-9.137330055236816 38.7138786315918)
4633_736,5367_20250601_199_0_6,199_0,1,38.76728057861328,-9.158080101013184,12,IN_TRANSIT_TO,2025-06-21 09:49:21,5902,4633,90-JI-94,POINT (-9.158080101013184 38.76728057861328)
2259_768,7324_20250601_111_2_7,111_2,0,38.772850036621094,-9.18375015258789,25,IN_TRANSIT_TO,2025-06-21 09:49:19,14114,2259,67-44-ZJ,POINT (-9.18375015258789 38.772850036621094)
2430_767,7187_20250601_112_0_6,112_0,1,38.75019836425781,-9.19612979888916,14,IN_TRANSIT_TO,2025-06-21 09:49:24,10913,2430,29-AX-12,POINT (-9.19612979888916 38.75019836425781)
2495_720,4081_20250601_143_0_10,143_0,1,38.70375061035156,-9.171979904174805,6,IN_TRANSIT_TO,2025-06-21 09:49:28,4001,2495,88-BL-69,POINT (-9.171979904174805 38.70375061035156)
251_37B,35067_20250601_224_0_9,224_0,0,38.72480010986328,-9.122130393981934,6,IN_TRANSIT_TO,2025-06-21 09:49:19,9821,251,AF-87-NU,POINT (-9.122130393981934 38.72480010986328)
6009_706,3242_20250601_147_0_7,147_0,1,38.72534942626953,-9.122249603271484,7,IN_TRANSIT_TO,2025-06-21 09:49:46,9821,6009,81-ZC-18,POINT (-9.122249603271484 38.72534942626953)
6023_732,5069_20250601_107_2_3,107_2,0,38.706298828125,-9.144769668579102,8,IN_TRANSIT_TO,2025-06-21 09:49:24,3820,6023,BF-03-BD,POINT (-9.144769668579102 38.706298828125)
4815_728,4673_20250601_204_0_5,204_0,0,38.75141906738281,-9.095820426940918,37,IN_TRANSIT_TO,2025-06-21 09:49:08,2202,4815,34-VR-24,POINT (-9.095820426940918 38.75141906738281)
2824_753,6544_20250601_167_0_8,167_0,1,38.72494888305664,-9.150970458984375,5,IN_TRANSIT_TO,2025-06-21 09:49:32,1224,2824,BF-67-FZ,POINT (-9.150970458984375 38.72494888305664)
2749_701,2955_20250601_123_0_12,123_0,0,38.74864959716797,-9.14883041381836,5,IN_TRANSIT_TO,2025-06-21 09:49:33,2006,2749,AG-03-TH,POINT (-9.14883041381836 38.74864959716797)
4830_736,5390_20250601_199_0_7,199_0,0,38.787349700927734,-9.179730415344238,30,IN_TRANSIT_TO,2025-06-21 09:33:47,15102,4830,20-VQ-63,POINT (-9.179730415344238 38.787349700927734)
2638_759,6901_20250601_144_0_6,144_0,1,38.728271484375,-9.109649658203125,35,IN_TRANSIT_TO,2025-06-21 09:49:40,8304,2638,87-VS-48,POINT (-9.109649658203125 38.728271484375)
2617_759,6937_20250601_144_0_7,144_0,0,38.764251708984375,-9.118800163269043,32,IN_TRANSIT_TO,2025-06-21 09:47:50,8403,2617,66-VI-28,POINT (-9.118800163269043 38.764251708984375)
6005_706,3225_20250601_147_0_7,147_0,1,38.727630615234375,-9.142069816589355,18,IN_TRANSIT_TO,2025-06-21 09:49:44,6905,6005,81-ZC-91,POINT (-9.142069816589355 38.727630615234375)
2619_708,3303_20250601_100_0_7,100_0,1,38.793968200683594,-9.103799819946289,0,IN_TRANSIT_TO,2025-06-21 09:40:25,,2619,66-VI-37,POINT (-9.103799819946289 38.793968200683594)
6039_760,51291_20250601_171_0_6,171_0,1,38.70642852783203,-9.151769638061523,28,IN_TRANSIT_TO,2025-06-21 09:49:34,3901,6039,BG-96-LU,POINT (-9.151769638061523 38.70642852783203)
2826_728,4597_20250601_204_0_3,204_0,1,38.73833084106445,-9.103300094604492,21,IN_TRANSIT_TO,2025-06-21 09:48:50,12510,2826,BF-74-FZ,POINT (-9.103300094604492 38.73833084106445)
577_28E,14999_20250601_75_0_5,75_0,1,38.710121154785156,-9.135120391845703,35,IN_TRANSIT_TO,2025-06-21 09:49:35,5602,577,,POINT (-9.135120391845703 38.710121154785156)
2724_711,3489_20250601_101_0_7,101_0,0,38.7459716796875,-9.206430435180664,21,IN_TRANSIT_TO,2025-06-21 09:49:14,2908,2724,92-XQ-40,POINT (-9.206430435180664 38.7459716796875)
2661_727,4468_20250601_103_0_5,103_0,1,38.734031677246094,-9.144800186157227,40,IN_TRANSIT_TO,2025-06-21 09:49:46,1801,2661,05-VZ-58,POINT (-9.144800186157227 38.734031677246094)
2609_755,6686_20250601_118_0_6,118_0,1,38.754451751708984,-9.13167953491211,14,IN_TRANSIT_TO,2025-06-21 09:48:52,7405,2609,66-VI-36,POINT (-9.13167953491211 38.754451751708984)
2611_783,7837_20250601_203_2_7,203_2,1,38.75627899169922,-9.111419677734375,0,IN_TRANSIT_TO,2025-06-21 09:49:32,,2611,66-VI-38,POINT (-9.111419677734375 38.75627899169922)
2721_727,4449_20250601_103_0_6,103_0,0,38.746028900146484,-9.13302993774414,0,IN_TRANSIT_TO,2025-06-21 09:49:46,,2721,92-XQ-37,POINT (-9.13302993774414 38.746028900146484)
2632_708,3306_20250601_100_0_8,100_0,0,38.786468505859375,-9.09706974029541,36,IN_TRANSIT_TO,2025-06-21 09:37:13,50300,2632,52-VP-88,POINT (-9.09706974029541 38.786468505859375)
2618_783,7819_20250601_203_2_9,203_2,0,38.72467041015625,-9.149319648742676,1,IN_TRANSIT_TO,2025-06-21 09:49:26,1213,2618,66-VI-42,POINT (-9.149319648742676 38.72467041015625)
2646_722,41522_20250601_196_0_6,196_0,1,38.74319839477539,-9.132829666137695,23,IN_TRANSIT_TO,2025-06-21 09:49:39,308,2646,75-VS-48,POINT (-9.132829666137695 38.74319839477539)
2468_778,18906_20250601_179_0_9,179_0,0,38.76620101928711,-9.18323040008545,19,IN_TRANSIT_TO,2025-06-21 09:49:45,12810,2468,16-AZ-10,POINT (-9.18323040008545 38.76620101928711)
2308_735,5259_20250601_172_0_4,172_0,1,38.72129821777344,-9.129220008850098,21,IN_TRANSIT_TO,2025-06-21 09:49:24,9110,2308,83-17-ZM,POINT (-9.129220008850098 38.72129821777344)
2654_709,3395_20250601_148_0_12,148_0,0,38.71577835083008,-9.15956974029541,9,IN_TRANSIT_TO,2025-06-21 09:49:12,8104,2654,05-VZ-69,POINT (-9.15956974029541 38.71577835083008)
2612_783,7806_20250601_203_2_9,203_2,0,38.76961898803711,-9.12417984008789,18,IN_TRANSIT_TO,2025-06-21 09:49:36,7603,2612,66-VI-29,POINT (-9.12417984008789 38.76961898803711)
6042_732,5051_20250601_107_2_6,107_2,1,38.70568084716797,-9.200249671936035,11,IN_TRANSIT_TO,2025-06-21 09:49:33,13109,6042,BG-97-LU,POINT (-9.200249671936035 38.70568084716797)
2258_758,6771_20250601_150_0_7,150_0,0,38.73487854003906,-9.165069580078125,15,IN_TRANSIT_TO,2025-06-21 09:49:29,6123,2258,53-58-ZJ,POINT (-9.165069580078125 38.73487854003906)
2996_797,8162_20250601_163_0_15,163_0,1,38.733428955078125,-9.13379955291748,10,IN_TRANSIT_TO,2025-06-21 09:49:23,509,2996,30-VM-03,POINT (-9.13379955291748 38.733428955078125)
556_28E,14921_20250601_75_0_6,75_0,0,38.71072006225586,-9.145319938659668,16,IN_TRANSIT_TO,2025-06-21 09:48:37,10510,556,,POINT (-9.145319938659668 38.71072006225586)
402_19B,35088_20250601_245_0_3,245_0,0,38.71995162963867,-9.155420303344727,7,IN_TRANSIT_TO,2025-06-21 09:46:09,6810,402,BF-81-TP,POINT (-9.155420303344727 38.71995162963867)
2686_713,3599_20250601_122_0_7,122_0,1,38.709068298339844,-9.173830032348633,6,IN_TRANSIT_TO,2025-06-21 09:49:38,9412,2686,99-XE-58,POINT (-9.173830032348633 38.709068298339844)
2626_708,3284_20250601_100_0_7,100_0,1,38.76128005981445,-9.11283016204834,24,IN_TRANSIT_TO,2025-06-21 09:49:22,8435,2626,52-VP-86,POINT (-9.11283016204834 38.76128005981445)
2620_759,6954_20250601_144_0_7,144_0,0,38.71342086791992,-9.123499870300293,6,IN_TRANSIT_TO,2025-06-21 09:49:31,8201,2620,66-VI-33,POINT (-9.123499870300293 38.71342086791992)
2829_728,4577_20250601_204_0_5,204_0,1,38.70634841918945,-9.148119926452637,35,IN_TRANSIT_TO,2025-06-21 09:49:43,3802,2829,BF-58-FZ,POINT (-9.148119926452637 38.70634841918945)
2622_708,3281_20250601_100_0_7,100_0,1,38.7376708984375,-9.133769989013672,36,IN_TRANSIT_TO,2025-06-21 09:49:19,404,2622,66-VI-21,POINT (-9.133769989013672 38.7376708984375)
2603_708,3325_20250601_100_0_8,100_0,0,38.765281677246094,-9.10962963104248,25,IN_TRANSIT_TO,2025-06-21 09:48:02,7717,2603,16-VF-76,POINT (-9.10962963104248 38.765281677246094)
2649_711,3470_20250601_101_0_8,101_0,1,38.74393081665039,-9.219550132751465,2,IN_TRANSIT_TO,2025-06-21 09:48:39,3019,2649,75-VS-42,POINT (-9.219550132751465 38.74393081665039)
2986_730,4940_20250601_198_0_9,198_0,1,38.7288818359375,-9.134650230407715,10,IN_TRANSIT_TO,2025-06-21 09:49:07,609,2986,30-VM-12,POINT (-9.134650230407715 38.7288818359375)
2604_755,6638_20250601_118_0_8,118_0,0,38.74782180786133,-9.112569808959961,12,IN_TRANSIT_TO,2025-06-21 09:49:21,3705,2604,66-VI-32,POINT (-9.112569808959961 38.74782180786133)
552_18E,12183_20250601_78_0_10,78_0,1,38.70637893676758,-9.152779579162598,18,IN_TRANSIT_TO,2025-06-21 09:49:38,3901,552,,POINT (-9.152779579162598 38.70637893676758)
2663_714,3697_20240914_102_0_16,102_0,1,38.72127151489258,-9.221500396728516,4,IN_TRANSIT_TO,2024-10-22 20:26:58,18703,2663,05-VZ-62,POINT (-9.221500396728516 38.72127151489258)
2615_755,6635_20250601_118_0_8,118_0,0,38.75334930419922,-9.143549919128418,32,IN_TRANSIT_TO,2025-06-21 09:49:21,108,2615,66-VI-27,POINT (-9.143549919128418 38.75334930419922)
6043_760,51289_20250601_171_0_4,171_0,1,38.70280075073242,-9.195229530334473,17,IN_TRANSIT_TO,2025-06-21 09:49:43,13305,6043,BG-93-LT,POINT (-9.195229530334473 38.70280075073242)
545_28E,14987_20250601_75_0_5,75_0,1,38.712249755859375,-9.130430221557617,34,IN_TRANSIT_TO,2025-06-21 09:49:21,13802,545,,POINT (-9.130430221557617 38.712249755859375)
2995_72B,45254_20250601_279_0_7,279_0,0,38.745601654052734,-9.205719947814941,12,IN_TRANSIT_TO,2025-06-21 09:49:29,2907,2995,30-VM-15,POINT (-9.205719947814941 38.745601654052734)
4804_751,6440_20250601_109_0_8,109_0,0,38.71192169189453,-9.175080299377441,6,IN_TRANSIT_TO,2025-06-21 09:49:31,9412,4804,53-VR-07,POINT (-9.175080299377441 38.71192169189453)
2963_71B,45279_20250601_278_0_6,278_0,0,38.736419677734375,-9.201250076293945,13,IN_TRANSIT_TO,2025-06-21 09:49:20,8826,2963,29-VM-88,POINT (-9.201250076293945 38.736419677734375)
404_67B,35057_20250601_253_0_6,253_0,0,38.704830169677734,-9.1668701171875,13,IN_TRANSIT_TO,2025-06-21 09:49:26,10207,404,BF-14-TQ,POINT (-9.1668701171875 38.704830169677734)
578_28E,15038_20250601_75_0_4,75_0,0,38.71670150756836,-9.13545036315918,1,IN_TRANSIT_TO,2025-06-06 13:01:53,819,578,,POINT (-9.13545036315918 38.71670150756836)
4808_751,6483_20250601_109_0_7,109_0,0,38.700599670410156,-9.209349632263184,17,IN_TRANSIT_TO,2025-06-21 09:49:17,9608,4808,20-VQ-73,POINT (-9.209349632263184 38.700599670410156)
264_65B,35092_20250601_250_0_6,250_0,0,38.71649932861328,-9.165419578552246,16,IN_TRANSIT_TO,2025-06-21 09:49:22,50485,264,AG-42-OV,POINT (-9.165419578552246 38.71649932861328)
2641_722,4110_20250601_196_0_6,196_0,0,38.77341842651367,-9.116649627685547,25,IN_TRANSIT_TO,2025-06-21 09:48:58,12205,2641,75-VS-49,POINT (-9.116649627685547 38.77341842651367)
268_28E,44751_20250601_75_8_21,75_8,1,38.71739959716797,-9.135849952697754,10,IN_TRANSIT_TO,2025-06-21 09:49:42,804,268,AH-56-CZ,POINT (-9.135849952697754 38.71739959716797)
555_28E,15013_20250601_75_0_5,75_0,1,38.70869827270508,-9.139679908752441,17,IN_TRANSIT_TO,2025-06-21 09:49:27,10521,555,,POINT (-9.139679908752441 38.70869827270508)
2974_45B,45294_20250601_277_0_8,277_0,0,38.77272033691406,-9.148130416870117,1,IN_TRANSIT_TO,2025-06-21 09:49:33,11506,2974,30-VM-22,POINT (-9.148130416870117 38.77272033691406)
2655_711,3492_20250601_101_0_7,101_0,0,38.72542190551758,-9.152050018310547,7,IN_TRANSIT_TO,2025-06-21 09:49:31,1209,2655,05-VZ-67,POINT (-9.152050018310547 38.72542190551758)
269_28E,48781_20250601_75_8_19,75_8,1,38.71908187866211,-9.13344955444336,8,IN_TRANSIT_TO,2025-06-21 09:49:24,706,269,AG-25-NH,POINT (-9.13344955444336 38.71908187866211)
2650_711,3467_20250601_101_0_7,101_0,1,38.735469818115234,-9.20164966583252,14,IN_TRANSIT_TO,2025-06-21 09:49:44,8826,2650,75-VS-50,POINT (-9.20164966583252 38.735469818115234)
2782_723,4163_20250601_121_0_8,121_0,1,38.717071533203125,-9.212019920349121,12,IN_TRANSIT_TO,2025-06-21 09:49:46,10404,2782,AI-99-BS,POINT (-9.212019920349121 38.717071533203125)
4644_750,6280_20250601_106_0_6,106_0,0,38.736480712890625,-9.205880165100098,31,IN_TRANSIT_TO,2025-06-21 09:49:35,8808,4644,27-JO-11,POINT (-9.205880165100098 38.736480712890625)
277_28E,48782_20250601_75_8_12,75_8,0,38.71495056152344,-9.136329650878906,4,IN_TRANSIT_TO,2025-06-21 09:49:34,707,277,AH-13-TB,POINT (-9.136329650878906 38.71495056152344)
2984_730,4960_20250601_198_0_7,198_0,0,38.735721588134766,-9.120280265808105,2,IN_TRANSIT_TO,2025-06-21 09:44:01,50050,2984,30-VM-04,POINT (-9.120280265808105 38.735721588134766)
2630_744,5827_20250601_200_0_8,200_0,1,38.768470764160156,-9.109950065612793,8,IN_TRANSIT_TO,2025-06-21 09:42:21,50330,2630,52-VP-89,POINT (-9.109950065612793 38.768470764160156)
2665_727,4507_20250601_103_0_3,103_0,0,38.70232009887695,-9.180649757385254,30,IN_TRANSIT_TO,2025-06-21 09:49:23,12121,2665,87-XB-33,POINT (-9.180649757385254 38.70232009887695)
274_61B,35061_20250601_241_0_10,241_0,0,38.736480712890625,-9.171979904174805,15,IN_TRANSIT_TO,2025-06-21 09:49:13,2712,274,AH-14-TB,POINT (-9.171979904174805 38.736480712890625)
2725_727,4446_20250601_103_0_5,103_0,0,38.72560119628906,-9.15095043182373,13,IN_TRANSIT_TO,2025-06-21 09:49:37,1206,2725,92-XQ-30,POINT (-9.15095043182373 38.72560119628906)
256_58B,35097_20250601_227_0_8,227_0,0,38.75429916381836,-9.182229995727539,13,IN_TRANSIT_TO,2025-06-21 09:49:27,50423,256,AF-57-RM,POINT (-9.182229995727539 38.75429916381836)
2715_764,7136_20250601_168_2_14,168_2,1,38.74589920043945,-9.217479705810547,6,IN_TRANSIT_TO,2025-06-21 09:49:08,3013,2715,92-XQ-22,POINT (-9.217479705810547 38.74589920043945)
2608_759,6952_20250601_144_0_7,144_0,0,38.74264907836914,-9.112580299377441,22,IN_TRANSIT_TO,2025-06-21 09:49:26,3715,2608,66-VI-39,POINT (-9.112580299377441 38.74264907836914)
2966_770,7365_20250601_191_0_7,191_0,0,38.74245071411133,-9.167630195617676,17,IN_TRANSIT_TO,2025-06-21 09:49:31,1621,2966,30-VM-20,POINT (-9.167630195617676 38.74245071411133)
2719_727,4471_20250601_103_0_5,103_0,1,38.71928024291992,-9.155679702758789,33,IN_TRANSIT_TO,2025-06-21 09:49:24,6817,2719,92-XQ-17,POINT (-9.155679702758789 38.71928024291992)
2722_727,4493_20250601_103_0_5,103_0,0,38.705718994140625,-9.202320098876953,39,IN_TRANSIT_TO,2025-06-21 09:49:32,13310,2722,92-XQ-36,POINT (-9.202320098876953 38.705718994140625)
2428_729,18901_20250601_104_0_4,104_0,1,38.77037811279297,-9.188529968261719,42,IN_TRANSIT_TO,2025-06-21 09:49:45,14106,2428,29-AX-13,POINT (-9.188529968261719 38.77037811279297)
2204_742,5724_20250601_114_0_6,114_0,0,38.713951110839844,-9.19575023651123,57,IN_TRANSIT_TO,2025-06-21 09:49:44,50140,2204,01-72-XO,POINT (-9.19575023651123 38.713951110839844)
253_13B,35066_20250601_243_0_8,243_0,0,38.71247863769531,-9.123970031738281,15,IN_TRANSIT_TO,2025-06-21 09:49:38,2110,253,AF-88-NU,POINT (-9.123970031738281 38.71247863769531)
2402_778,7530_20250601_179_0_10,179_0,1,38.767730712890625,-9.170330047607422,16,IN_TRANSIT_TO,2025-06-21 09:49:22,50028,2402,50-AL-13,POINT (-9.170330047607422 38.767730712890625)
2443_729,4785_20250601_104_0_5,104_0,0,38.70677947998047,-9.199080467224121,30,IN_TRANSIT_TO,2025-06-21 09:49:41,10310,2443,29-AX-05,POINT (-9.199080467224121 38.70677947998047)
6044_760,7045_20250601_171_0_7,171_0,0,38.705299377441406,-9.196069717407227,27,IN_TRANSIT_TO,2025-06-21 09:49:25,13312,6044,BG-87-LX,POINT (-9.196069717407227 38.705299377441406)
2750_735,5253_20250601_172_0_6,172_0,1,38.71377182006836,-9.122520446777344,30,IN_TRANSIT_TO,2025-06-21 09:49:23,2118,2750,AG-10-TH,POINT (-9.122520446777344 38.71377182006836)
2785_746,5960_20250601_108_0_19,108_0,0,38.72587966918945,-9.149550437927246,0,IN_TRANSIT_TO,2025-06-13 15:29:56,,2785,AI-05-BT,POINT (-9.149550437927246 38.72587966918945)
2994_774,7451_20250601_192_1_7,192_1,1,38.72066879272461,-9.164070129394531,33,IN_TRANSIT_TO,2025-06-21 09:49:26,3818,2994,29-VM-91,POINT (-9.164070129394531 38.72066879272461)
2471_767,7221_20250601_112_0_5,112_0,0,38.75230026245117,-9.189069747924805,30,IN_TRANSIT_TO,2025-06-21 09:49:44,10808,2471,74-BC-70,POINT (-9.189069747924805 38.75230026245117)
2404_767,7229_20250601_112_0_5,112_0,0,38.76087951660156,-9.166799545288086,22,IN_TRANSIT_TO,2025-06-21 09:49:35,50005,2404,50-AL-11,POINT (-9.166799545288086 38.76087951660156)
2246_767,7274_20250601_112_0_2,112_0,1,38.76057052612305,-9.157369613647461,28,IN_TRANSIT_TO,2025-06-21 09:49:37,5808,2246,22-38-ZB,POINT (-9.157369613647461 38.76057052612305)
2244_731,4997_20250601_190_0_7,190_0,0,38.7705192565918,-9.10867977142334,26,IN_TRANSIT_TO,2025-06-21 09:49:37,7809,2244,22-44-ZB,POINT (-9.10867977142334 38.7705192565918)
1727_701,2952_20250601_123_0_11,123_0,1,38.74966812133789,-9.172419548034668,14,IN_TRANSIT_TO,2025-06-21 09:15:47,12709,1727,25-AS-39,POINT (-9.172419548034668 38.74966812133789)
1751_720,19453_20250601_143_0_4,143_0,0,38.711551666259766,-9.164130210876465,20,IN_TRANSIT_TO,2025-06-21 09:49:26,8102,1751,34-HU-17,POINT (-9.164130210876465 38.711551666259766)
2496_735,5207_20250601_172_0_7,172_0,0,38.75004959106445,-9.142330169677734,25,IN_TRANSIT_TO,2025-06-21 09:49:15,201,2496,88-BL-70,POINT (-9.142330169677734 38.75004959106445)
4639_736,41525_20250601_199_0_5,199_0,0,38.73884963989258,-9.145970344543457,8,IN_TRANSIT_TO,2025-06-21 09:49:31,1809,4639,27-JO-13,POINT (-9.145970344543457 38.73884963989258)
2815_793,7997_20250601_145_0_8,145_0,0,38.74108123779297,-9.11952018737793,23,IN_TRANSIT_TO,2025-06-21 09:49:35,3609,2815,90-II-55,POINT (-9.11952018737793 38.74108123779297)
2970_730,4956_20250601_198_0_10,198_0,0,38.722530364990234,-9.138899803161621,20,IN_TRANSIT_TO,2025-06-21 09:49:42,9201,2970,29-VM-87,POINT (-9.138899803161621 38.722530364990234)
2813_725,4252_20250601_197_2_10,197_2,1,38.77661895751953,-9.114629745483398,9,IN_TRANSIT_TO,2025-06-21 09:48:20,12306,2813,90-II-53,POINT (-9.114629745483398 38.77661895751953)
2969_774,7438_20250601_192_1_8,192_1,1,38.70732116699219,-9.160070419311523,26,IN_TRANSIT_TO,2025-06-21 09:49:23,10007,2969,30-VM-09,POINT (-9.160070419311523 38.70732116699219)
4636_736,18825_20250601_199_0_7,199_0,0,38.77836990356445,-9.163450241088867,21,IN_TRANSIT_TO,2025-06-21 09:49:39,5909,4636,90-JI-97,POINT (-9.163450241088867 38.77836990356445)
2811_718,3966_20250601_105_0_6,105_0,0,38.74530029296875,-9.134849548339844,31,IN_TRANSIT_TO,2025-06-21 09:49:32,50109,2811,02-IH-00,POINT (-9.134849548339844 38.74530029296875)
2803_725,4242_20250601_197_2_15,197_2,0,38.7741813659668,-9.106780052185059,6,IN_TRANSIT_TO,2025-06-21 09:47:08,7804,2803,01-IH-92,POINT (-9.106780052185059 38.7741813659668)
2802_793,7986_20250601_145_0_11,145_0,1,38.748600006103516,-9.11870002746582,10,IN_TRANSIT_TO,2025-06-21 09:49:19,3606,2802,01-IH-91,POINT (-9.11870002746582 38.748600006103516)
2807_755,17789_20250601_118_0_7,118_0,1,38.74123001098633,-9.168720245361328,1,IN_TRANSIT_TO,2025-06-21 09:49:19,50538,2807,01-IH-96,POINT (-9.168720245361328 38.74123001098633)
401_10B,35052_20250601_242_0_8,242_0,0,38.713470458984375,-9.125149726867676,12,IN_TRANSIT_TO,2025-06-21 09:49:40,50517,401,BF-60-TR,POINT (-9.125149726867676 38.713470458984375)
1753_794,8045_20250601_115_0_9,115_0,1,38.76831817626953,-9.104479789733887,1,IN_TRANSIT_TO,2025-06-21 09:49:34,7814,1753,34-HU-19,POINT (-9.104479789733887 38.76831817626953)
1750_794,8075_20250601_115_0_6,115_0,1,38.734649658203125,-9.117230415344238,28,IN_TRANSIT_TO,2025-06-21 09:41:16,3601,1750,92-HR-07,POINT (-9.117230415344238 38.734649658203125)
2761_714,3676_20250601_102_0_7,102_0,0,38.72344970703125,-9.225330352783203,37,IN_TRANSIT_TO,2025-06-21 09:49:35,18704,2761,AH-33-ND,POINT (-9.225330352783203 38.72344970703125)
2810_718,3955_20250601_105_0_9,105_0,1,38.727500915527344,-9.119529724121094,10,IN_TRANSIT_TO,2025-06-21 09:49:45,11704,2810,01-IH-99,POINT (-9.119529724121094 38.727500915527344)
2816_759,6963_20250601_144_0_4,144_0,1,38.71482849121094,-9.140999794006348,46,IN_TRANSIT_TO,2025-06-21 09:49:36,919,2816,90-II-56,POINT (-9.140999794006348 38.71482849121094)
1752_717,3828_20250601_170_0_7,170_0,0,38.77429962158203,-9.158900260925293,21,IN_TRANSIT_TO,2025-06-21 09:49:47,50162,1752,34-HU-18,POINT (-9.158900260925293 38.77429962158203)
2455_726,4270_20250601_116_0_7,116_0,0,38.75605010986328,-9.176819801330566,21,IN_TRANSIT_TO,2025-06-21 09:49:26,13617,2455,16-AZ-12,POINT (-9.176819801330566 38.75605010986328)
2411_768,7320_20250601_111_2_10,111_2,1,38.75920104980469,-9.187350273132324,35,IN_TRANSIT_TO,2025-06-19 13:58:49,13509,2411,62-AL-11,POINT (-9.187350273132324 38.75920104980469)
2667_738,5542_20250601_117_0_5,117_0,1,38.7036018371582,-9.168279647827148,6,IN_TRANSIT_TO,2025-06-21 09:49:45,4001,2667,87-XB-45,POINT (-9.168279647827148 38.7036018371582)
2251_768,7338_20250601_111_2_8,111_2,0,38.749351501464844,-9.18008041381836,11,IN_TRANSIT_TO,2025-06-21 09:49:23,10710,2251,22-31-ZB,POINT (-9.18008041381836 38.749351501464844)
2410_716,3731_20250601_164_0_7,164_0,0,38.74557113647461,-9.181699752807617,16,IN_TRANSIT_TO,2025-06-21 09:49:40,10704,2410,92-AO-46,POINT (-9.181699752807617 38.74557113647461)
2280_724,19279_20250601_178_0_4,178_0,1,38.7452507019043,-9.197979927062988,23,IN_TRANSIT_TO,2025-06-21 09:49:26,21306,2280,67-40-ZJ,POINT (-9.197979927062988 38.7452507019043)
2794_723,17897_20250601_121_0_5,121_0,0,38.70790100097656,-9.215800285339355,24,IN_TRANSIT_TO,2025-06-21 09:49:33,12407,2794,AJ-60-LI,POINT (-9.215800285339355 38.70790100097656)
2777_723,4144_20250601_121_0_8,121_0,1,38.72214889526367,-9.18179988861084,24,IN_TRANSIT_TO,2025-06-21 09:49:29,21306,2777,AI-01-BT,POINT (-9.18179988861084 38.72214889526367)
2762_712,3536_20250601_189_2_10,189_2,0,38.72637939453125,-9.135370254516602,17,IN_TRANSIT_TO,2025-06-21 09:49:18,610,2762,AH-38-ND,POINT (-9.135370254516602 38.72637939453125)
302_744,5807_20250601_200_0_7,200_0,0,38.76679992675781,-9.12887954711914,17,IN_TRANSIT_TO,2025-06-21 09:49:32,7513,302,22-SP-89,POINT (-9.12887954711914 38.76679992675781)
2710_714,3679_20250601_102_0_3,102_0,0,38.70399856567383,-9.207019805908203,22,IN_TRANSIT_TO,2025-06-21 09:49:34,9606,2710,92-XQ-19,POINT (-9.207019805908203 38.70399856567383)
2756_723,4141_20250601_121_0_6,121_0,0,38.72267150878906,-9.141500473022461,2,IN_TRANSIT_TO,2025-06-21 09:49:33,9203,2756,AH-27-ND,POINT (-9.141500473022461 38.72267150878906)
2450_747,6077_20250601_177_0_10,177_0,1,38.7689208984375,-9.188599586486816,7,IN_TRANSIT_TO,2025-06-21 09:49:31,14108,2450,44-BC-36,POINT (-9.188599586486816 38.7689208984375)
1711_794,8033_20250601_115_0_7,115_0,1,38.75151824951172,-9.11989974975586,23,IN_TRANSIT_TO,2025-06-21 09:49:20,14729,1711,69-AL-74,POINT (-9.11989974975586 38.75151824951172)
2499_735,5233_20250601_172_0_7,172_0,0,38.719730377197266,-9.123149871826172,10,IN_TRANSIT_TO,2025-06-21 09:49:25,9115,2499,03-BM-58,POINT (-9.123149871826172 38.719730377197266)
2818_718,3944_20250601_105_0_9,105_0,1,38.75674819946289,-9.112870216369629,30,IN_TRANSIT_TO,2025-06-21 09:49:17,24370,2818,90-II-58,POINT (-9.112870216369629 38.75674819946289)
1773_717,3775_20250601_170_0_7,170_0,1,38.7565803527832,-9.145979881286621,27,IN_TRANSIT_TO,2025-06-21 09:49:27,5706,1773,53-HX-06,POINT (-9.145979881286621 38.7565803527832)
2759_712,3526_20250601_189_2_10,189_2,1,38.72462844848633,-9.150650024414062,2,IN_TRANSIT_TO,2025-06-21 09:49:27,1212,2759,AH-21-ND,POINT (-9.150650024414062 38.72462844848633)
2284_731,5008_20250601_190_0_7,190_0,0,38.74571990966797,-9.155449867248535,8,IN_TRANSIT_TO,2025-06-21 09:49:39,50543,2284,67-36-ZJ,POINT (-9.155449867248535 38.74571990966797)
1705_756,6724_20250601_175_0_10,175_0,0,38.71860122680664,-9.174980163574219,19,IN_TRANSIT_TO,2025-06-21 09:49:23,11902,1705,69-AL-68,POINT (-9.174980163574219 38.71860122680664)
2754_742,5702_20250601_114_0_7,114_0,1,38.711280822753906,-9.192350387573242,5,IN_TRANSIT_TO,2025-06-21 09:49:25,10308,2754,AG-01-TH,POINT (-9.192350387573242 38.711280822753906)
1713_717,3819_20250601_170_0_7,170_0,0,38.784820556640625,-9.142930030822754,31,IN_TRANSIT_TO,2025-06-21 09:49:22,6014,1713,69-AL-76,POINT (-9.142930030822754 38.784820556640625)
403_22B,35059_20250601_236_0_9,236_0,0,38.70750045776367,-9.146320343017578,14,IN_TRANSIT_TO,2025-06-21 09:49:42,9902,403,BF-84-TA,POINT (-9.146320343017578 38.70750045776367)
2454_703,3101_20250601_165_0_7,165_0,0,38.74967956542969,-9.193619728088379,34,IN_TRANSIT_TO,2025-06-21 09:49:19,10804,2454,16-AZ-18,POINT (-9.193619728088379 38.74967956542969)
2801_755,6660_20250601_118_0_7,118_0,1,38.748268127441406,-9.108779907226562,35,IN_TRANSIT_TO,2025-06-21 09:47:31,2218,2801,38-HU-27,POINT (-9.108779907226562 38.748268127441406)
1769_735,5218_20250601_172_0_7,172_0,0,38.733280181884766,-9.132869720458984,19,IN_TRANSIT_TO,2025-06-21 09:49:22,509,1769,63-HX-24,POINT (-9.132869720458984 38.733280181884766)
2255_724,4189_20250601_178_0_11,178_0,0,38.710479736328125,-9.180330276489258,3,IN_TRANSIT_TO,2025-06-21 09:49:39,11801,2255,80-54-ZE,POINT (-9.180330276489258 38.710479736328125)
1759_720,4040_20250601_143_0_6,143_0,0,38.740478515625,-9.133520126342773,6,IN_TRANSIT_TO,2025-06-21 09:49:34,301,1759,34-HU-25,POINT (-9.133520126342773 38.740478515625)
2433_703,3125_20250601_165_0_7,165_0,0,38.78805160522461,-9.145649909973145,4,IN_TRANSIT_TO,2025-06-21 09:49:43,6010,2433,44-BC-28,POINT (-9.145649909973145 38.78805160522461)
1704_756,6716_20250601_175_0_9,175_0,1,38.70777893066406,-9.17354965209961,4,IN_TRANSIT_TO,2025-06-21 09:49:22,9415,1704,35-AL-14,POINT (-9.17354965209961 38.70777893066406)
1772_717,3762_20250601_170_0_5,170_0,1,38.73720169067383,-9.133970260620117,39,IN_TRANSIT_TO,2025-06-21 09:49:46,410,1772,63-HX-22,POINT (-9.133970260620117 38.73720169067383)
4613_750,6302_20250601_106_0_6,106_0,0,38.745079040527344,-9.19795036315918,26,IN_TRANSIT_TO,2025-06-21 09:49:27,2804,4613,22-GP-48,POINT (-9.19795036315918 38.745079040527344)
1779_717,3841_20250601_170_0_7,170_0,0,38.759071350097656,-9.154600143432617,15,IN_TRANSIT_TO,2025-06-21 09:49:21,5805,1779,63-HX-20,POINT (-9.154600143432617 38.759071350097656)
1725_701,2972_20250601_123_0_8,123_0,1,38.755950927734375,-9.174920082092285,17,IN_TRANSIT_TO,2025-06-21 09:49:42,50144,1725,25-AS-37,POINT (-9.174920082092285 38.755950927734375)
2823_753,6533_20250601_167_0_9,167_0,0,38.69525146484375,-9.178449630737305,7,IN_TRANSIT_TO,2025-06-21 09:49:31,8607,2823,BF-64-FZ,POINT (-9.178449630737305 38.69525146484375)
1758_717,3847_20250601_170_0_7,170_0,0,38.748931884765625,-9.13284969329834,6,IN_TRANSIT_TO,2025-06-21 09:49:40,7301,1758,34-HU-24,POINT (-9.13284969329834 38.748931884765625)
406_73B,35078_20250601_220_0_6,220_0,0,38.706119537353516,-9.18970012664795,9,IN_TRANSIT_TO,2025-06-21 09:49:37,50369,406,BF-93-TB,POINT (-9.18970012664795 38.706119537353516)
2775_714,3654_20250601_102_0_8,102_0,1,38.701499938964844,-9.181329727172852,26,IN_TRANSIT_TO,2025-06-21 09:49:31,9503,2775,AH-31-ND,POINT (-9.181329727172852 38.701499938964844)
2967_774,7431_20250601_192_1_9,192_1,0,38.71377182006836,-9.137319564819336,0,IN_TRANSIT_TO,2025-06-21 09:49:39,,2967,30-VM-05,POINT (-9.137319564819336 38.71377182006836)
2809_793,7976_20250601_145_0_9,145_0,1,38.73453140258789,-9.11277961730957,25,IN_TRANSIT_TO,2025-06-21 09:44:56,17572,2809,01-IH-98,POINT (-9.11277961730957 38.73453140258789)
2423_729,4782_20250601_104_0_7,104_0,1,38.69892120361328,-9.22716999053955,0,IN_TRANSIT_TO,2025-06-21 09:49:39,,2423,29-AU-18,POINT (-9.22716999053955 38.69892120361328)
2758_746,5979_20250601_108_0_9,108_0,1,38.744781494140625,-9.179969787597656,11,IN_TRANSIT_TO,2025-06-21 09:49:40,10701,2758,AH-36-ND,POINT (-9.179969787597656 38.744781494140625)
2420_767,7243_20250601_112_0_5,112_0,0,38.74222946166992,-9.138099670410156,10,IN_TRANSIT_TO,2025-06-21 09:49:26,6405,2420,29-AU-15,POINT (-9.138099670410156 38.74222946166992)
218_773,7404_20250601_124_0_6,124_0,1,38.71942138671875,-9.1537504196167,24,IN_TRANSIT_TO,2025-06-21 09:49:40,10607,218,11-13-XO,POINT (-9.1537504196167 38.71942138671875)
2833_728,4693_20250601_204_0_6,204_0,0,38.706268310546875,-9.14501953125,19,IN_TRANSIT_TO,2025-06-21 09:49:40,3803,2833,BF-65-FZ,POINT (-9.14501953125 38.706268310546875)
2839_751,6451_20250601_109_0_10,109_0,1,38.7127685546875,-9.17527961730957,27,IN_TRANSIT_TO,2025-06-21 09:49:15,9411,2839,BF-69-FZ,POINT (-9.17527961730957 38.7127685546875)
2465_726,4289_20250601_116_0_7,116_0,0,38.738468170166016,-9.154450416564941,13,IN_TRANSIT_TO,2025-06-21 09:49:17,1503,2465,55-BH-00,POINT (-9.154450416564941 38.738468170166016)
1765_794,8065_20250601_115_0_9,115_0,0,38.744178771972656,-9.117329597473145,13,IN_TRANSIT_TO,2025-06-21 09:47:42,3604,1765,63-HX-28,POINT (-9.117329597473145 38.744178771972656)
2498_720,4062_20250601_143_0_9,143_0,1,38.71915054321289,-9.156200408935547,13,IN_TRANSIT_TO,2025-06-21 09:49:20,6801,2498,03-BM-57,POINT (-9.156200408935547 38.71915054321289)
1763_717,3797_20250601_170_0_8,170_0,1,38.78731918334961,-9.149020195007324,7,IN_TRANSIT_TO,2025-06-21 09:49:29,6001,1763,63-HX-25,POINT (-9.149020195007324 38.78731918334961)
1776_717,3784_20250601_170_0_8,170_0,1,38.777679443359375,-9.147549629211426,16,IN_TRANSIT_TO,2025-06-21 09:49:33,6015,1776,53-HX-09,POINT (-9.147549629211426 38.777679443359375)
1761_735,5243_20250601_172_0_6,172_0,1,38.705448150634766,-9.143899917602539,35,IN_TRANSIT_TO,2025-06-21 09:49:42,3820,1761,63-HX-19,POINT (-9.143899917602539 38.705448150634766)
4605_750,6350_20250601_106_0_7,106_0,1,38.75640106201172,-9.102999687194824,34,IN_TRANSIT_TO,2025-06-21 09:49:04,2301,4605,31-GN-72,POINT (-9.102999687194824 38.75640106201172)
1712_717,3806_20250601_170_0_4,170_0,0,38.79801940917969,-9.145170211791992,40,IN_TRANSIT_TO,2025-06-21 09:49:38,16002,1712,69-AL-75,POINT (-9.145170211791992 38.79801940917969)
220_773,7394_20250601_124_0_12,124_0,1,38.713829040527344,-9.161149978637695,22,IN_TRANSIT_TO,2025-06-21 09:49:35,6715,220,11-07-XO,POINT (-9.161149978637695 38.713829040527344)
6011_706,3203_20250601_147_0_6,147_0,1,38.70936965942383,-9.153149604797363,29,IN_TRANSIT_TO,2025-06-21 09:49:26,7104,6011,65-ZF-82,POINT (-9.153149604797363 38.70936965942383)
601_15E,11203_20250601_76_0_9,76_0,0,38.70841979980469,-9.1360502243042,1,IN_TRANSIT_TO,2025-06-21 09:49:26,50620,601,,POINT (-9.1360502243042 38.70841979980469)
605_15E,11255_20250601_76_0_2,76_0,1,38.70463180541992,-9.177800178527832,13,IN_TRANSIT_TO,2025-06-21 09:49:21,12111,605,,POINT (-9.177800178527832 38.70463180541992)
2240_758,6810_20250601_150_0_8,150_0,1,38.720001220703125,-9.15552043914795,25,IN_TRANSIT_TO,2025-06-21 09:49:44,6813,2240,06-31-XX,POINT (-9.15552043914795 38.720001220703125)
2786_748,6138_20250601_169_0_10,169_0,1,38.72426986694336,-9.16016960144043,8,IN_TRANSIT_TO,2025-06-21 09:49:28,8502,2786,AI-52-TL,POINT (-9.16016960144043 38.72426986694336)
2426_703,3136_20250601_165_0_8,165_0,1,38.774200439453125,-9.163220405578613,25,IN_TRANSIT_TO,2025-06-21 09:49:19,5915,2426,29-AU-21,POINT (-9.163220405578613 38.774200439453125)
2485_716,3739_20250601_164_0_7,164_0,0,38.73693084716797,-9.14758014678955,5,IN_TRANSIT_TO,2025-06-21 09:49:34,1811,2485,91-BE-77,POINT (-9.14758014678955 38.73693084716797)
2776_746,5962_20250601_108_0_10,108_0,1,38.72597122192383,-9.15054988861084,24,IN_TRANSIT_TO,2025-06-21 09:49:45,1206,2776,AI-07-BT,POINT (-9.15054988861084 38.72597122192383)
2474_703,3110_20250601_165_0_7,165_0,0,38.77973175048828,-9.148579597473145,9,IN_TRANSIT_TO,2025-06-21 09:49:45,6015,2474,74-BC-67,POINT (-9.148579597473145 38.77973175048828)
606_15E,11265_20250601_76_0_4,76_0,1,38.69504928588867,-9.215120315551758,5,IN_TRANSIT_TO,2025-06-21 09:49:32,13205,606,,POINT (-9.215120315551758 38.69504928588867)
2481_729,4807_20250601_104_0_8,104_0,0,38.77119827270508,-9.192879676818848,3,IN_TRANSIT_TO,2025-06-21 09:49:39,14103,2481,54-BH-99,POINT (-9.192879676818848 38.77119827270508)
609_15E,11229_20250601_76_0_8,76_0,1,38.7127799987793,-9.137680053710938,23,IN_TRANSIT_TO,2025-06-21 09:49:37,50621,609,,POINT (-9.137680053710938 38.7127799987793)
204_41B,19376_20250601_232_0_11,232_0,1,38.77827072143555,-9.16427993774414,5,IN_TRANSIT_TO,2025-06-21 09:49:34,5910,204,89-71-XD,POINT (-9.16427993774414 38.77827072143555)
2406_716,3716_20250601_164_0_8,164_0,1,38.735130310058594,-9.14210033416748,23,IN_TRANSIT_TO,2025-06-21 09:49:32,11101,2406,50-AL-09,POINT (-9.14210033416748 38.735130310058594)
2941_79B,35096_20250601_221_0_6,221_0,0,38.69847106933594,-9.203900337219238,9,IN_TRANSIT_TO,2025-06-21 09:49:40,9604,2941,51-GL-81,POINT (-9.203900337219238 38.69847106933594)
2289_731,5013_20250601_190_0_5,190_0,0,38.77473068237305,-9.103619575500488,29,IN_TRANSIT_TO,2025-06-20 07:26:48,7807,2289,92-60-ZM,POINT (-9.103619575500488 38.77473068237305)
2451_729,4760_20250601_104_0_7,104_0,1,38.732398986816406,-9.19806957244873,21,IN_TRANSIT_TO,2025-06-21 09:49:30,8713,2451,75-AQ-16,POINT (-9.19806957244873 38.732398986816406)
2405_726,4311_20250601_116_0_6,116_0,1,38.734500885009766,-9.14153003692627,26,IN_TRANSIT_TO,2025-06-21 09:49:42,11105,2405,50-AL-10,POINT (-9.14153003692627 38.734500885009766)
2831_728,4573_20250601_204_0_6,204_0,0,38.70376968383789,-9.20652961730957,7,IN_TRANSIT_TO,2025-06-21 09:49:30,13108,2831,BF-72-FZ,POINT (-9.20652961730957 38.70376968383789)
2792_764,7143_20250601_168_2_13,168_2,0,38.74742889404297,-9.190070152282715,3,IN_TRANSIT_TO,2025-06-21 09:49:25,10803,2792,AJ-53-LI,POINT (-9.190070152282715 38.74742889404297)
2434_703,20079_20250601_165_0_6,165_0,1,38.747581481933594,-9.207130432128906,0,IN_TRANSIT_TO,2025-06-21 09:49:35,,2434,29-AU-24,POINT (-9.207130432128906 38.747581481933594)
2291_758,6794_20250601_150_0_8,150_0,1,38.70576858520508,-9.143919944763184,33,IN_TRANSIT_TO,2025-06-21 09:49:31,3826,2291,92-56-ZM,POINT (-9.143919944763184 38.70576858520508)
260_76B,35089_20250601_219_0_9,219_0,0,38.706180572509766,-9.189629554748535,6,IN_TRANSIT_TO,2025-06-21 09:49:27,50369,260,AG-79-EF,POINT (-9.189629554748535 38.706180572509766)
2610_759,6915_20250601_144_0_8,144_0,1,38.772518157958984,-9.113579750061035,8,IN_TRANSIT_TO,2025-06-21 09:48:16,12304,2610,66-VI-20,POINT (-9.113579750061035 38.772518157958984)
2773_714,3657_20250601_102_0_5,102_0,1,38.72237014770508,-9.212479591369629,9,IN_TRANSIT_TO,2025-06-21 09:49:35,18111,2773,AH-39-ND,POINT (-9.212479591369629 38.72237014770508)
2751_742,5727_20250601_114_0_3,114_0,0,38.70615005493164,-9.175680160522461,39,IN_TRANSIT_TO,2025-06-21 09:49:14,12110,2751,AG-12-TH,POINT (-9.175680160522461 38.70615005493164)
2438_726,4267_20250601_116_0_8,116_0,1,38.76679992675781,-9.20221996307373,0,IN_TRANSIT_TO,2025-06-21 09:49:35,,2438,44-BC-29,POINT (-9.20221996307373 38.76679992675781)
2825_728,4617_20250601_204_0_6,204_0,1,38.768550872802734,-9.101579666137695,8,IN_TRANSIT_TO,2025-06-21 09:49:12,7806,2825,BF-53-FZ,POINT (-9.101579666137695 38.768550872802734)
2276_726,4292_20250601_116_0_6,116_0,1,38.734230041503906,-9.133299827575684,32,IN_TRANSIT_TO,2025-06-21 09:49:44,505,2276,53-57-ZJ,POINT (-9.133299827575684 38.734230041503906)
2418_726,4314_20250601_116_0_6,116_0,1,38.74773025512695,-9.171199798583984,13,IN_TRANSIT_TO,2025-06-21 09:49:28,12710,2418,92-AO-54,POINT (-9.171199798583984 38.74773025512695)
2245_747,6095_20250601_177_0_10,177_0,0,38.767051696777344,-9.179349899291992,10,IN_TRANSIT_TO,2025-06-21 09:49:46,50021,2245,22-35-ZB,POINT (-9.179349899291992 38.767051696777344)
208_41B,19386_20250601_232_0_4,232_0,1,38.78403091430664,-9.163450241088867,7,IN_TRANSIT_TO,2025-06-09 10:47:59,5905,208,33-47-XH,POINT (-9.163450241088867 38.78403091430664)
2209_735,5183_20250601_172_0_8,172_0,1,38.73707962036133,-9.133950233459473,13,IN_TRANSIT_TO,2025-06-21 09:49:23,404,2209,01-68-XO,POINT (-9.133950233459473 38.73707962036133)
2225_742,5741_20250601_114_0_5,114_0,0,38.73400115966797,-9.135769844055176,18,IN_TRANSIT_TO,2025-06-21 09:49:29,518,2225,08-03-XS,POINT (-9.135769844055176 38.73400115966797)
2210_742,5755_20250601_114_0_7,114_0,0,38.725521087646484,-9.118729591369629,11,IN_TRANSIT_TO,2025-06-21 09:49:38,9802,2210,01-66-XO,POINT (-9.118729591369629 38.725521087646484)
2212_742,5680_20250601_114_0_4,114_0,1,38.734130859375,-9.154029846191406,34,IN_TRANSIT_TO,2025-06-21 09:49:22,1406,2212,08-05-XS,POINT (-9.154029846191406 38.734130859375)
2221_742,5662_20250601_114_0_6,114_0,1,38.73141860961914,-9.127269744873047,43,IN_TRANSIT_TO,2025-06-21 09:49:34,502,2221,07-95-XS,POINT (-9.127269744873047 38.73141860961914)
563_28E,14935_20250601_75_0_6,75_0,0,38.711299896240234,-9.13070011138916,7,IN_TRANSIT_TO,2025-06-21 09:49:29,13816,563,,POINT (-9.13070011138916 38.711299896240234)
561_24E,17843_20250601_213_0_9,213_0,1,38.71540069580078,-9.144920349121094,8,IN_TRANSIT_TO,2025-06-21 09:49:22,10604,561,,POINT (-9.144920349121094 38.71540069580078)
567_28E,15039_20250601_75_0_2,75_0,0,38.710880279541016,-9.150629997253418,18,IN_TRANSIT_TO,2025-06-21 09:49:32,9904,567,,POINT (-9.150629997253418 38.710880279541016)
565_28E,14909_20250601_75_0_6,75_0,0,38.714298248291016,-9.169449806213379,28,IN_TRANSIT_TO,2025-06-21 09:49:45,8017,565,,POINT (-9.169449806213379 38.714298248291016)
2835_728,4653_20250601_204_0_5,204_0,0,38.75828170776367,-9.096500396728516,39,IN_TRANSIT_TO,2025-06-21 09:49:28,50315,2835,BF-62-FZ,POINT (-9.096500396728516 38.75828170776367)
2267_758,6816_20250601_150_0_6,150_0,1,38.74728012084961,-9.189849853515625,7,IN_TRANSIT_TO,2025-06-21 09:49:41,10803,2267,76-86-ZG,POINT (-9.189849853515625 38.74728012084961)
